2.0
#
# http://equake-rc.info/static/paper/SRF-Description-Graves_2.0.pdf
# RECTANGULAR fault MODEL
#
# All subfaults are   7.0 km long along strike and
#   4.5 km wide along dip
#
# Model length along strike is   77.0 km
#
# Model width along dip is   22.5 km
#
# Corners of the rectangular dislocation model (lat, lon):
#     16.155   -59.510 : corner 1
#     16.728   -59.916 : corner 2
#     16.825   -59.767 : corner 3
#     16.252   -59.362 : corner 4
#
#
# Number of elementary sliprate
# isoceles triangular functions
# per subfault:   4
#
# Half duration of elementary sliprate
# isoceles triangular functions (s):   1.95
# Triangles are overlapping each other by half
#
# slip rate unit: cm/s
#
#
# Seismic moment is converted into slip
# using a single constant value for the
# shear modulus mu of  0.250E+12 dyne/cm2
# assumed to be constant and characteristic
# of the fault shear zone
#
#
#
# "rake" (degrees) is the slip angle (Aki"s convention,
# e.g. rake=+45 means left-lateral-reverse movement.
#
#
# ************************************************
# Total seismic moment M0=  0.900E+26 dyne.cm
# ************************************************
#
#
PLANE 1
 -59.71300    16.44150   11    5    77.000    22.500
325.85  31.81     0.099     0.000    15.753
POINTS   55
 -59.60920    16.50920     8.400  325.85  31.81  0.3150E+12    0.00   1.95  -1  -1  -106.43    67  4   0.0  0   0.0  0
      31.8         0.6         0.8         1.1
 -59.43211    16.32013    10.772  325.85  31.81  0.3150E+12    8.24   1.95  -1  -1  -111.92     4  4   0.0  0   0.0  0
       1.9         0.1         0.1         0.1
 -59.46896    16.37222    10.772  325.85  31.81  0.3150E+12    7.36   1.95  -1  -1  -100.77    26  4   0.0  0   0.0  0
       6.9         6.1         0.2         0.1
 -59.50581    16.42432    10.772  325.85  31.81  0.3150E+12    4.61   1.95  -1  -1  -102.60    38  4   0.0  0   0.0  0
      15.0         2.2         2.1         0.1
 -59.54266    16.47641    10.772  325.85  31.81  0.3150E+12    4.32   1.95  -1  -1  -104.28    46  4   0.0  0   0.0  0
       9.4         7.4         5.0         2.0
 -59.57952    16.52850    10.772  325.85  31.81  0.3150E+12    4.30   1.95  -1  -1   -90.21    36  4   0.0  0   0.0  0
      13.5         2.1         1.8         1.0
 -59.61637    16.58060    10.772  325.85  31.81  0.3150E+12    3.07   1.95  -1  -1   -97.64    16  4   0.0  0   0.0  0
       4.5         1.8         1.7         0.3
 -59.65322    16.63269    10.772  325.85  31.81  0.3150E+12    4.22   1.95  -1  -1  -108.24     3  4   0.0  0   0.0  0
       0.4         0.2         0.4         0.4
 -59.69007    16.68478    10.772  325.85  31.81  0.3150E+12    6.14   1.95  -1  -1  -168.72     0  4   0.0  0   0.0  0
       0.0         0.0         0.0         0.0
 -59.72693    16.73687    10.772  325.85  31.81  0.3150E+12    9.49   1.95  -1  -1  -152.20    10  4   0.0  0   0.0  0
       0.6         0.6         0.6         3.1
 -59.76378    16.78897    10.772  325.85  31.81  0.3150E+12   10.27   1.95  -1  -1  -167.63    19  4   0.0  0   0.0  0
       0.1         0.2         0.4         9.0
 -59.42493    16.24874     8.400  325.85  31.81  0.3150E+12   10.27   1.95  -1  -1  -121.90    18  4   0.0  0   0.0  0
       7.9         1.1         0.1         0.1
 -59.46179    16.30083     8.400  325.85  31.81  0.3150E+12    9.30   1.95  -1  -1  -119.12    20  4   0.0  0   0.0  0
       3.9         5.8         0.7         0.1
 -59.49864    16.35292     8.400  325.85  31.81  0.3150E+12    6.26   1.95  -1  -1  -106.84    31  4   0.0  0   0.0  0
       7.8         7.0         1.0         0.3
 -59.53549    16.40501     8.400  325.85  31.81  0.3150E+12    9.61   1.95  -1  -1  -110.36    35  4   0.0  0   0.0  0
       6.8         8.3         2.7         0.4
 -59.57235    16.45711     8.400  325.85  31.81  0.3150E+12    3.29   1.95  -1  -1   -97.69    49  4   0.0  0   0.0  0
      16.6         4.3         2.6         1.8
 -59.39525    16.26804    10.772  325.85  31.81  0.3150E+12   10.15   1.95  -1  -1  -100.86     1  4   0.0  0   0.0  0
       0.2         0.1         0.1         0.1
 -59.64605    16.56129     8.400  325.85  31.81  0.3150E+12    2.72   1.95  -1  -1   -86.57    20  4   0.0  0   0.0  0
       8.0         0.8         1.0         0.5
 -59.68291    16.61338     8.400  325.85  31.81  0.3150E+12    9.40   1.95  -1  -1  -129.49     9  4   0.0  0   0.0  0
       0.8         0.7         1.1         2.2
 -59.71976    16.66548     8.400  325.85  31.81  0.3150E+12    6.00   1.95  -1  -1  -168.72     0  4   0.0  0   0.0  0
       0.0         0.0         0.0         0.0
 -59.75661    16.71757     8.400  325.85  31.81  0.3150E+12    9.68   1.95  -1  -1  -141.87    15  4   0.0  0   0.0  0
       0.2         0.2         4.1         3.3
 -59.79346    16.76966     8.400  325.85  31.81  0.3150E+12   10.02   1.95  -1  -1  -147.03    10  4   0.0  0   0.0  0
       0.2         0.1         1.2         3.6
 -59.45462    16.22943     6.028  325.85  31.81  0.3150E+12   10.18   1.95  -1  -1  -111.67    15  4   0.0  0   0.0  0
       0.5         7.2         0.1         0.1
 -59.49147    16.28153     6.028  325.85  31.81  0.3150E+12    8.89   1.95  -1  -1  -121.44     7  4   0.0  0   0.0  0
       0.2         1.6         1.7         0.1
 -59.52832    16.33362     6.028  325.85  31.81  0.3150E+12    6.95   1.95  -1  -1  -112.64     7  4   0.0  0   0.0  0
       1.2         0.2         1.0         1.0
 -59.56518    16.38571     6.028  325.85  31.81  0.3150E+12    8.22   1.95  -1  -1  -113.46    18  4   0.0  0   0.0  0
       6.6         0.8         1.2         0.4
 -59.60203    16.43780     6.028  325.85  31.81  0.3150E+12    4.30   1.95  -1  -1  -104.51    19  4   0.0  0   0.0  0
       5.9         1.5         0.4         2.0
 -59.63888    16.48989     6.028  325.85  31.81  0.3150E+12    1.33   1.95  -1  -1   -98.17    45  4   0.0  0   0.0  0
      21.5         0.1         1.1         0.1
 -59.67574    16.54199     6.028  325.85  31.81  0.3150E+12    7.73   1.95  -1  -1  -105.59     6  4   0.0  0   0.0  0
       0.5         0.2         0.5         1.7
 -59.71259    16.59408     6.028  325.85  31.81  0.3150E+12    9.39   1.95  -1  -1  -112.14     2  4   0.0  0   0.0  0
       0.1         0.2         0.3         0.4
 -59.74944    16.64617     6.028  325.85  31.81  0.3150E+12    6.14   1.95  -1  -1  -168.72     0  4   0.0  0   0.0  0
       0.0         0.0         0.0         0.0
 -59.78629    16.69827     6.028  325.85  31.81  0.3150E+12    9.31   1.95  -1  -1  -144.11     4  4   0.0  0   0.0  0
       0.5         0.5         0.4         0.4
 -59.82315    16.75036     6.028  325.85  31.81  0.3150E+12   10.15   1.95  -1  -1  -126.41     1  4   0.0  0   0.0  0
       0.2         0.3         0.1         0.1
 -59.48430    16.21013     3.656  325.85  31.81  0.3150E+12   10.31   1.95  -1  -1  -111.59    23  4   0.0  0   0.0  0
       0.3         0.2        11.5         0.1
 -59.52115    16.26222     3.656  325.85  31.81  0.3150E+12    9.45   1.95  -1  -1  -114.98    25  4   0.0  0   0.0  0
       2.2         1.6         7.4         1.7
 -59.55801    16.31432     3.656  325.85  31.81  0.3150E+12    7.65   1.95  -1  -1  -116.21    22  4   0.0  0   0.0  0
       3.5         0.8         3.8         3.1
 -59.59486    16.36641     3.656  325.85  31.81  0.3150E+12    7.48   1.95  -1  -1  -104.18    31  4   0.0  0   0.0  0
      12.2         1.0         1.1         1.4
 -59.63171    16.41850     3.656  325.85  31.81  0.3150E+12    8.77   1.95  -1  -1  -105.59    30  4   0.0  0   0.0  0
       2.8         0.9         5.6         6.2
 -59.66856    16.47059     3.656  325.85  31.81  0.3150E+12    7.73   1.95  -1  -1  -102.47    37  4   0.0  0   0.0  0
       8.5         1.0         6.3         3.3
 -59.70542    16.52268     3.656  325.85  31.81  0.3150E+12    9.81   1.95  -1  -1  -111.29    14  4   0.0  0   0.0  0
       1.4         0.1         4.6         1.3
 -59.74227    16.57478     3.656  325.85  31.81  0.3150E+12    9.35   1.95  -1  -1  -119.35    12  4   0.0  0   0.0  0
       0.2         0.3         0.5         5.0
 -59.77913    16.62687     3.656  325.85  31.81  0.3150E+12    6.53   1.95  -1  -1  -168.72     0  4   0.0  0   0.0  0
       0.0         0.0         0.0         0.0
 -59.81598    16.67896     3.656  325.85  31.81  0.3150E+12    9.32   1.95  -1  -1  -125.49     6  4   0.0  0   0.0  0
       0.2         0.2         0.3         2.1
 -59.85283    16.73105     3.656  325.85  31.81  0.3150E+12   10.31   1.95  -1  -1  -131.98     3  4   0.0  0   0.0  0
       0.1         0.3         0.3         0.8
 -59.51398    16.19083     1.285  325.85  31.81  0.3150E+12   10.31   1.95  -1  -1  -110.71    22  4   0.0  0   0.0  0
       0.4         2.3         8.3         0.3
 -59.55083    16.24292     1.285  325.85  31.81  0.3150E+12    9.17   1.95  -1  -1  -115.46    30  4   0.0  0   0.0  0
       8.0         2.9         2.0         2.2
 -59.58769    16.29501     1.285  325.85  31.81  0.3150E+12    9.22   1.95  -1  -1  -109.25    43  4   0.0  0   0.0  0
      11.3         2.8         4.7         3.4
 -59.62454    16.34711     1.285  325.85  31.81  0.3150E+12    5.73   1.95  -1  -1   -95.41    62  4   0.0  0   0.0  0
      21.2         6.7         1.0         2.8
 -59.66140    16.39920     1.285  325.85  31.81  0.3150E+12    8.78   1.95  -1  -1  -111.11    49  4   0.0  0   0.0  0
       6.3         3.6         7.0         8.6
 -59.69825    16.45129     1.285  325.85  31.81  0.3150E+12    4.00   1.95  -1  -1  -112.85    41  4   0.0  0   0.0  0
      10.6         1.1         2.1         7.2
 -59.73510    16.50338     1.285  325.85  31.81  0.3150E+12    4.59   1.95  -1  -1  -103.28    55  4   0.0  0   0.0  0
      23.4         0.2         3.1         1.7
 -59.77195    16.55547     1.285  325.85  31.81  0.3150E+12    9.90   1.95  -1  -1  -117.08    21  4   0.0  0   0.0  0
       3.0         0.3         1.0         6.6
 -59.80881    16.60757     1.285  325.85  31.81  0.3150E+12    7.13   1.95  -1  -1  -168.72     0  4   0.0  0   0.0  0
       0.0         0.0         0.0         0.0
 -59.84566    16.65966     1.285  325.85  31.81  0.3150E+12    9.92   1.95  -1  -1  -139.28    14  4   0.0  0   0.0  0
       1.7         0.5         0.7         4.3
 -59.88251    16.71175     1.285  325.85  31.81  0.3150E+12   10.31   1.95  -1  -1  -138.03     3  4   0.0  0   0.0  0
       0.7         0.4         0.4         0.1
