2.0
#
# http://equake-rc.info/static/paper/SRF-Description-Graves_2.0.pdf
# RECTANGULAR fault MODEL
#
# All subfaults are   7.0 km long along strike and
#  13.0 km wide along dip
#
# Model length along strike is   63.0 km
#
# Model width along dip is   65.0 km
#
# Corners of the rectangular dislocation model (lat, lon):
#    -35.574   -70.894 : corner 1
#    -35.031   -70.703 : corner 2
#    -35.070   -70.537 : corner 3
#    -35.613   -70.728 : corner 4
#
#
# Number of elementary sliprate
# isoceles triangular functions
# per subfault:   4
#
# Half duration of elementary sliprate
# isoceles triangular functions (s):   1.81
# Triangles are overlapping each other by half
#
# slip rate unit: cm/s
#
#
# Seismic moment is converted into slip
# using a single constant value for the
# shear modulus mu of  0.250E+12 dyne/cm2
# assumed to be constant and characteristic
# of the fault shear zone
#
#
#
# "rake" (degrees) is the slip angle (Aki"s convention,
# e.g. rake=+45 means left-lateral-reverse movement.
#
#
# ************************************************
# Total seismic moment M0=  0.188E+26 dyne.cm
# ************************************************
#
#
PLANE 1
 -70.79850   -35.30250    9    5    63.000    65.000
 16.00  76.00    75.851     0.000    45.500
POINTS   45
 -70.68200   -35.33000   120.000   16.00  76.00  0.9100E+12    0.00   1.81  -1  -1  -104.37    60  4   0.0  0   0.0  0
      32.5         0.6         0.1         0.1
 -70.71239   -35.51876   132.614   16.00  76.00  0.9100E+12    7.06   1.81  -1  -1  -143.00     0  4   0.0  0   0.0  0
       0.0         0.0         0.0         0.0
 -70.69118   -35.45843   132.614   16.00  76.00  0.9100E+12    5.46   1.81  -1  -1  -143.00     0  4   0.0  0   0.0  0
       0.0         0.0         0.0         0.0
 -70.66998   -35.39810   132.614   16.00  76.00  0.9100E+12    8.50   1.81  -1  -1   -73.90     2  4   0.0  0   0.0  0
       0.1         0.1         0.1         0.9
 -70.64877   -35.33777   132.614   16.00  76.00  0.9100E+12    5.64   1.81  -1  -1   -85.87     2  4   0.0  0   0.0  0
       0.2         0.4         0.2         0.1
 -70.62757   -35.27745   132.614   16.00  76.00  0.9100E+12    8.38   1.81  -1  -1   -79.24     3  4   0.0  0   0.0  0
       0.7         0.3         0.2         0.3
 -70.60637   -35.21712   132.614   16.00  76.00  0.9100E+12    5.46   1.81  -1  -1  -143.00     0  4   0.0  0   0.0  0
       0.0         0.0         0.0         0.0
 -70.58517   -35.15679   132.614   16.00  76.00  0.9100E+12    7.06   1.81  -1  -1  -143.00     0  4   0.0  0   0.0  0
       0.0         0.0         0.0         0.0
 -70.56396   -35.09647   132.614   16.00  76.00  0.9100E+12    8.82   1.81  -1  -1  -143.00     0  4   0.0  0   0.0  0
       0.0         0.0         0.0         0.0
 -70.76682   -35.57131   120.000   16.00  76.00  0.9100E+12    8.00   1.81  -1  -1  -143.00     0  4   0.0  0   0.0  0
       0.0         0.0         0.0         0.0
 -70.74561   -35.51098   120.000   16.00  76.00  0.9100E+12    6.00   1.81  -1  -1  -143.00     0  4   0.0  0   0.0  0
       0.0         0.0         0.0         0.0
 -70.72440   -35.45066   120.000   16.00  76.00  0.9100E+12    4.00   1.81  -1  -1  -143.00     0  4   0.0  0   0.0  0
       0.0         0.0         0.0         0.0
 -70.70320   -35.39033   120.000   16.00  76.00  0.9100E+12    6.60   1.81  -1  -1   -92.40     1  4   0.0  0   0.0  0
       0.1         0.1         0.1         0.1
 -70.73359   -35.57908   132.614   16.00  76.00  0.9100E+12    8.82   1.81  -1  -1  -143.00     0  4   0.0  0   0.0  0
       0.0         0.0         0.0         0.0
 -70.66080   -35.26968   120.000   16.00  76.00  0.9100E+12    6.77   1.81  -1  -1  -127.01     2  4   0.0  0   0.0  0
       0.1         0.1         0.5         0.1
 -70.63960   -35.20935   120.000   16.00  76.00  0.9100E+12    4.00   1.81  -1  -1  -143.00     0  4   0.0  0   0.0  0
       0.0         0.0         0.0         0.0
 -70.61839   -35.14902   120.000   16.00  76.00  0.9100E+12    6.00   1.81  -1  -1  -143.00     0  4   0.0  0   0.0  0
       0.0         0.0         0.0         0.0
 -70.59718   -35.08869   120.000   16.00  76.00  0.9100E+12    8.00   1.81  -1  -1  -143.00     0  4   0.0  0   0.0  0
       0.0         0.0         0.0         0.0
 -70.80003   -35.56354   107.386   16.00  76.00  0.9100E+12    8.82   1.81  -1  -1  -143.00     0  4   0.0  0   0.0  0
       0.0         0.0         0.0         0.0
 -70.77883   -35.50321   107.386   16.00  76.00  0.9100E+12    7.06   1.81  -1  -1  -143.00     0  4   0.0  0   0.0  0
       0.0         0.0         0.0         0.0
 -70.75763   -35.44288   107.386   16.00  76.00  0.9100E+12    5.46   1.81  -1  -1  -143.00     0  4   0.0  0   0.0  0
       0.0         0.0         0.0         0.0
 -70.73643   -35.38256   107.386   16.00  76.00  0.9100E+12    8.44   1.81  -1  -1   -86.49     2  4   0.0  0   0.0  0
       0.5         0.1         0.1         0.6
 -70.71523   -35.32223   107.386   16.00  76.00  0.9100E+12    4.22   1.81  -1  -1  -119.75     1  4   0.0  0   0.0  0
       0.2         0.1         0.1         0.1
 -70.69402   -35.26190   107.386   16.00  76.00  0.9100E+12    4.66   1.81  -1  -1   -86.21     1  4   0.0  0   0.0  0
       0.1         0.3         0.1         0.2
 -70.67281   -35.20158   107.386   16.00  76.00  0.9100E+12    5.46   1.81  -1  -1  -143.00     0  4   0.0  0   0.0  0
       0.0         0.0         0.0         0.0
 -70.65161   -35.14125   107.386   16.00  76.00  0.9100E+12    7.06   1.81  -1  -1  -143.00     0  4   0.0  0   0.0  0
       0.0         0.0         0.0         0.0
 -70.63041   -35.08092   107.386   16.00  76.00  0.9100E+12    8.82   1.81  -1  -1  -143.00     0  4   0.0  0   0.0  0
       0.0         0.0         0.0         0.0
 -70.83326   -35.55577    94.772   16.00  76.00  0.9100E+12    9.14   1.81  -1  -1  -143.00     0  4   0.0  0   0.0  0
       0.0         0.0         0.0         0.0
 -70.81206   -35.49544    94.772   16.00  76.00  0.9100E+12    9.14   1.81  -1  -1  -143.00     0  4   0.0  0   0.0  0
       0.0         0.0         0.0         0.0
 -70.79085   -35.43511    94.772   16.00  76.00  0.9100E+12    8.44   1.81  -1  -1  -143.00     0  4   0.0  0   0.0  0
       0.0         0.0         0.0         0.0
 -70.76965   -35.37479    94.772   16.00  76.00  0.9100E+12    8.84   1.81  -1  -1   -90.81     1  4   0.0  0   0.0  0
       0.1         0.1         0.1         0.1
 -70.74844   -35.31446    94.772   16.00  76.00  0.9100E+12    8.84   1.81  -1  -1   -73.16     1  4   0.0  0   0.0  0
       0.1         0.1         0.1         0.1
 -70.72724   -35.25413    94.772   16.00  76.00  0.9100E+12    8.00   1.81  -1  -1  -101.47     1  4   0.0  0   0.0  0
       0.1         0.1         0.1         0.1
 -70.70604   -35.19380    94.772   16.00  76.00  0.9100E+12    8.44   1.81  -1  -1  -143.00     0  4   0.0  0   0.0  0
       0.0         0.0         0.0         0.0
 -70.68484   -35.13348    94.772   16.00  76.00  0.9100E+12    9.14   1.81  -1  -1  -143.00     0  4   0.0  0   0.0  0
       0.0         0.0         0.0         0.0
 -70.66363   -35.07315    94.772   16.00  76.00  0.9100E+12    9.14   1.81  -1  -1  -143.00     0  4   0.0  0   0.0  0
       0.0         0.0         0.0         0.0
 -70.86648   -35.54799    82.158   16.00  76.00  0.9100E+12    9.14   1.81  -1  -1  -143.00     0  4   0.0  0   0.0  0
       0.0         0.0         0.0         0.0
 -70.84528   -35.48767    82.158   16.00  76.00  0.9100E+12    9.14   1.81  -1  -1  -143.00     0  4   0.0  0   0.0  0
       0.0         0.0         0.0         0.0
 -70.82407   -35.42734    82.158   16.00  76.00  0.9100E+12    9.14   1.81  -1  -1  -143.00     0  4   0.0  0   0.0  0
       0.0         0.0         0.0         0.0
 -70.80287   -35.36701    82.158   16.00  76.00  0.9100E+12    9.14   1.81  -1  -1  -142.36     5  4   0.0  0   0.0  0
       2.7         0.1         0.1         0.1
 -70.78167   -35.30669    82.158   16.00  76.00  0.9100E+12    9.14   1.81  -1  -1  -108.54     1  4   0.0  0   0.0  0
       0.2         0.1         0.1         0.1
 -70.76046   -35.24636    82.158   16.00  76.00  0.9100E+12    9.14   1.81  -1  -1  -137.78     2  4   0.0  0   0.0  0
       0.1         0.6         0.1         0.1
 -70.73926   -35.18603    82.158   16.00  76.00  0.9100E+12    9.14   1.81  -1  -1  -143.00     0  4   0.0  0   0.0  0
       0.0         0.0         0.0         0.0
 -70.71806   -35.12571    82.158   16.00  76.00  0.9100E+12    9.14   1.81  -1  -1  -143.00     0  4   0.0  0   0.0  0
       0.0         0.0         0.0         0.0
 -70.69685   -35.06538    82.158   16.00  76.00  0.9100E+12    9.14   1.81  -1  -1  -143.00     0  4   0.0  0   0.0  0
       0.0         0.0         0.0         0.0
