2.0
#
# http://equake-rc.info/static/paper/SRF-Description-Graves_2.0.pdf
# RECTANGULAR fault MODEL
#
# All subfaults are   8.0 km long along strike and
#  14.0 km wide along dip
#
# Model length along strike is   88.0 km
#
# Model width along dip is   70.0 km
#
# Corners of the rectangular dislocation model (lat, lon):
#    -46.991   165.584 : corner 1
#    -46.226   165.865 : corner 2
#    -46.373   166.717 : corner 3
#    -47.138   166.436 : corner 4
#
#
# Number of elementary sliprate
# isoceles triangular functions
# per subfault:   4
#
# Half duration of elementary sliprate
# isoceles triangular functions (s):   2.27
# Triangles are overlapping each other by half
#
# slip rate unit: cm/s
#
#
# Seismic moment is converted into slip
# using a single constant value for the
# shear modulus mu of  0.250E+12 dyne/cm2
# assumed to be constant and characteristic
# of the fault shear zone
#
#
#
# "rake" (degrees) is the slip angle (Aki"s convention,
# e.g. rake=+45 means left-lateral-reverse movement.
#
#
# ************************************************
# Total seismic moment M0=  0.699E+26 dyne.cm
# ************************************************
#
#
PLANE 1
 165.72450   -46.60850   11    5    88.000    70.000
 14.15  16.08     9.782     0.000    21.000
POINTS   55
 165.98019   -46.65250    15.600   14.15  16.08  0.1120E+13    0.00   2.27  -1  -1   164.10    59  4   0.0  0   0.0  0
      20.3         0.1         4.7         0.7
 166.38887   -47.01897    27.236   14.15  16.08  0.1120E+13   12.04   2.27  -1  -1    74.17     0  4   0.0  0   0.0  0
       0.0         0.0         0.0         0.0
 166.41441   -46.94946    27.236   14.15  16.08  0.1120E+13   12.04   2.27  -1  -1    74.17     0  4   0.0  0   0.0  0
       0.0         0.0         0.0         0.0
 166.43996   -46.87995    27.236   14.15  16.08  0.1120E+13   12.04   2.27  -1  -1    74.17     0  4   0.0  0   0.0  0
       0.0         0.0         0.0         0.0
 166.46548   -46.81044    27.236   14.15  16.08  0.1120E+13   12.04   2.27  -1  -1    74.30    16  4   0.0  0   0.0  0
       6.9         0.1         0.1         0.1
 166.49103   -46.74092    27.236   14.15  16.08  0.1120E+13   12.03   2.27  -1  -1    74.25    19  4   0.0  0   0.0  0
       8.3         0.1         0.1         0.1
 166.51656   -46.67142    27.236   14.15  16.08  0.1120E+13   12.04   2.27  -1  -1    74.26     9  4   0.0  0   0.0  0
       1.4         0.1         0.1         2.2
 166.54210   -46.60191    27.236   14.15  16.08  0.1120E+13   12.04   2.27  -1  -1   134.29     8  4   0.0  0   0.0  0
       3.3         0.1         0.1         0.1
 166.56764   -46.53239    27.236   14.15  16.08  0.1120E+13   12.04   2.27  -1  -1    88.31    20  4   0.0  0   0.0  0
       8.7         0.1         0.1         0.1
 166.59317   -46.46288    27.236   14.15  16.08  0.1120E+13   12.04   2.27  -1  -1    74.17     0  4   0.0  0   0.0  0
       0.0         0.0         0.0         0.0
 166.61871   -46.39337    27.236   14.15  16.08  0.1120E+13   12.04   2.27  -1  -1    74.17     0  4   0.0  0   0.0  0
       0.0         0.0         0.0         0.0
 166.19307   -47.05901    23.358   14.15  16.08  0.1120E+13   12.04   2.27  -1  -1    74.17     0  4   0.0  0   0.0  0
       0.0         0.0         0.0         0.0
 166.21860   -46.98949    23.358   14.15  16.08  0.1120E+13   12.04   2.27  -1  -1    74.17     0  4   0.0  0   0.0  0
       0.0         0.0         0.0         0.0
 166.24414   -46.91998    23.358   14.15  16.08  0.1120E+13   10.54   2.27  -1  -1    74.17     0  4   0.0  0   0.0  0
       0.0         0.0         0.0         0.0
 166.26967   -46.85047    23.358   14.15  16.08  0.1120E+13    9.21   2.27  -1  -1    74.17     0  4   0.0  0   0.0  0
       0.0         0.0         0.0         0.0
 166.29521   -46.78096    23.358   14.15  16.08  0.1120E+13   11.80   2.27  -1  -1    74.30     5  4   0.0  0   0.0  0
       0.1         0.1         0.1         1.7
 166.32076   -46.71145    23.358   14.15  16.08  0.1120E+13   11.35   2.27  -1  -1    74.25     6  4   0.0  0   0.0  0
       0.1         0.1         0.1         2.4
 166.34628   -46.64194    23.358   14.15  16.08  0.1120E+13   11.91   2.27  -1  -1    74.30     1  4   0.0  0   0.0  0
       0.1         0.1         0.1         0.1
 166.37183   -46.57243    23.358   14.15  16.08  0.1120E+13   11.15   2.27  -1  -1   127.42     1  4   0.0  0   0.0  0
       0.1         0.1         0.1         0.1
 166.39735   -46.50292    23.358   14.15  16.08  0.1120E+13   11.15   2.27  -1  -1   163.24     1  4   0.0  0   0.0  0
       0.1         0.1         0.1         0.1
 166.42290   -46.43341    23.358   14.15  16.08  0.1120E+13   12.04   2.27  -1  -1    74.17     0  4   0.0  0   0.0  0
       0.0         0.0         0.0         0.0
 166.44844   -46.36390    23.358   14.15  16.08  0.1120E+13   12.04   2.27  -1  -1    74.17     0  4   0.0  0   0.0  0
       0.0         0.0         0.0         0.0
 166.02278   -47.02953    19.479   14.15  16.08  0.1120E+13   12.04   2.27  -1  -1    74.17     0  4   0.0  0   0.0  0
       0.0         0.0         0.0         0.0
 166.04832   -46.96002    19.479   14.15  16.08  0.1120E+13    9.98   2.27  -1  -1    74.17     0  4   0.0  0   0.0  0
       0.0         0.0         0.0         0.0
 166.07385   -46.89051    19.479   14.15  16.08  0.1120E+13    7.94   2.27  -1  -1    74.17     0  4   0.0  0   0.0  0
       0.0         0.0         0.0         0.0
 166.09940   -46.82100    19.479   14.15  16.08  0.1120E+13    6.07   2.27  -1  -1    74.17     0  4   0.0  0   0.0  0
       0.0         0.0         0.0         0.0
 166.12494   -46.75149    19.479   14.15  16.08  0.1120E+13    9.38   2.27  -1  -1    75.00     1  4   0.0  0   0.0  0
       0.1         0.1         0.1         0.2
 166.15047   -46.68198    19.479   14.15  16.08  0.1120E+13    9.39   2.27  -1  -1   109.93     1  4   0.0  0   0.0  0
       0.1         0.1         0.1         0.1
 166.17601   -46.61246    19.479   14.15  16.08  0.1120E+13    4.63   2.27  -1  -1   162.49    10  4   0.0  0   0.0  0
       4.0         0.1         0.3         0.1
 166.20154   -46.54295    19.479   14.15  16.08  0.1120E+13    6.18   2.27  -1  -1   143.67    19  4   0.0  0   0.0  0
       7.4         0.2         0.1         0.6
 166.22708   -46.47344    19.479   14.15  16.08  0.1120E+13    8.90   2.27  -1  -1   163.75     8  4   0.0  0   0.0  0
       1.8         0.1         1.6         0.2
 166.25262   -46.40393    19.479   14.15  16.08  0.1120E+13    9.98   2.27  -1  -1    74.17     0  4   0.0  0   0.0  0
       0.0         0.0         0.0         0.0
 166.27815   -46.33442    19.479   14.15  16.08  0.1120E+13   12.04   2.27  -1  -1    74.17     0  4   0.0  0   0.0  0
       0.0         0.0         0.0         0.0
 165.85251   -47.00005    15.600   14.15  16.08  0.1120E+13   11.43   2.27  -1  -1    74.17     0  4   0.0  0   0.0  0
       0.0         0.0         0.0         0.0
 165.87805   -46.93054    15.600   14.15  16.08  0.1120E+13    9.14   2.27  -1  -1    74.17     0  4   0.0  0   0.0  0
       0.0         0.0         0.0         0.0
 165.90358   -46.86103    15.600   14.15  16.08  0.1120E+13    6.86   2.27  -1  -1    74.17     0  4   0.0  0   0.0  0
       0.0         0.0         0.0         0.0
 165.92912   -46.79152    15.600   14.15  16.08  0.1120E+13    4.57   2.27  -1  -1    74.17     0  4   0.0  0   0.0  0
       0.0         0.0         0.0         0.0
 165.95465   -46.72201    15.600   14.15  16.08  0.1120E+13    2.90   2.27  -1  -1   146.05    18  4   0.0  0   0.0  0
       7.7         0.1         0.1         0.1
 166.36334   -47.08848    27.236   14.15  16.08  0.1120E+13   12.04   2.27  -1  -1    74.17     0  4   0.0  0   0.0  0
       0.0         0.0         0.0         0.0
 166.00574   -46.58299    15.600   14.15  16.08  0.1120E+13    5.52   2.27  -1  -1   163.67    12  4   0.0  0   0.0  0
       2.1         1.0         2.3         0.1
 166.03127   -46.51348    15.600   14.15  16.08  0.1120E+13    7.36   2.27  -1  -1   146.01     7  4   0.0  0   0.0  0
       0.2         1.2         1.4         0.5
 166.05681   -46.44397    15.600   14.15  16.08  0.1120E+13   10.64   2.27  -1  -1   164.10    11  4   0.0  0   0.0  0
       0.1         2.4         2.0         0.4
 166.08234   -46.37446    15.600   14.15  16.08  0.1120E+13    9.14   2.27  -1  -1    74.17     0  4   0.0  0   0.0  0
       0.0         0.0         0.0         0.0
 166.10788   -46.30495    15.600   14.15  16.08  0.1120E+13   11.43   2.27  -1  -1    74.17     0  4   0.0  0   0.0  0
       0.0         0.0         0.0         0.0
 165.68224   -46.97058    11.721   14.15  16.08  0.1120E+13   12.04   2.27  -1  -1    74.17     0  4   0.0  0   0.0  0
       0.0         0.0         0.0         0.0
 165.70776   -46.90107    11.721   14.15  16.08  0.1120E+13    9.98   2.27  -1  -1    74.17     0  4   0.0  0   0.0  0
       0.0         0.0         0.0         0.0
 165.73331   -46.83156    11.721   14.15  16.08  0.1120E+13    7.94   2.27  -1  -1    74.17     0  4   0.0  0   0.0  0
       0.0         0.0         0.0         0.0
 165.75885   -46.76205    11.721   14.15  16.08  0.1120E+13    6.07   2.27  -1  -1    74.17     0  4   0.0  0   0.0  0
       0.0         0.0         0.0         0.0
 165.78438   -46.69254    11.721   14.15  16.08  0.1120E+13   11.99   2.27  -1  -1    75.90     5  4   0.0  0   0.0  0
       0.1         0.1         0.1         2.0
 165.80992   -46.62302    11.721   14.15  16.08  0.1120E+13    5.69   2.27  -1  -1   146.58     1  4   0.0  0   0.0  0
       0.1         0.2         0.1         0.1
 165.83545   -46.55351    11.721   14.15  16.08  0.1120E+13    5.70   2.27  -1  -1   146.92     3  4   0.0  0   0.0  0
       0.4         0.5         0.2         0.2
 165.86099   -46.48400    11.721   14.15  16.08  0.1120E+13    6.71   2.27  -1  -1   159.37     4  4   0.0  0   0.0  0
       0.2         1.0         0.2         0.4
 165.88654   -46.41449    11.721   14.15  16.08  0.1120E+13   10.69   2.27  -1  -1   163.64     4  4   0.0  0   0.0  0
       0.9         0.2         0.4         0.3
 165.91206   -46.34498    11.721   14.15  16.08  0.1120E+13    9.98   2.27  -1  -1    74.17     0  4   0.0  0   0.0  0
       0.0         0.0         0.0         0.0
 165.93761   -46.27547    11.721   14.15  16.08  0.1120E+13   12.04   2.27  -1  -1    74.17     0  4   0.0  0   0.0  0
       0.0         0.0         0.0         0.0
