2.0
#
# http://equake-rc.info/static/paper/SRF-Description-Graves_2.0.pdf
# RECTANGULAR fault MODEL
#
# All subfaults are   5.0 km long along strike and
#   8.1 km wide along dip
#
# Model length along strike is   45.0 km
#
# Model width along dip is   40.5 km
#
# Corners of the rectangular dislocation model (lat, lon):
#      6.200   -82.884 : corner 1
#      6.197   -82.477 : corner 2
#      6.131   -82.478 : corner 3
#      6.134   -82.884 : corner 4
#
#
# Number of elementary sliprate
# isoceles triangular functions
# per subfault:   4
#
# Half duration of elementary sliprate
# isoceles triangular functions (s):   1.55
# Triangles are overlapping each other by half
#
# slip rate unit: cm/s
#
#
# Seismic moment is converted into slip
# using a single constant value for the
# shear modulus mu of  0.250E+12 dyne/cm2
# assumed to be constant and characteristic
# of the fault shear zone
#
#
#
# "rake" (degrees) is the slip angle (Aki"s convention,
# e.g. rake=+45 means left-lateral-reverse movement.
#
#
# ************************************************
# Total seismic moment M0=  0.224E+26 dyne.cm
# ************************************************
#
#
PLANE 1
 -82.68050     6.19850    9    5    45.000    40.500
 90.44  79.54     0.051     0.000    12.151
POINTS   45
 -82.68070     6.17850    12.000   90.44  79.54  0.4050E+12    0.00   1.55  -1  -1     4.53    39  4   0.0  0   0.0  0
      17.2         7.7         0.1         0.1
 -82.81659     6.13990    35.897   90.44  79.54  0.4050E+12    7.19   1.55  -1  -1    63.01    18  4   0.0  0   0.0  0
       0.1         0.1         0.1        11.5
 -82.77139     6.13956    35.897   90.44  79.54  0.4050E+12    7.19   1.55  -1  -1    45.05     7  4   0.0  0   0.0  0
       0.1         0.1         0.1         4.3
 -82.72620     6.13922    35.897   90.44  79.54  0.4050E+12    7.14   1.55  -1  -1    33.74     5  4   0.0  0   0.0  0
       0.1         0.1         0.0         3.2
 -82.68101     6.13887    35.897   90.44  79.54  0.4050E+12    7.15   1.55  -1  -1    29.96     8  4   0.0  0   0.0  0
       0.1         0.1         0.1         5.2
 -82.63581     6.13853    35.897   90.44  79.54  0.4050E+12    7.12   1.55  -1  -1    11.74     6  4   0.0  0   0.0  0
       0.1         0.1         0.1         3.5
 -82.59061     6.13819    35.897   90.44  79.54  0.4050E+12    7.19   1.55  -1  -1     6.57     6  4   0.0  0   0.0  0
       0.3         0.1         0.3         2.9
 -82.54543     6.13784    35.897   90.44  79.54  0.4050E+12    7.19   1.55  -1  -1     0.48    13  4   0.0  0   0.0  0
       1.0         0.1         1.0         6.2
 -82.50023     6.13750    35.897   90.44  79.54  0.4050E+12    7.19   1.55  -1  -1    -5.60    26  4   0.0  0   0.0  0
       1.5         0.1         0.5        14.7
 -82.86169     6.15345    27.931   90.44  79.54  0.4050E+12    7.19   1.55  -1  -1   -26.68     0  4   0.0  0   0.0  0
       0.0         0.0         0.0         0.0
 -82.81649     6.15311    27.931   90.44  79.54  0.4050E+12    7.03   1.55  -1  -1    26.00     0  4   0.0  0   0.0  0
       0.1         0.1         0.0         0.1
 -82.77129     6.15277    27.931   90.44  79.54  0.4050E+12    5.55   1.55  -1  -1   -20.59     0  4   0.0  0   0.0  0
       0.1         0.1         0.1         0.1
 -82.72610     6.15242    27.931   90.44  79.54  0.4050E+12    5.12   1.55  -1  -1    -1.34     0  4   0.0  0   0.0  0
       0.0         0.1         0.1         0.1
 -82.68091     6.15208    27.931   90.44  79.54  0.4050E+12    5.18   1.55  -1  -1   -18.19     1  4   0.0  0   0.0  0
       0.1         0.1         0.1         0.1
 -82.63571     6.15174    27.931   90.44  79.54  0.4050E+12    5.39   1.55  -1  -1     4.07     1  4   0.0  0   0.0  0
       0.2         0.0         0.1         0.1
 -82.59052     6.15140    27.931   90.44  79.54  0.4050E+12    5.55   1.55  -1  -1     0.30     3  4   0.0  0   0.0  0
       1.6         0.1         0.1         0.1
 -82.54532     6.15105    27.931   90.44  79.54  0.4050E+12    6.71   1.55  -1  -1     0.08     1  4   0.0  0   0.0  0
       0.1         0.1         0.1         0.2
 -82.50013     6.15071    27.931   90.44  79.54  0.4050E+12    7.19   1.55  -1  -1     9.77     2  4   0.0  0   0.0  0
       0.2         0.1         0.1         0.7
 -82.86158     6.16666    19.966   90.44  79.54  0.4050E+12    6.17   1.55  -1  -1   -26.68     0  4   0.0  0   0.0  0
       0.0         0.0         0.0         0.0
 -82.81639     6.16632    19.966   90.44  79.54  0.4050E+12    5.42   1.55  -1  -1    30.89     0  4   0.0  0   0.0  0
       0.1         0.1         0.1         0.0
 -82.77119     6.16598    19.966   90.44  79.54  0.4050E+12    3.87   1.55  -1  -1    -4.57     0  4   0.0  0   0.0  0
       0.1         0.1         0.1         0.1
 -82.72600     6.16563    19.966   90.44  79.54  0.4050E+12    2.74   1.55  -1  -1   -10.84    11  4   0.0  0   0.0  0
       6.9         0.1         0.1         0.1
 -82.68080     6.16529    19.966   90.44  79.54  0.4050E+12    2.35   1.55  -1  -1   -16.60    21  4   0.0  0   0.0  0
      13.5         0.1         0.1         0.1
 -82.63561     6.16495    19.966   90.44  79.54  0.4050E+12    5.33   1.55  -1  -1    57.48     2  4   0.0  0   0.0  0
       1.0         0.1         0.1         0.1
 -82.59042     6.16460    19.966   90.44  79.54  0.4050E+12    7.12   1.55  -1  -1    57.85     3  4   0.0  0   0.0  0
       0.5         1.3         0.1         0.1
 -82.54522     6.16426    19.966   90.44  79.54  0.4050E+12    5.09   1.55  -1  -1    44.60    14  4   0.0  0   0.0  0
       8.7         0.1         0.1         0.1
 -82.50002     6.16392    19.966   90.44  79.54  0.4050E+12    6.88   1.55  -1  -1    51.95     1  4   0.0  0   0.0  0
       0.2         0.1         0.1         0.1
 -82.86148     6.17987    12.000   90.44  79.54  0.4050E+12    5.71   1.55  -1  -1   -26.68     0  4   0.0  0   0.0  0
       0.0         0.0         0.0         0.0
 -82.81628     6.17953    12.000   90.44  79.54  0.4050E+12    5.48   1.55  -1  -1    56.30     0  4   0.0  0   0.0  0
       0.1         0.1         0.1         0.1
 -82.77109     6.17919    12.000   90.44  79.54  0.4050E+12    4.00   1.55  -1  -1    57.05     0  4   0.0  0   0.0  0
       0.1         0.1         0.1         0.1
 -82.72590     6.17884    12.000   90.44  79.54  0.4050E+12    1.52   1.55  -1  -1     0.21    16  4   0.0  0   0.0  0
      10.4         0.1         0.1         0.1
 -82.86179     6.14024    35.897   90.44  79.54  0.4050E+12    7.19   1.55  -1  -1   -26.68     0  4   0.0  0   0.0  0
       0.0         0.0         0.0         0.0
 -82.63551     6.17816    12.000   90.44  79.54  0.4050E+12    2.29   1.55  -1  -1    39.50     5  4   0.0  0   0.0  0
       2.9         0.1         0.1         0.1
 -82.59032     6.17781    12.000   90.44  79.54  0.4050E+12    6.54   1.55  -1  -1    48.66     2  4   0.0  0   0.0  0
       0.2         0.7         0.1         0.1
 -82.54512     6.17747    12.000   90.44  79.54  0.4050E+12    4.98   1.55  -1  -1    41.94     5  4   0.0  0   0.0  0
       3.2         0.1         0.1         0.1
 -82.49992     6.17713    12.000   90.44  79.54  0.4050E+12    6.48   1.55  -1  -1    45.99     1  4   0.0  0   0.0  0
       0.3         0.1         0.1         0.1
 -82.86138     6.19308     4.034   90.44  79.54  0.4050E+12    6.17   1.55  -1  -1   -26.68     0  4   0.0  0   0.0  0
       0.0         0.0         0.0         0.0
 -82.81618     6.19274     4.034   90.44  79.54  0.4050E+12    7.18   1.55  -1  -1    54.63     0  4   0.0  0   0.0  0
       0.1         0.0         0.1         0.1
 -82.77099     6.19240     4.034   90.44  79.54  0.4050E+12    7.12   1.55  -1  -1    55.50     1  4   0.0  0   0.0  0
       0.1         0.1         0.1         0.1
 -82.72579     6.19205     4.034   90.44  79.54  0.4050E+12    6.84   1.55  -1  -1    54.43     0  4   0.0  0   0.0  0
       0.1         0.1         0.1         0.1
 -82.68060     6.19171     4.034   90.44  79.54  0.4050E+12    6.93   1.55  -1  -1    61.23     1  4   0.0  0   0.0  0
       0.1         0.1         0.1         0.1
 -82.63541     6.19137     4.034   90.44  79.54  0.4050E+12    5.72   1.55  -1  -1    59.36     0  4   0.0  0   0.0  0
       0.1         0.1         0.1         0.1
 -82.59021     6.19102     4.034   90.44  79.54  0.4050E+12    6.94   1.55  -1  -1    46.87     0  4   0.0  0   0.0  0
       0.1         0.1         0.1         0.1
 -82.54501     6.19068     4.034   90.44  79.54  0.4050E+12    6.53   1.55  -1  -1    58.78     0  4   0.0  0   0.0  0
       0.1         0.1         0.1         0.1
 -82.49982     6.19034     4.034   90.44  79.54  0.4050E+12    6.24   1.55  -1  -1    53.09     0  4   0.0  0   0.0  0
       0.1         0.1         0.1         0.1
