2.0
#
# http://equake-rc.info/static/paper/SRF-Description-Graves_2.0.pdf
# RECTANGULAR fault MODEL
#
# All subfaults are  97.0 km long along strike and
#  15.2 km wide along dip
#
# Model length along strike is 2037.0 km
#
# Model width along dip is   76.0 km
#
# Corners of the rectangular dislocation model (lat, lon):
#     30.019   137.348 : corner 1
#     46.619   147.277 : corner 2
#     46.575   147.398 : corner 3
#     29.975   137.469 : corner 4
#
#
# Number of elementary sliprate
# isoceles triangular functions
# per subfault:   4
#
# Half duration of elementary sliprate
# isoceles triangular functions (s):  14.35
# Triangles are overlapping each other by half
#
# slip rate unit: cm/s
#
#
# Seismic moment is converted into slip
# using a single constant value for the
# shear modulus mu of  0.250E+12 dyne/cm2
# assumed to be constant and characteristic
# of the fault shear zone
#
#
#
# "rake" (degrees) is the slip angle (Aki"s convention,
# e.g. rake=+45 means left-lateral-reverse movement.
#
#
# ************************************************
# Total seismic moment M0=  0.302E+30 dyne.cm
# ************************************************
#
#
PLANE 1
 142.31250    38.31900   21    5  2037.000    76.000
 25.15  81.20     0.148     0.000    38.000
POINTS  105
 142.37300    38.29700    37.700   25.15  81.20  0.1474E+14    0.00  14.35  -1  -1    58.22  1588  4   0.0  0   0.0  0
      21.2        12.6        22.2        54.7
 138.16612    31.16473    67.742   25.15  81.20  0.1474E+14  209.96  14.35  -1  -1    58.01   391  4   0.0  0   0.0  0
       5.6        13.4         0.6         7.7
 138.63892    31.95523    67.742   25.15  81.20  0.1474E+14  209.96  14.35  -1  -1    67.56   409  4   0.0  0   0.0  0
      17.3         2.9         0.9         7.3
 139.11172    32.74573    67.742   25.15  81.20  0.1474E+14  205.35  14.35  -1  -1    63.05   500  4   0.0  0   0.0  0
      15.3         3.8         9.7         6.0
 139.58452    33.53622    67.742   25.15  81.20  0.1474E+14  208.21  14.35  -1  -1    87.41   563  4   0.0  0   0.0  0
      13.0         2.6         3.2        20.5
 140.05731    34.32672    67.742   25.15  81.20  0.1474E+14  208.03  14.35  -1  -1   110.97   806  4   0.0  0   0.0  0
      12.5         9.8        14.4        19.5
 140.53011    35.11722    67.742   25.15  81.20  0.1474E+14  183.72  14.35  -1  -1    82.95  1029  4   0.0  0   0.0  0
      16.0        14.5        20.1        21.1
 141.00291    35.90771    67.742   25.15  81.20  0.1474E+14  127.33  14.35  -1  -1    90.16  1203  4   0.0  0   0.0  0
      12.9        18.5        18.9        33.6
 141.47571    36.69821    67.742   25.15  81.20  0.1474E+14  118.25  14.35  -1  -1   108.60  1218  4   0.0  0   0.0  0
       7.7        25.0        28.6        23.6
 141.94850    37.48871    67.742   25.15  81.20  0.1474E+14   34.80  14.35  -1  -1    99.73  1220  4   0.0  0   0.0  0
      36.3         5.6        21.4        21.7
 142.42131    38.27921    67.742   25.15  81.20  0.1474E+14   23.93  14.35  -1  -1   124.14  1215  4   0.0  0   0.0  0
      44.3         3.3         0.5        36.5
 142.89410    39.06970    67.742   25.15  81.20  0.1474E+14   79.36  14.35  -1  -1    70.00  1115  4   0.0  0   0.0  0
      24.7        18.1        17.0        17.9
 143.36690    39.86020    67.742   25.15  81.20  0.1474E+14  158.90  14.35  -1  -1   102.56   875  4   0.0  0   0.0  0
      18.9         9.6        14.8        17.7
 143.83969    40.65070    67.742   25.15  81.20  0.1474E+14  128.50  14.35  -1  -1    96.25   849  4   0.0  0   0.0  0
       8.9         7.8        19.1        23.4
 144.31250    41.44119    67.742   25.15  81.20  0.1474E+14  123.62  14.35  -1  -1   109.29   905  4   0.0  0   0.0  0
      23.9        17.5        11.5        10.2
 144.78529    42.23169    67.742   25.15  81.20  0.1474E+14  153.58  14.35  -1  -1   105.92   771  4   0.0  0   0.0  0
      11.5        17.3        17.5         7.5
 145.25809    43.02219    67.742   25.15  81.20  0.1474E+14  166.51  14.35  -1  -1    46.89     0  4   0.0  0   0.0  0
       0.0         0.0         0.0         0.0
 145.73090    43.81268    67.742   25.15  81.20  0.1474E+14  194.19  14.35  -1  -1    46.89     0  4   0.0  0   0.0  0
       0.0         0.0         0.0         0.0
 146.20369    44.60318    67.742   25.15  81.20  0.1474E+14  209.96  14.35  -1  -1    46.89     0  4   0.0  0   0.0  0
       0.0         0.0         0.0         0.0
 146.67648    45.39368    67.742   25.15  81.20  0.1474E+14  209.96  14.35  -1  -1    46.89     0  4   0.0  0   0.0  0
       0.0         0.0         0.0         0.0
 147.14929    46.18417    67.742   25.15  81.20  0.1474E+14  209.96  14.35  -1  -1    46.89     0  4   0.0  0   0.0  0
       0.0         0.0         0.0         0.0
 137.66917    30.38313    52.721   25.15  81.20  0.1474E+14  209.96  14.35  -1  -1    58.14   354  4   0.0  0   0.0  0
       5.0         8.8         7.2         3.7
 138.14197    31.17363    52.721   25.15  81.20  0.1474E+14  209.96  14.35  -1  -1    62.55   357  4   0.0  0   0.0  0
       5.2         4.7         5.0        10.0
 138.61476    31.96413    52.721   25.15  81.20  0.1474E+14  209.96  14.35  -1  -1    73.35   404  4   0.0  0   0.0  0
      15.3         2.8         0.8         9.2
 139.08757    32.75463    52.721   25.15  81.20  0.1474E+14  208.23  14.35  -1  -1    77.09   487  4   0.0  0   0.0  0
       7.1        10.7         7.9         8.2
 139.56036    33.54512    52.721   25.15  81.20  0.1474E+14  204.02  14.35  -1  -1    98.18   603  4   0.0  0   0.0  0
      11.1         2.9         6.3        21.7
 140.03316    34.33562    52.721   25.15  81.20  0.1474E+14  195.94  14.35  -1  -1   108.81   802  4   0.0  0   0.0  0
      15.3         7.5        11.1        22.0
 140.50597    35.12612    52.721   25.15  81.20  0.1474E+14  136.26  14.35  -1  -1   111.25  1060  4   0.0  0   0.0  0
      15.3        19.6        18.1        20.9
 140.97876    35.91661    52.721   25.15  81.20  0.1474E+14  146.82  14.35  -1  -1    84.13  1226  4   0.0  0   0.0  0
      23.4        16.0        22.3        23.7
 141.45155    36.70711    52.721   25.15  81.20  0.1474E+14  167.49  14.35  -1  -1   108.67  1248  4   0.0  0   0.0  0
      29.2        10.4        34.3        13.1
 141.92436    37.49761    52.721   25.15  81.20  0.1474E+14   71.87  14.35  -1  -1   104.78  1138  4   0.0  0   0.0  0
      31.6        16.7        16.2        14.9
 142.39716    38.28811    52.721   25.15  81.20  0.1474E+14   12.94  14.35  -1  -1    87.09  1265  4   0.0  0   0.0  0
      13.5        37.2        27.1        10.3
 142.86995    39.07860    52.721   25.15  81.20  0.1474E+14   41.51  14.35  -1  -1   107.20  1116  4   0.0  0   0.0  0
      15.3        14.9        19.7        27.9
 143.34274    39.86910    52.721   25.15  81.20  0.1474E+14  150.14  14.35  -1  -1    89.80  1057  4   0.0  0   0.0  0
      15.1        17.6        21.0        19.9
 143.81555    40.65960    52.721   25.15  81.20  0.1474E+14  178.82  14.35  -1  -1   104.60  1031  4   0.0  0   0.0  0
      23.9        12.8        18.8        16.4
 144.28835    41.45009    52.721   25.15  81.20  0.1474E+14  143.22  14.35  -1  -1   114.44   974  4   0.0  0   0.0  0
      32.7        18.8         7.0         9.4
 144.76114    42.24059    52.721   25.15  81.20  0.1474E+14  140.20  14.35  -1  -1    85.49   730  4   0.0  0   0.0  0
       2.9        18.3        15.6        14.1
 145.23395    43.03109    52.721   25.15  81.20  0.1474E+14  166.34  14.35  -1  -1    46.89     0  4   0.0  0   0.0  0
       0.0         0.0         0.0         0.0
 145.70674    43.82158    52.721   25.15  81.20  0.1474E+14  194.05  14.35  -1  -1    46.89     0  4   0.0  0   0.0  0
       0.0         0.0         0.0         0.0
 146.17953    44.61208    52.721   25.15  81.20  0.1474E+14  209.96  14.35  -1  -1    46.89     0  4   0.0  0   0.0  0
       0.0         0.0         0.0         0.0
 146.65233    45.40258    52.721   25.15  81.20  0.1474E+14  209.96  14.35  -1  -1    46.89     0  4   0.0  0   0.0  0
       0.0         0.0         0.0         0.0
 147.12514    46.19307    52.721   25.15  81.20  0.1474E+14  209.96  14.35  -1  -1    46.89     0  4   0.0  0   0.0  0
       0.0         0.0         0.0         0.0
 137.64502    30.39203    37.700   25.15  81.20  0.1474E+14  209.96  14.35  -1  -1    52.35   340  4   0.0  0   0.0  0
      11.1         9.8         2.0         0.8
 138.11781    31.18253    37.700   25.15  81.20  0.1474E+14  209.96  14.35  -1  -1    78.05   320  4   0.0  0   0.0  0
       2.4         2.4         9.8         7.6
 138.59062    31.97303    37.700   25.15  81.20  0.1474E+14  209.96  14.35  -1  -1   110.75   368  4   0.0  0   0.0  0
       3.0         3.6         2.6        16.4
 139.06342    32.76352    37.700   25.15  81.20  0.1474E+14  203.52  14.35  -1  -1   131.31   483  4   0.0  0   0.0  0
       5.4         0.4        11.5        16.3
 139.53621    33.55402    37.700   25.15  81.20  0.1474E+14  206.62  14.35  -1  -1   132.46   673  4   0.0  0   0.0  0
      22.7         7.6        12.5         4.2
 140.00902    34.34452    37.700   25.15  81.20  0.1474E+14  141.91  14.35  -1  -1   109.44   854  4   0.0  0   0.0  0
      10.3        13.0        15.6        20.6
 140.48181    35.13501    37.700   25.15  81.20  0.1474E+14  163.03  14.35  -1  -1   105.18  1071  4   0.0  0   0.0  0
       9.0        22.0        27.0        16.7
 140.95461    35.92551    37.700   25.15  81.20  0.1474E+14  106.76  14.35  -1  -1    89.09  1293  4   0.0  0   0.0  0
      25.8        26.5        22.5        15.3
 141.42740    36.71601    37.700   25.15  81.20  0.1474E+14  137.47  14.35  -1  -1    96.86  1410  4   0.0  0   0.0  0
      22.6        30.0        18.2        27.5
 141.90021    37.50650    37.700   25.15  81.20  0.1474E+14   50.37  14.35  -1  -1   110.11  1432  4   0.0  0   0.0  0
      30.5        27.6        17.7        24.0
 137.69333    30.37424    67.742   25.15  81.20  0.1474E+14  209.96  14.35  -1  -1    48.91   387  4   0.0  0   0.0  0
       0.5         2.0        11.5        13.0
 142.84579    39.08750    37.700   25.15  81.20  0.1474E+14   28.51  14.35  -1  -1   115.63  1356  4   0.0  0   0.0  0
      33.6        20.3        15.2        25.3
 143.31860    39.87799    37.700   25.15  81.20  0.1474E+14   92.14  14.35  -1  -1    75.41  1325  4   0.0  0   0.0  0
      23.8        26.9        20.9        20.8
 143.79140    40.66849    37.700   25.15  81.20  0.1474E+14  104.37  14.35  -1  -1    80.96  1255  4   0.0  0   0.0  0
      32.9        20.9        14.6        19.0
 144.26419    41.45899    37.700   25.15  81.20  0.1474E+14  131.40  14.35  -1  -1   106.60  1134  4   0.0  0   0.0  0
      42.0        17.3         9.3        10.5
 144.73698    42.24949    37.700   25.15  81.20  0.1474E+14  150.30  14.35  -1  -1   111.96   768  4   0.0  0   0.0  0
      23.3        12.5         5.4        12.2
 145.20979    43.03998    37.700   25.15  81.20  0.1474E+14  166.29  14.35  -1  -1    46.89     0  4   0.0  0   0.0  0
       0.0         0.0         0.0         0.0
 145.68259    43.83048    37.700   25.15  81.20  0.1474E+14  194.00  14.35  -1  -1    46.89     0  4   0.0  0   0.0  0
       0.0         0.0         0.0         0.0
 146.15538    44.62098    37.700   25.15  81.20  0.1474E+14  209.96  14.35  -1  -1    46.89     0  4   0.0  0   0.0  0
       0.0         0.0         0.0         0.0
 146.62819    45.41147    37.700   25.15  81.20  0.1474E+14  209.96  14.35  -1  -1    46.89     0  4   0.0  0   0.0  0
       0.0         0.0         0.0         0.0
 147.10098    46.20197    37.700   25.15  81.20  0.1474E+14  209.96  14.35  -1  -1    46.89     0  4   0.0  0   0.0  0
       0.0         0.0         0.0         0.0
 137.62086    30.40093    22.679   25.15  81.20  0.1474E+14  209.96  14.35  -1  -1    58.70   328  4   0.0  0   0.0  0
      10.2         4.6         3.5         4.6
 138.09367    31.19143    22.679   25.15  81.20  0.1474E+14  209.96  14.35  -1  -1   116.51   324  4   0.0  0   0.0  0
       2.1        11.2         7.5         1.8
 138.56647    31.98192    22.679   25.15  81.20  0.1474E+14  209.96  14.35  -1  -1    94.31   389  4   0.0  0   0.0  0
       9.6         1.5         5.9        10.1
 139.03926    32.77242    22.679   25.15  81.20  0.1474E+14  197.23  14.35  -1  -1    97.85   524  4   0.0  0   0.0  0
      11.8        11.5         0.8        12.3
 139.51205    33.56292    22.679   25.15  81.20  0.1474E+14  175.16  14.35  -1  -1   117.93   729  4   0.0  0   0.0  0
      29.2         9.1         6.1         6.3
 139.98486    34.35341    22.679   25.15  81.20  0.1474E+14  158.74  14.35  -1  -1   107.65   907  4   0.0  0   0.0  0
      11.9        15.7         8.9        26.8
 140.45766    35.14391    22.679   25.15  81.20  0.1474E+14  153.26  14.35  -1  -1    84.04  1144  4   0.0  0   0.0  0
      26.5        22.6         9.1        21.4
 140.93045    35.93441    22.679   25.15  81.20  0.1474E+14   94.40  14.35  -1  -1    78.86  1422  4   0.0  0   0.0  0
      30.0        41.8        18.4         8.9
 141.40326    36.72490    22.679   25.15  81.20  0.1474E+14  100.12  14.35  -1  -1    87.62  1642  4   0.0  0   0.0  0
      19.5        30.3        32.2        32.4
 141.87605    37.51540    22.679   25.15  81.20  0.1474E+14   54.66  14.35  -1  -1    84.43  1968  4   0.0  0   0.0  0
     116.6         6.5         9.5         4.6
 142.34885    38.30590    22.679   25.15  81.20  0.1474E+14    9.58  14.35  -1  -1    82.26  2142  4   0.0  0   0.0  0
      30.5         0.4        44.0        74.3
 142.82164    39.09639    22.679   25.15  81.20  0.1474E+14   56.57  14.35  -1  -1   109.51  1898  4   0.0  0   0.0  0
      44.2        59.9        25.0         3.2
 143.29445    39.88689    22.679   25.15  81.20  0.1474E+14  142.76  14.35  -1  -1    93.59  1616  4   0.0  0   0.0  0
      33.4        34.5        19.5        25.2
 143.76724    40.67739    22.679   25.15  81.20  0.1474E+14  194.48  14.35  -1  -1    80.09  1482  4   0.0  0   0.0  0
      47.5        30.2        10.7        14.9
 144.24004    41.46788    22.679   25.15  81.20  0.1474E+14  129.48  14.35  -1  -1    93.75  1234  4   0.0  0   0.0  0
      33.3        31.8        12.2         8.7
 144.71284    42.25838    22.679   25.15  81.20  0.1474E+14  148.93  14.35  -1  -1    99.54   782  4   0.0  0   0.0  0
      21.6        12.2        12.1         8.6
 145.18564    43.04888    22.679   25.15  81.20  0.1474E+14  166.34  14.35  -1  -1    46.89     0  4   0.0  0   0.0  0
       0.0         0.0         0.0         0.0
 145.65843    43.83937    22.679   25.15  81.20  0.1474E+14  194.05  14.35  -1  -1    46.89     0  4   0.0  0   0.0  0
       0.0         0.0         0.0         0.0
 146.13124    44.62988    22.679   25.15  81.20  0.1474E+14  209.96  14.35  -1  -1    46.89     0  4   0.0  0   0.0  0
       0.0         0.0         0.0         0.0
 146.60403    45.42037    22.679   25.15  81.20  0.1474E+14  209.96  14.35  -1  -1    46.89     0  4   0.0  0   0.0  0
       0.0         0.0         0.0         0.0
 147.07683    46.21087    22.679   25.15  81.20  0.1474E+14  209.96  14.35  -1  -1    46.89     0  4   0.0  0   0.0  0
       0.0         0.0         0.0         0.0
 137.59671    30.40983     7.658   25.15  81.20  0.1474E+14  209.96  14.35  -1  -1    96.69   349  4   0.0  0   0.0  0
       8.3         5.9         0.8         9.4
 138.06952    31.20032     7.658   25.15  81.20  0.1474E+14  209.96  14.35  -1  -1   111.41   333  4   0.0  0   0.0  0
      13.3         4.2         3.6         2.2
 138.54231    31.99082     7.658   25.15  81.20  0.1474E+14  209.96  14.35  -1  -1   102.08   382  4   0.0  0   0.0  0
      10.0         8.3         7.3         0.9
 139.01511    32.78132     7.658   25.15  81.20  0.1474E+14  197.75  14.35  -1  -1    93.14   537  4   0.0  0   0.0  0
      14.8         8.4         5.0         9.2
 139.48792    33.57182     7.658   25.15  81.20  0.1474E+14  175.49  14.35  -1  -1   131.98   739  4   0.0  0   0.0  0
      31.9         1.2         8.2        10.2
 139.96071    34.36231     7.658   25.15  81.20  0.1474E+14  159.19  14.35  -1  -1   122.42   940  4   0.0  0   0.0  0
      23.7        10.3        20.1        11.4
 140.43350    35.15281     7.658   25.15  81.20  0.1474E+14  197.94  14.35  -1  -1    74.24  1180  4   0.0  0   0.0  0
       7.1        35.0         6.3        33.8
 140.90631    35.94331     7.658   25.15  81.20  0.1474E+14   92.59  14.35  -1  -1    79.60  1476  4   0.0  0   0.0  0
      27.3        29.0        24.8        21.7
 141.37910    36.73380     7.658   25.15  81.20  0.1474E+14  104.33  14.35  -1  -1    81.66  1798  4   0.0  0   0.0  0
      49.1        52.8        13.6         9.7
 141.85190    37.52430     7.658   25.15  81.20  0.1474E+14   33.44  14.35  -1  -1    85.03  2251  4   0.0  0   0.0  0
      33.5        95.7        24.4         3.2
 142.32469    38.31480     7.658   25.15  81.20  0.1474E+14   18.51  14.35  -1  -1    92.04  2574  4   0.0  0   0.0  0
      25.8         0.4        69.8        83.4
 142.79750    39.10529     7.658   25.15  81.20  0.1474E+14   45.85  14.35  -1  -1    95.74  2277  4   0.0  0   0.0  0
      16.3       101.3         8.1        33.0
 143.27029    39.89579     7.658   25.15  81.20  0.1474E+14  138.00  14.35  -1  -1    88.19  1804  4   0.0  0   0.0  0
      49.3        30.7        30.3        15.4
 143.74309    40.68629     7.658   25.15  81.20  0.1474E+14  116.98  14.35  -1  -1    95.16  1607  4   0.0  0   0.0  0
      11.7        58.1        35.4         6.8
 144.21590    41.47678     7.658   25.15  81.20  0.1474E+14  111.78  14.35  -1  -1    86.51  1353  4   0.0  0   0.0  0
      65.7        26.9         0.6         1.1
 144.68869    42.26728     7.658   25.15  81.20  0.1474E+14  161.60  14.35  -1  -1   107.80   800  4   0.0  0   0.0  0
      32.7        13.9         8.6         0.5
 145.16148    43.05778     7.658   25.15  81.20  0.1474E+14  166.51  14.35  -1  -1    46.89     0  4   0.0  0   0.0  0
       0.0         0.0         0.0         0.0
 145.63428    43.84827     7.658   25.15  81.20  0.1474E+14  194.19  14.35  -1  -1    46.89     0  4   0.0  0   0.0  0
       0.0         0.0         0.0         0.0
 146.10709    44.63877     7.658   25.15  81.20  0.1474E+14  209.96  14.35  -1  -1    46.89     0  4   0.0  0   0.0  0
       0.0         0.0         0.0         0.0
 146.57988    45.42927     7.658   25.15  81.20  0.1474E+14  209.96  14.35  -1  -1    46.89     0  4   0.0  0   0.0  0
       0.0         0.0         0.0         0.0
 147.05267    46.21976     7.658   25.15  81.20  0.1474E+14  209.96  14.35  -1  -1    46.89     0  4   0.0  0   0.0  0
       0.0         0.0         0.0         0.0
