2.0
#
# http://equake-rc.info/static/paper/SRF-Description-Graves_2.0.pdf
# RECTANGULAR fault MODEL
#
# All subfaults are   5.0 km long along strike and
#   6.3 km wide along dip
#
# Model length along strike is   45.0 km
#
# Model width along dip is   31.5 km
#
# Corners of the rectangular dislocation model (lat, lon):
#     30.848   131.315 : corner 1
#     31.188   131.572 : corner 2
#     31.155   131.630 : corner 3
#     30.816   131.373 : corner 4
#
#
# Number of elementary sliprate
# isoceles triangular functions
# per subfault:   4
#
# Half duration of elementary sliprate
# isoceles triangular functions (s):   1.55
# Triangles are overlapping each other by half
#
# slip rate unit: cm/s
#
#
# Seismic moment is converted into slip
# using a single constant value for the
# shear modulus mu of  0.250E+12 dyne/cm2
# assumed to be constant and characteristic
# of the fault shear zone
#
#
#
# "rake" (degrees) is the slip angle (Aki"s convention,
# e.g. rake=+45 means left-lateral-reverse movement.
#
#
# ************************************************
# Total seismic moment M0=  0.104E+26 dyne.cm
# ************************************************
#
#
PLANE 1
 131.44351    31.01800    9    5    45.000    31.500
 33.00  78.00     0.194     0.000    15.750
POINTS   45
 131.47250    31.00170    15.600   33.00  78.00  0.3150E+12    0.00   1.55  -1  -1    95.36    35  4   0.0  0   0.0  0
      22.3         0.1         0.1         0.1
 131.40979    30.87565    27.925   33.00  78.00  0.3150E+12    5.60   1.55  -1  -1    42.00     0  4   0.0  0   0.0  0
       0.0         0.0         0.0         0.0
 131.43839    30.91339    27.925   33.00  78.00  0.3150E+12    4.60   1.55  -1  -1    42.00     0  4   0.0  0   0.0  0
       0.0         0.0         0.0         0.0
 131.46698    30.95112    27.925   33.00  78.00  0.3150E+12    4.01   1.55  -1  -1   116.39    18  4   0.0  0   0.0  0
      11.3         0.1         0.1         0.1
 131.49557    30.98886    27.925   33.00  78.00  0.3150E+12    3.86   1.55  -1  -1    94.04    20  4   0.0  0   0.0  0
      12.5         0.5         0.1         0.1
 131.52415    31.02660    27.925   33.00  78.00  0.3150E+12    4.95   1.55  -1  -1    48.60    20  4   0.0  0   0.0  0
      10.3         2.5         0.4         0.1
 131.55275    31.06433    27.925   33.00  78.00  0.3150E+12    4.60   1.55  -1  -1    42.00     0  4   0.0  0   0.0  0
       0.0         0.0         0.0         0.0
 131.58134    31.10207    27.925   33.00  78.00  0.3150E+12    5.60   1.55  -1  -1    42.00     0  4   0.0  0   0.0  0
       0.0         0.0         0.0         0.0
 131.60994    31.13981    27.925   33.00  78.00  0.3150E+12    6.75   1.55  -1  -1    42.00     0  4   0.0  0   0.0  0
       0.0         0.0         0.0         0.0
 131.36967    30.84433    21.762   33.00  78.00  0.3150E+12    5.99   1.55  -1  -1    42.00     0  4   0.0  0   0.0  0
       0.0         0.0         0.0         0.0
 131.39827    30.88207    21.762   33.00  78.00  0.3150E+12    4.65   1.55  -1  -1    42.00     0  4   0.0  0   0.0  0
       0.0         0.0         0.0         0.0
 131.42685    30.91981    21.762   33.00  78.00  0.3150E+12    3.38   1.55  -1  -1    42.00     0  4   0.0  0   0.0  0
       0.0         0.0         0.0         0.0
 131.45544    30.95754    21.762   33.00  78.00  0.3150E+12    5.56   1.55  -1  -1    81.23     7  4   0.0  0   0.0  0
       0.7         1.7         1.7         0.6
 131.48404    30.99528    21.762   33.00  78.00  0.3150E+12    1.97   1.55  -1  -1    70.32     8  4   0.0  0   0.0  0
       2.1         0.5         1.5         1.3
 131.51263    31.03302    21.762   33.00  78.00  0.3150E+12    5.25   1.55  -1  -1    58.11     5  4   0.0  0   0.0  0
       0.3         1.3         1.4         0.1
 131.54121    31.07076    21.762   33.00  78.00  0.3150E+12    3.38   1.55  -1  -1    42.00     0  4   0.0  0   0.0  0
       0.0         0.0         0.0         0.0
 131.56981    31.10849    21.762   33.00  78.00  0.3150E+12    4.65   1.55  -1  -1    42.00     0  4   0.0  0   0.0  0
       0.0         0.0         0.0         0.0
 131.59840    31.14623    21.762   33.00  78.00  0.3150E+12    5.99   1.55  -1  -1    42.00     0  4   0.0  0   0.0  0
       0.0         0.0         0.0         0.0
 131.35814    30.85075    15.600   33.00  78.00  0.3150E+12    5.71   1.55  -1  -1    42.00     0  4   0.0  0   0.0  0
       0.0         0.0         0.0         0.0
 131.38673    30.88849    15.600   33.00  78.00  0.3150E+12    4.29   1.55  -1  -1    42.00     0  4   0.0  0   0.0  0
       0.0         0.0         0.0         0.0
 131.41533    30.92622    15.600   33.00  78.00  0.3150E+12    2.86   1.55  -1  -1    42.00     0  4   0.0  0   0.0  0
       0.0         0.0         0.0         0.0
 131.44391    30.96396    15.600   33.00  78.00  0.3150E+12    1.58   1.55  -1  -1    81.75     1  4   0.0  0   0.0  0
       0.1         0.1         0.1         0.1
 131.38121    30.83791    27.925   33.00  78.00  0.3150E+12    6.75   1.55  -1  -1    42.00     0  4   0.0  0   0.0  0
       0.0         0.0         0.0         0.0
 131.50110    31.03944    15.600   33.00  78.00  0.3150E+12    1.43   1.55  -1  -1    43.70     1  4   0.0  0   0.0  0
       0.1         0.1         0.2         0.1
 131.52968    31.07718    15.600   33.00  78.00  0.3150E+12    2.86   1.55  -1  -1    42.00     0  4   0.0  0   0.0  0
       0.0         0.0         0.0         0.0
 131.55827    31.11491    15.600   33.00  78.00  0.3150E+12    4.29   1.55  -1  -1    42.00     0  4   0.0  0   0.0  0
       0.0         0.0         0.0         0.0
 131.58687    31.15265    15.600   33.00  78.00  0.3150E+12    5.71   1.55  -1  -1    42.00     0  4   0.0  0   0.0  0
       0.0         0.0         0.0         0.0
 131.34660    30.85717     9.438   33.00  78.00  0.3150E+12    5.99   1.55  -1  -1    42.00     0  4   0.0  0   0.0  0
       0.0         0.0         0.0         0.0
 131.37520    30.89491     9.438   33.00  78.00  0.3150E+12    4.65   1.55  -1  -1    42.00     0  4   0.0  0   0.0  0
       0.0         0.0         0.0         0.0
 131.40379    30.93264     9.438   33.00  78.00  0.3150E+12    3.38   1.55  -1  -1    42.00     0  4   0.0  0   0.0  0
       0.0         0.0         0.0         0.0
 131.43237    30.97038     9.438   33.00  78.00  0.3150E+12    2.93   1.55  -1  -1   116.79     2  4   0.0  0   0.0  0
       0.1         0.9         0.0         0.1
 131.46097    31.00812     9.438   33.00  78.00  0.3150E+12    1.85   1.55  -1  -1   102.05     0  4   0.0  0   0.0  0
       0.1         0.1         0.1         0.1
 131.48956    31.04586     9.438   33.00  78.00  0.3150E+12    2.82   1.55  -1  -1    82.76     1  4   0.0  0   0.0  0
       0.1         0.3         0.1         0.1
 131.51816    31.08359     9.438   33.00  78.00  0.3150E+12    3.38   1.55  -1  -1    42.00     0  4   0.0  0   0.0  0
       0.0         0.0         0.0         0.0
 131.54674    31.12133     9.438   33.00  78.00  0.3150E+12    4.65   1.55  -1  -1    42.00     0  4   0.0  0   0.0  0
       0.0         0.0         0.0         0.0
 131.57533    31.15907     9.438   33.00  78.00  0.3150E+12    5.99   1.55  -1  -1    42.00     0  4   0.0  0   0.0  0
       0.0         0.0         0.0         0.0
 131.33507    30.86359     3.275   33.00  78.00  0.3150E+12    6.75   1.55  -1  -1    42.00     0  4   0.0  0   0.0  0
       0.0         0.0         0.0         0.0
 131.36366    30.90133     3.275   33.00  78.00  0.3150E+12    5.60   1.55  -1  -1    42.00     0  4   0.0  0   0.0  0
       0.0         0.0         0.0         0.0
 131.39226    30.93906     3.275   33.00  78.00  0.3150E+12    4.60   1.55  -1  -1    42.00     0  4   0.0  0   0.0  0
       0.0         0.0         0.0         0.0
 131.42085    30.97680     3.275   33.00  78.00  0.3150E+12    4.43   1.55  -1  -1   119.27     4  4   0.0  0   0.0  0
       2.2         0.2         0.1         0.1
 131.44943    31.01454     3.275   33.00  78.00  0.3150E+12    3.68   1.55  -1  -1   101.73     3  4   0.0  0   0.0  0
       0.7         0.8         0.1         0.1
 131.47803    31.05228     3.275   33.00  78.00  0.3150E+12    4.46   1.55  -1  -1    48.75     7  4   0.0  0   0.0  0
       4.4         0.1         0.0         0.1
 131.50662    31.09001     3.275   33.00  78.00  0.3150E+12    4.60   1.55  -1  -1    42.00     0  4   0.0  0   0.0  0
       0.0         0.0         0.0         0.0
 131.53522    31.12775     3.275   33.00  78.00  0.3150E+12    5.60   1.55  -1  -1    42.00     0  4   0.0  0   0.0  0
       0.0         0.0         0.0         0.0
 131.56380    31.16549     3.275   33.00  78.00  0.3150E+12    6.75   1.55  -1  -1    42.00     0  4   0.0  0   0.0  0
       0.0         0.0         0.0         0.0
