2.0
#
# http://equake-rc.info/static/paper/SRF-Description-Graves_2.0.pdf
# RECTANGULAR fault MODEL
#
# All subfaults are   5.0 km long along strike and
#   9.0 km wide along dip
#
# Model length along strike is   45.0 km
#
# Model width along dip is   45.0 km
#
# Corners of the rectangular dislocation model (lat, lon):
#      1.818    96.802 : corner 1
#      2.101    96.513 : corner 2
#      2.377    96.784 : corner 3
#      2.094    97.073 : corner 4
#
#
# Number of elementary sliprate
# isoceles triangular functions
# per subfault:   4
#
# Half duration of elementary sliprate
# isoceles triangular functions (s):   1.55
# Triangles are overlapping each other by half
#
# slip rate unit: cm/s
#
#
# Seismic moment is converted into slip
# using a single constant value for the
# shear modulus mu of  0.250E+12 dyne/cm2
# assumed to be constant and characteristic
# of the fault shear zone
#
#
#
# "rake" (degrees) is the slip angle (Aki"s convention,
# e.g. rake=+45 means left-lateral-reverse movement.
#
#
# ************************************************
# Total seismic moment M0=  0.400E+26 dyne.cm
# ************************************************
#
#
PLANE 1
  96.65750     1.95950    9    5    45.000    45.000
314.42  17.03     7.246     0.000    13.501
POINTS   45
  96.73870     2.04200    11.200  314.42  17.03  0.4500E+12    0.00   1.55  -1  -1    83.93     1  4   0.0  0   0.0  0
       0.1         0.1         0.1         0.1
  96.99746     2.11335    19.107  314.42  17.03  0.4500E+12    7.19   1.55  -1  -1    66.10    21  4   0.0  0   0.0  0
      12.8         0.7         0.1         0.1
  96.96535     2.14479    19.107  314.42  17.03  0.4500E+12    7.19   1.55  -1  -1    66.96    23  4   0.0  0   0.0  0
      13.5         0.9         0.3         0.2
  96.93324     2.17623    19.107  314.42  17.03  0.4500E+12    7.19   1.55  -1  -1    59.02    11  4   0.0  0   0.0  0
       6.0         0.7         0.1         0.1
  96.90114     2.20767    19.107  314.42  17.03  0.4500E+12    7.19   1.55  -1  -1    55.59    20  4   0.0  0   0.0  0
      11.0         1.8         0.1         0.1
  96.86903     2.23911    19.107  314.42  17.03  0.4500E+12    7.19   1.55  -1  -1   119.25     7  4   0.0  0   0.0  0
       4.5         0.1         0.1         0.1
  96.83692     2.27055    19.107  314.42  17.03  0.4500E+12    7.19   1.55  -1  -1    99.89    24  4   0.0  0   0.0  0
      15.0         0.1         0.0         0.0
  96.80482     2.30199    19.107  314.42  17.03  0.4500E+12    7.19   1.55  -1  -1   137.94    28  4   0.0  0   0.0  0
      17.6         0.1         0.1         0.1
  96.77271     2.33343    19.107  314.42  17.03  0.4500E+12    7.19   1.55  -1  -1    48.27     0  4   0.0  0   0.0  0
       0.0         0.0         0.0         0.0
  96.97542     2.02669    16.471  314.42  17.03  0.4500E+12    7.19   1.55  -1  -1    59.07    28  4   0.0  0   0.0  0
       0.5         0.6         2.7        14.1
  96.94331     2.05813    16.471  314.42  17.03  0.4500E+12    7.02   1.55  -1  -1    59.53    10  4   0.0  0   0.0  0
       1.3         0.9         0.3         4.0
  96.91120     2.08957    16.471  314.42  17.03  0.4500E+12    7.10   1.55  -1  -1    51.04    14  4   0.0  0   0.0  0
       0.1         0.1         0.6         8.2
  96.87910     2.12101    16.471  314.42  17.03  0.4500E+12    6.52   1.55  -1  -1    57.03    18  4   0.0  0   0.0  0
       1.7         0.4         1.7         8.0
  96.84699     2.15245    16.471  314.42  17.03  0.4500E+12    6.52   1.55  -1  -1    54.20     8  4   0.0  0   0.0  0
       0.1         0.4         4.7         0.2
  96.81488     2.18389    16.471  314.42  17.03  0.4500E+12    5.85   1.55  -1  -1    66.84    16  4   0.0  0   0.0  0
       2.6         4.4         3.5         0.1
  96.78278     2.21533    16.471  314.42  17.03  0.4500E+12    5.95   1.55  -1  -1    84.51    13  4   0.0  0   0.0  0
       4.7         3.5         0.1         0.1
  96.75067     2.24677    16.471  314.42  17.03  0.4500E+12    6.85   1.55  -1  -1   132.50     2  4   0.0  0   0.0  0
       1.0         0.1         0.1         0.1
  96.71856     2.27821    16.471  314.42  17.03  0.4500E+12    7.19   1.55  -1  -1    48.27     0  4   0.0  0   0.0  0
       0.0         0.0         0.0         0.0
  96.92127     1.97146    13.836  314.42  17.03  0.4500E+12    6.52   1.55  -1  -1    74.55    11  4   0.0  0   0.0  0
       0.5         2.3         0.9         3.4
  96.88917     2.00290    13.836  314.42  17.03  0.4500E+12    5.88   1.55  -1  -1    74.60     3  4   0.0  0   0.0  0
       0.6         0.4         0.4         0.3
  96.85706     2.03434    13.836  314.42  17.03  0.4500E+12    4.54   1.55  -1  -1    72.83     1  4   0.0  0   0.0  0
       0.3         0.2         0.1         0.2
  96.82495     2.06578    13.836  314.42  17.03  0.4500E+12    3.45   1.55  -1  -1    74.77     1  4   0.0  0   0.0  0
       0.4         0.3         0.1         0.1
  96.79285     2.09722    13.836  314.42  17.03  0.4500E+12    2.72   1.55  -1  -1    75.74     2  4   0.0  0   0.0  0
       1.0         0.2         0.1         0.1
  96.76074     2.12866    13.836  314.42  17.03  0.4500E+12    5.27   1.55  -1  -1    77.38     2  4   0.0  0   0.0  0
       0.1         0.1         0.6         0.3
  96.72863     2.16010    13.836  314.42  17.03  0.4500E+12    5.27   1.55  -1  -1    98.74     6  4   0.0  0   0.0  0
       0.1         0.1         1.7         2.1
  96.69653     2.19154    13.836  314.42  17.03  0.4500E+12    5.41   1.55  -1  -1   128.79    20  4   0.0  0   0.0  0
       0.1         2.3        10.3         0.1
  96.66442     2.22298    13.836  314.42  17.03  0.4500E+12    6.27   1.55  -1  -1    48.27     0  4   0.0  0   0.0  0
       0.0         0.0         0.0         0.0
  96.86713     1.91624    11.200  314.42  17.03  0.4500E+12    5.86   1.55  -1  -1    73.23     2  4   0.0  0   0.0  0
       0.3         0.3         0.1         0.6
  96.83502     1.94768    11.200  314.42  17.03  0.4500E+12    4.57   1.55  -1  -1    75.50     1  4   0.0  0   0.0  0
       0.2         0.2         0.1         0.1
  96.80292     1.97912    11.200  314.42  17.03  0.4500E+12    7.02   1.55  -1  -1    66.56     1  4   0.0  0   0.0  0
       0.1         0.1         0.1         0.3
  96.77081     2.01056    11.200  314.42  17.03  0.4500E+12    4.45   1.55  -1  -1    76.81     1  4   0.0  0   0.0  0
       0.1         0.1         0.1         0.1
  97.02956     2.08191    19.107  314.42  17.03  0.4500E+12    7.19   1.55  -1  -1    51.92    32  4   0.0  0   0.0  0
      14.4         0.8         4.9         0.9
  96.70660     2.07344    11.200  314.42  17.03  0.4500E+12    4.96   1.55  -1  -1    68.59     1  4   0.0  0   0.0  0
       0.2         0.1         0.1         0.3
  96.67448     2.10488    11.200  314.42  17.03  0.4500E+12    4.20   1.55  -1  -1    87.31     4  4   0.0  0   0.0  0
       0.1         0.1         1.0         1.3
  96.64238     2.13632    11.200  314.42  17.03  0.4500E+12    5.24   1.55  -1  -1   104.49     4  4   0.0  0   0.0  0
       0.1         1.3         1.0         0.1
  96.61028     2.16776    11.200  314.42  17.03  0.4500E+12    5.71   1.55  -1  -1    48.27     0  4   0.0  0   0.0  0
       0.0         0.0         0.0         0.0
  96.81298     1.86102     8.564  314.42  17.03  0.4500E+12    6.82   1.55  -1  -1    76.13     3  4   0.0  0   0.0  0
       0.2         0.3         0.1         1.2
  96.78088     1.89246     8.564  314.42  17.03  0.4500E+12    5.75   1.55  -1  -1    76.61     1  4   0.0  0   0.0  0
       0.1         0.2         0.1         0.1
  96.74877     1.92390     8.564  314.42  17.03  0.4500E+12    7.15   1.55  -1  -1    63.20     1  4   0.0  0   0.0  0
       0.1         0.1         0.2         0.1
  96.71666     1.95534     8.564  314.42  17.03  0.4500E+12    6.51   1.55  -1  -1    65.85     1  4   0.0  0   0.0  0
       0.1         0.1         0.1         0.1
  96.68456     1.98678     8.564  314.42  17.03  0.4500E+12    7.17   1.55  -1  -1    64.07     1  4   0.0  0   0.0  0
       0.2         0.1         0.1         0.1
  96.65245     2.01822     8.564  314.42  17.03  0.4500E+12    5.27   1.55  -1  -1    71.71     1  4   0.0  0   0.0  0
       0.1         0.1         0.1         0.3
  96.62034     2.04966     8.564  314.42  17.03  0.4500E+12    4.26   1.55  -1  -1    88.36    10  4   0.0  0   0.0  0
       0.1         0.1         2.6         3.6
  96.58823     2.08110     8.564  314.42  17.03  0.4500E+12    5.65   1.55  -1  -1   100.14     4  4   0.0  0   0.0  0
       0.3         2.1         0.1         0.1
  96.55613     2.11254     8.564  314.42  17.03  0.4500E+12    6.27   1.55  -1  -1    48.27     0  4   0.0  0   0.0  0
       0.0         0.0         0.0         0.0
