2.0
#
# http://equake-rc.info/static/paper/SRF-Description-Graves_2.0.pdf
# RECTANGULAR fault MODEL
#
# All subfaults are   5.0 km long along strike and
#   9.0 km wide along dip
#
# Model length along strike is   45.0 km
#
# Model width along dip is   45.0 km
#
# Corners of the rectangular dislocation model (lat, lon):
#     54.722  -160.278 : corner 1
#     54.735  -159.577 : corner 2
#     54.650  -159.572 : corner 3
#     54.637  -160.273 : corner 4
#
#
# Number of elementary sliprate
# isoceles triangular functions
# per subfault:   4
#
# Half duration of elementary sliprate
# isoceles triangular functions (s):   1.55
# Triangles are overlapping each other by half
#
# slip rate unit: cm/s
#
#
# Seismic moment is converted into slip
# using a single constant value for the
# shear modulus mu of  0.250E+12 dyne/cm2
# assumed to be constant and characteristic
# of the fault shear zone
#
#
#
# "rake" (degrees) is the slip angle (Aki"s convention,
# e.g. rake=+45 means left-lateral-reverse movement.
#
#
# ************************************************
# Total seismic moment M0=  0.909E+25 dyne.cm
# ************************************************
#
#
PLANE 1
-159.92749    54.72850    9    5    45.000    45.000
 88.11  77.91    21.999     0.000    22.501
POINTS   45
-159.92480    54.68580    44.000   88.11  77.91  0.4500E+12    0.00   1.55  -1  -1    35.93    24  4   0.0  0   0.0  0
      15.4         0.1         0.2         0.1
-160.15649    54.64738    61.601   88.11  77.91  0.4500E+12    6.69   1.55  -1  -1   -14.25     0  4   0.0  0   0.0  0
       0.0         0.0         0.0         0.0
-160.07863    54.64886    61.601   88.11  77.91  0.4500E+12    7.00   1.55  -1  -1    75.53     2  4   0.0  0   0.0  0
       0.1         1.2         0.2         0.1
-160.00075    54.65036    61.601   88.11  77.91  0.4500E+12    7.05   1.55  -1  -1    75.32     2  4   0.0  0   0.0  0
       0.1         0.7         0.2         0.1
-159.92287    54.65184    61.601   88.11  77.91  0.4500E+12    6.95   1.55  -1  -1    75.01     1  4   0.0  0   0.0  0
       0.1         0.1         0.1         0.1
-159.84499    54.65333    61.601   88.11  77.91  0.4500E+12    6.36   1.55  -1  -1    75.54     0  4   0.0  0   0.0  0
       0.1         0.1         0.1         0.1
-159.76711    54.65482    61.601   88.11  77.91  0.4500E+12    7.12   1.55  -1  -1    75.15     0  4   0.0  0   0.0  0
       0.1         0.1         0.1         0.1
-159.68922    54.65631    61.601   88.11  77.91  0.4500E+12    7.09   1.55  -1  -1    74.73     0  4   0.0  0   0.0  0
       0.1         0.1         0.1         0.1
-159.61134    54.65780    61.601   88.11  77.91  0.4500E+12    7.19   1.55  -1  -1   -14.25     0  4   0.0  0   0.0  0
       0.0         0.0         0.0         0.0
-160.23535    54.66287    52.800   88.11  77.91  0.4500E+12    6.27   1.55  -1  -1   -14.25     0  4   0.0  0   0.0  0
       0.0         0.0         0.0         0.0
-160.15747    54.66436    52.800   88.11  77.91  0.4500E+12    5.00   1.55  -1  -1   -14.25     0  4   0.0  0   0.0  0
       0.0         0.0         0.0         0.0
-160.07959    54.66584    52.800   88.11  77.91  0.4500E+12    6.27   1.55  -1  -1    58.13     1  4   0.0  0   0.0  0
       0.4         0.1         0.1         0.1
-160.00171    54.66733    52.800   88.11  77.91  0.4500E+12    4.81   1.55  -1  -1    31.24     2  4   0.0  0   0.0  0
       1.0         0.2         0.0         0.1
-159.92383    54.66882    52.800   88.11  77.91  0.4500E+12    2.58   1.55  -1  -1     5.27     5  4   0.0  0   0.0  0
       2.9         0.1         0.1         0.1
-159.84595    54.67031    52.800   88.11  77.91  0.4500E+12    5.06   1.55  -1  -1    56.81     2  4   0.0  0   0.0  0
       1.3         0.1         0.1         0.1
-159.76808    54.67180    52.800   88.11  77.91  0.4500E+12    6.46   1.55  -1  -1    58.39     1  4   0.0  0   0.0  0
       0.5         0.1         0.1         0.1
-159.69020    54.67329    52.800   88.11  77.91  0.4500E+12    7.13   1.55  -1  -1    64.46     0  4   0.0  0   0.0  0
       0.1         0.1         0.1         0.1
-159.61232    54.67477    52.800   88.11  77.91  0.4500E+12    6.27   1.55  -1  -1   -14.25     0  4   0.0  0   0.0  0
       0.0         0.0         0.0         0.0
-160.23633    54.67984    44.000   88.11  77.91  0.4500E+12    5.71   1.55  -1  -1   -14.25     0  4   0.0  0   0.0  0
       0.0         0.0         0.0         0.0
-160.15845    54.68133    44.000   88.11  77.91  0.4500E+12    4.29   1.55  -1  -1   -14.25     0  4   0.0  0   0.0  0
       0.0         0.0         0.0         0.0
-160.08057    54.68282    44.000   88.11  77.91  0.4500E+12    7.10   1.55  -1  -1    74.94     1  4   0.0  0   0.0  0
       0.3         0.2         0.1         0.1
-160.00269    54.68431    44.000   88.11  77.91  0.4500E+12    2.25   1.55  -1  -1    75.00    15  4   0.0  0   0.0  0
       9.2         0.1         0.1         0.1
-160.23438    54.64589    61.601   88.11  77.91  0.4500E+12    7.19   1.55  -1  -1   -14.25     0  4   0.0  0   0.0  0
       0.0         0.0         0.0         0.0
-159.84692    54.68729    44.000   88.11  77.91  0.4500E+12    3.42   1.55  -1  -1    22.17     9  4   0.0  0   0.0  0
       5.5         0.3         0.0         0.1
-159.76904    54.68877    44.000   88.11  77.91  0.4500E+12    3.79   1.55  -1  -1    36.55     6  4   0.0  0   0.0  0
       3.6         0.1         0.0         0.1
-159.69116    54.69027    44.000   88.11  77.91  0.4500E+12    5.61   1.55  -1  -1    63.22     0  4   0.0  0   0.0  0
       0.1         0.1         0.1         0.1
-159.61328    54.69175    44.000   88.11  77.91  0.4500E+12    5.71   1.55  -1  -1   -14.25     0  4   0.0  0   0.0  0
       0.0         0.0         0.0         0.0
-160.23729    54.69682    35.200   88.11  77.91  0.4500E+12    6.27   1.55  -1  -1   -14.25     0  4   0.0  0   0.0  0
       0.0         0.0         0.0         0.0
-160.15941    54.69831    35.200   88.11  77.91  0.4500E+12    5.00   1.55  -1  -1   -14.25     0  4   0.0  0   0.0  0
       0.0         0.0         0.0         0.0
-160.08153    54.69980    35.200   88.11  77.91  0.4500E+12    7.09   1.55  -1  -1    74.80     0  4   0.0  0   0.0  0
       0.1         0.1         0.1         0.1
-160.00366    54.70129    35.200   88.11  77.91  0.4500E+12    5.07   1.55  -1  -1    74.99     1  4   0.0  0   0.0  0
       0.2         0.0         0.0         0.0
-159.92578    54.70278    35.200   88.11  77.91  0.4500E+12    6.78   1.55  -1  -1    75.42     0  4   0.0  0   0.0  0
       0.1         0.1         0.1         0.1
-159.84790    54.70427    35.200   88.11  77.91  0.4500E+12    6.75   1.55  -1  -1    73.39     0  4   0.0  0   0.0  0
       0.1         0.0         0.1         0.0
-159.77002    54.70575    35.200   88.11  77.91  0.4500E+12    4.93   1.55  -1  -1    22.85     1  4   0.0  0   0.0  0
       0.5         0.1         0.1         0.1
-159.69214    54.70724    35.200   88.11  77.91  0.4500E+12    5.23   1.55  -1  -1    75.26     1  4   0.0  0   0.0  0
       0.3         0.2         0.1         0.0
-159.61426    54.70873    35.200   88.11  77.91  0.4500E+12    6.27   1.55  -1  -1   -14.25     0  4   0.0  0   0.0  0
       0.0         0.0         0.0         0.0
-160.23827    54.71380    26.399   88.11  77.91  0.4500E+12    7.19   1.55  -1  -1   -14.25     0  4   0.0  0   0.0  0
       0.0         0.0         0.0         0.0
-160.16039    54.71529    26.399   88.11  77.91  0.4500E+12    6.69   1.55  -1  -1   -14.25     0  4   0.0  0   0.0  0
       0.0         0.0         0.0         0.0
-160.08250    54.71678    26.399   88.11  77.91  0.4500E+12    7.17   1.55  -1  -1    40.06     1  4   0.0  0   0.0  0
       0.1         0.0         0.1         0.6
-160.00462    54.71827    26.399   88.11  77.91  0.4500E+12    7.18   1.55  -1  -1     6.78     2  4   0.0  0   0.0  0
       0.1         0.1         0.1         0.8
-159.92674    54.71975    26.399   88.11  77.91  0.4500E+12    6.77   1.55  -1  -1   -13.35     0  4   0.0  0   0.0  0
       0.1         0.0         0.1         0.1
-159.84886    54.72124    26.399   88.11  77.91  0.4500E+12    6.50   1.55  -1  -1   -13.79     0  4   0.0  0   0.0  0
       0.1         0.1         0.0         0.0
-159.77098    54.72273    26.399   88.11  77.91  0.4500E+12    6.07   1.55  -1  -1    23.38     1  4   0.0  0   0.0  0
       0.2         0.1         0.1         0.1
-159.69312    54.72422    26.399   88.11  77.91  0.4500E+12    6.81   1.55  -1  -1    25.02     1  4   0.0  0   0.0  0
       0.3         0.1         0.1         0.0
-159.61523    54.72571    26.399   88.11  77.91  0.4500E+12    7.19   1.55  -1  -1   -14.25     0  4   0.0  0   0.0  0
       0.0         0.0         0.0         0.0
