2.0
#
# http://equake-rc.info/static/paper/SRF-Description-Graves_2.0.pdf
# RECTANGULAR fault MODEL
#
# All subfaults are   5.0 km long along strike and
#   9.0 km wide along dip
#
# Model length along strike is   45.0 km
#
# Model width along dip is   45.0 km
#
# Corners of the rectangular dislocation model (lat, lon):
#     54.470  -160.043 : corner 1
#     54.870  -160.153 : corner 2
#     54.902  -159.807 : corner 3
#     54.501  -159.697 : corner 4
#
#
# Number of elementary sliprate
# isoceles triangular functions
# per subfault:   4
#
# Half duration of elementary sliprate
# isoceles triangular functions (s):   1.55
# Triangles are overlapping each other by half
#
# slip rate unit: cm/s
#
#
# Seismic moment is converted into slip
# using a single constant value for the
# shear modulus mu of  0.250E+12 dyne/cm2
# assumed to be constant and characteristic
# of the fault shear zone
#
#
#
# "rake" (degrees) is the slip angle (Aki"s convention,
# e.g. rake=+45 means left-lateral-reverse movement.
#
#
# ************************************************
# Total seismic moment M0=  0.999E+25 dyne.cm
# ************************************************
#
#
PLANE 1
-160.09799    54.67000    9    5    45.000    45.000
351.00  60.00    37.715     0.000    22.499
POINTS   45
-159.92480    54.68580    57.200  351.00  60.00  0.4500E+12    0.00   1.55  -1  -1   169.99    36  4   0.0  0   0.0  0
      22.1         0.9         0.1         0.1
-159.74971    54.56501    72.788  351.00  60.00  0.4500E+12    6.69   1.55  -1  -1   121.00     0  4   0.0  0   0.0  0
       0.0         0.0         0.0         0.0
-159.76189    54.60950    72.788  351.00  60.00  0.4500E+12    7.07   1.55  -1  -1   122.42     0  4   0.0  0   0.0  0
       0.1         0.1         0.1         0.1
-159.77408    54.65399    72.788  351.00  60.00  0.4500E+12    6.00   1.55  -1  -1   122.21     0  4   0.0  0   0.0  0
       0.0         0.1         0.1         0.1
-159.78627    54.69848    72.788  351.00  60.00  0.4500E+12    6.09   1.55  -1  -1   121.32     1  4   0.0  0   0.0  0
       0.1         0.2         0.1         0.1
-159.79846    54.74297    72.788  351.00  60.00  0.4500E+12    6.09   1.55  -1  -1   121.11     6  4   0.0  0   0.0  0
       0.3         2.3         1.3         0.1
-159.81065    54.78746    72.788  351.00  60.00  0.4500E+12    5.88   1.55  -1  -1   121.00     0  4   0.0  0   0.0  0
       0.0         0.0         0.0         0.0
-159.82285    54.83195    72.788  351.00  60.00  0.4500E+12    6.69   1.55  -1  -1   121.00     0  4   0.0  0   0.0  0
       0.0         0.0         0.0         0.0
-159.83504    54.87644    72.788  351.00  60.00  0.4500E+12    7.19   1.55  -1  -1   121.00     0  4   0.0  0   0.0  0
       0.0         0.0         0.0         0.0
-159.80678    54.51418    64.994  351.00  60.00  0.4500E+12    6.27   1.55  -1  -1   121.00     0  4   0.0  0   0.0  0
       0.0         0.0         0.0         0.0
-159.81897    54.55867    64.994  351.00  60.00  0.4500E+12    5.00   1.55  -1  -1   121.00     0  4   0.0  0   0.0  0
       0.0         0.0         0.0         0.0
-159.83116    54.60316    64.994  351.00  60.00  0.4500E+12    6.25   1.55  -1  -1   122.81     0  4   0.0  0   0.0  0
       0.1         0.1         0.0         0.1
-159.84335    54.64765    64.994  351.00  60.00  0.4500E+12    3.71   1.55  -1  -1   138.97     1  4   0.0  0   0.0  0
       0.6         0.1         0.1         0.1
-159.85555    54.69214    64.994  351.00  60.00  0.4500E+12    3.77   1.55  -1  -1   122.13     3  4   0.0  0   0.0  0
       1.6         0.0         0.1         0.1
-159.86772    54.73663    64.994  351.00  60.00  0.4500E+12    2.98   1.55  -1  -1   121.17    11  4   0.0  0   0.0  0
       6.4         0.3         0.3         0.1
-159.87991    54.78112    64.994  351.00  60.00  0.4500E+12    3.84   1.55  -1  -1   121.00     0  4   0.0  0   0.0  0
       0.0         0.0         0.0         0.0
-159.89211    54.82561    64.994  351.00  60.00  0.4500E+12    5.00   1.55  -1  -1   121.00     0  4   0.0  0   0.0  0
       0.0         0.0         0.0         0.0
-159.90430    54.87009    64.994  351.00  60.00  0.4500E+12    6.27   1.55  -1  -1   121.00     0  4   0.0  0   0.0  0
       0.0         0.0         0.0         0.0
-159.87605    54.50784    57.200  351.00  60.00  0.4500E+12    5.71   1.55  -1  -1   121.00     0  4   0.0  0   0.0  0
       0.0         0.0         0.0         0.0
-159.88823    54.55233    57.200  351.00  60.00  0.4500E+12    4.29   1.55  -1  -1   121.00     0  4   0.0  0   0.0  0
       0.0         0.0         0.0         0.0
-159.90042    54.59682    57.200  351.00  60.00  0.4500E+12    3.27   1.55  -1  -1   176.57     0  4   0.0  0   0.0  0
       0.1         0.1         0.1         0.0
-159.91261    54.64131    57.200  351.00  60.00  0.4500E+12    2.41   1.55  -1  -1  -158.80    18  4   0.0  0   0.0  0
      11.2         0.1         0.1         0.1
-159.73752    54.52053    72.788  351.00  60.00  0.4500E+12    7.19   1.55  -1  -1   121.00     0  4   0.0  0   0.0  0
       0.0         0.0         0.0         0.0
-159.93700    54.73029    57.200  351.00  60.00  0.4500E+12    1.56   1.55  -1  -1   156.05     3  4   0.0  0   0.0  0
       1.7         0.1         0.1         0.1
-159.94919    54.77478    57.200  351.00  60.00  0.4500E+12    2.86   1.55  -1  -1   121.00     0  4   0.0  0   0.0  0
       0.0         0.0         0.0         0.0
-159.96138    54.81927    57.200  351.00  60.00  0.4500E+12    4.29   1.55  -1  -1   121.00     0  4   0.0  0   0.0  0
       0.0         0.0         0.0         0.0
-159.97356    54.86375    57.200  351.00  60.00  0.4500E+12    5.71   1.55  -1  -1   121.00     0  4   0.0  0   0.0  0
       0.0         0.0         0.0         0.0
-159.94531    54.50150    49.406  351.00  60.00  0.4500E+12    6.27   1.55  -1  -1   121.00     0  4   0.0  0   0.0  0
       0.0         0.0         0.0         0.0
-159.95750    54.54599    49.406  351.00  60.00  0.4500E+12    5.00   1.55  -1  -1   121.00     0  4   0.0  0   0.0  0
       0.0         0.0         0.0         0.0
-159.96970    54.59048    49.406  351.00  60.00  0.4500E+12    3.89   1.55  -1  -1  -167.25     1  4   0.0  0   0.0  0
       0.6         0.1         0.1         0.1
-159.98189    54.63497    49.406  351.00  60.00  0.4500E+12    3.62   1.55  -1  -1  -149.24     3  4   0.0  0   0.0  0
       1.9         0.1         0.1         0.0
-159.99406    54.67946    49.406  351.00  60.00  0.4500E+12    2.59   1.55  -1  -1  -166.09     2  4   0.0  0   0.0  0
       1.0         0.0         0.1         0.1
-160.00626    54.72395    49.406  351.00  60.00  0.4500E+12    3.40   1.55  -1  -1  -164.10     1  4   0.0  0   0.0  0
       0.4         0.1         0.1         0.1
-160.01845    54.76844    49.406  351.00  60.00  0.4500E+12    3.84   1.55  -1  -1   121.00     0  4   0.0  0   0.0  0
       0.0         0.0         0.0         0.0
-160.03064    54.81292    49.406  351.00  60.00  0.4500E+12    5.00   1.55  -1  -1   121.00     0  4   0.0  0   0.0  0
       0.0         0.0         0.0         0.0
-160.04283    54.85741    49.406  351.00  60.00  0.4500E+12    6.27   1.55  -1  -1   121.00     0  4   0.0  0   0.0  0
       0.0         0.0         0.0         0.0
-160.01457    54.49516    41.612  351.00  60.00  0.4500E+12    7.19   1.55  -1  -1   121.00     0  4   0.0  0   0.0  0
       0.0         0.0         0.0         0.0
-160.02676    54.53965    41.612  351.00  60.00  0.4500E+12    6.69   1.55  -1  -1   121.00     0  4   0.0  0   0.0  0
       0.0         0.0         0.0         0.0
-160.03896    54.58414    41.612  351.00  60.00  0.4500E+12    7.16   1.55  -1  -1   158.24     1  4   0.0  0   0.0  0
       0.3         0.1         0.1         0.0
-160.05115    54.62863    41.612  351.00  60.00  0.4500E+12    7.18   1.55  -1  -1  -166.60     0  4   0.0  0   0.0  0
       0.1         0.0         0.0         0.1
-160.06334    54.67311    41.612  351.00  60.00  0.4500E+12    5.93   1.55  -1  -1  -149.32     0  4   0.0  0   0.0  0
       0.1         0.1         0.1         0.1
-160.07553    54.71761    41.612  351.00  60.00  0.4500E+12    6.97   1.55  -1  -1  -166.45     0  4   0.0  0   0.0  0
       0.1         0.1         0.1         0.1
-160.08772    54.76209    41.612  351.00  60.00  0.4500E+12    5.88   1.55  -1  -1   121.00     0  4   0.0  0   0.0  0
       0.0         0.0         0.0         0.0
-160.09990    54.80658    41.612  351.00  60.00  0.4500E+12    6.69   1.55  -1  -1   121.00     0  4   0.0  0   0.0  0
       0.0         0.0         0.0         0.0
-160.11209    54.85107    41.612  351.00  60.00  0.4500E+12    7.19   1.55  -1  -1   121.00     0  4   0.0  0   0.0  0
       0.0         0.0         0.0         0.0
