2.0
#
# http://equake-rc.info/static/paper/SRF-Description-Graves_2.0.pdf
# RECTANGULAR fault MODEL
#
# All subfaults are   4.0 km long along strike and
#   7.0 km wide along dip
#
# Model length along strike is   36.0 km
#
# Model width along dip is   35.0 km
#
# Corners of the rectangular dislocation model (lat, lon):
#     17.272   -61.524 : corner 1
#     17.415   -61.220 : corner 2
#     17.242   -61.130 : corner 3
#     17.099   -61.434 : corner 4
#
#
# Number of elementary sliprate
# isoceles triangular functions
# per subfault:   4
#
# Half duration of elementary sliprate
# isoceles triangular functions (s):   1.23
# Triangles are overlapping each other by half
#
# slip rate unit: cm/s
#
#
# Seismic moment is converted into slip
# using a single constant value for the
# shear modulus mu of  0.250E+12 dyne/cm2
# assumed to be constant and characteristic
# of the fault shear zone
#
#
#
# "rake" (degrees) is the slip angle (Aki"s convention,
# e.g. rake=+45 means left-lateral-reverse movement.
#
#
# ************************************************
# Total seismic moment M0=  0.479E+25 dyne.cm
# ************************************************
#
#
PLANE 1
 -61.37200    17.34350    9    5    36.000    35.000
 63.76  52.24    40.165     0.000    17.498
POINTS   45
 -61.32700    17.25700    54.000   63.76  52.24  0.2800E+12    0.00   1.23  -1  -1   129.95    36  4   0.0  0   0.0  0
      28.2         1.0         0.0         0.0
 -61.39265    17.14013    65.068   63.76  52.24  0.2800E+12    5.03   1.23  -1  -1    83.85     0  4   0.0  0   0.0  0
       0.0         0.0         0.0         0.0
 -61.35886    17.15604    65.068   63.76  52.24  0.2800E+12    5.02   1.23  -1  -1    97.86     6  4   0.0  0   0.0  0
       0.1         0.0         0.0         5.0
 -61.32508    17.17194    65.068   63.76  52.24  0.2800E+12    4.23   1.23  -1  -1    86.35     3  4   0.0  0   0.0  0
       0.0         0.0         0.0         2.1
 -61.29130    17.18785    65.068   63.76  52.24  0.2800E+12    4.15   1.23  -1  -1   106.89     1  4   0.0  0   0.0  0
       0.0         0.0         0.0         0.4
 -61.25751    17.20376    65.068   63.76  52.24  0.2800E+12    4.79   1.23  -1  -1   154.24     0  4   0.0  0   0.0  0
       0.1         0.0         0.1         0.0
 -61.22373    17.21966    65.068   63.76  52.24  0.2800E+12    4.61   1.23  -1  -1    83.85     0  4   0.0  0   0.0  0
       0.0         0.0         0.0         0.0
 -61.18995    17.23557    65.068   63.76  52.24  0.2800E+12    5.03   1.23  -1  -1    83.85     0  4   0.0  0   0.0  0
       0.0         0.0         0.0         0.0
 -61.15617    17.25147    65.068   63.76  52.24  0.2800E+12    5.03   1.23  -1  -1    83.85     0  4   0.0  0   0.0  0
       0.0         0.0         0.0         0.0
 -61.44428    17.15880    59.534   63.76  52.24  0.2800E+12    4.99   1.23  -1  -1    83.85     0  4   0.0  0   0.0  0
       0.0         0.0         0.0         0.0
 -61.41050    17.17471    59.534   63.76  52.24  0.2800E+12    3.97   1.23  -1  -1    83.85     0  4   0.0  0   0.0  0
       0.0         0.0         0.0         0.0
 -61.37672    17.19061    59.534   63.76  52.24  0.2800E+12    3.90   1.23  -1  -1    86.66     0  4   0.0  0   0.0  0
       0.1         0.0         0.0         0.1
 -61.34293    17.20652    59.534   63.76  52.24  0.2800E+12    3.91   1.23  -1  -1   118.32     0  4   0.0  0   0.0  0
       0.1         0.0         0.0         0.1
 -61.30915    17.22243    59.534   63.76  52.24  0.2800E+12    2.10   1.23  -1  -1    87.17     0  4   0.0  0   0.0  0
       0.1         0.0         0.1         0.1
 -61.27537    17.23833    59.534   63.76  52.24  0.2800E+12    4.92   1.23  -1  -1   108.55     0  4   0.0  0   0.0  0
       0.0         0.0         0.0         0.2
 -61.24158    17.25424    59.534   63.76  52.24  0.2800E+12    3.04   1.23  -1  -1    83.85     0  4   0.0  0   0.0  0
       0.0         0.0         0.0         0.0
 -61.20780    17.27014    59.534   63.76  52.24  0.2800E+12    3.97   1.23  -1  -1    83.85     0  4   0.0  0   0.0  0
       0.0         0.0         0.0         0.0
 -61.17402    17.28605    59.534   63.76  52.24  0.2800E+12    4.99   1.23  -1  -1    83.85     0  4   0.0  0   0.0  0
       0.0         0.0         0.0         0.0
 -61.46213    17.19337    54.000   63.76  52.24  0.2800E+12    4.57   1.23  -1  -1    83.85     0  4   0.0  0   0.0  0
       0.0         0.0         0.0         0.0
 -61.42835    17.20928    54.000   63.76  52.24  0.2800E+12    3.43   1.23  -1  -1    83.85     0  4   0.0  0   0.0  0
       0.0         0.0         0.0         0.0
 -61.39457    17.22519    54.000   63.76  52.24  0.2800E+12    2.32   1.23  -1  -1   100.45     0  4   0.0  0   0.0  0
       0.1         0.0         0.0         0.0
 -61.36078    17.24109    54.000   63.76  52.24  0.2800E+12    1.36   1.23  -1  -1   129.74     8  4   0.0  0   0.0  0
       6.1         0.1         0.1         0.0
 -61.42643    17.12422    65.068   63.76  52.24  0.2800E+12    5.03   1.23  -1  -1    83.85     0  4   0.0  0   0.0  0
       0.0         0.0         0.0         0.0
 -61.29322    17.27291    54.000   63.76  52.24  0.2800E+12    1.30   1.23  -1  -1    90.57     1  4   0.0  0   0.0  0
       0.9         0.1         0.0         0.1
 -61.25943    17.28881    54.000   63.76  52.24  0.2800E+12    2.29   1.23  -1  -1    83.85     0  4   0.0  0   0.0  0
       0.0         0.0         0.0         0.0
 -61.22565    17.30472    54.000   63.76  52.24  0.2800E+12    3.43   1.23  -1  -1    83.85     0  4   0.0  0   0.0  0
       0.0         0.0         0.0         0.0
 -61.19187    17.32063    54.000   63.76  52.24  0.2800E+12    4.57   1.23  -1  -1    83.85     0  4   0.0  0   0.0  0
       0.0         0.0         0.0         0.0
 -61.47998    17.22795    48.466   63.76  52.24  0.2800E+12    4.99   1.23  -1  -1    83.85     0  4   0.0  0   0.0  0
       0.0         0.0         0.0         0.0
 -61.44620    17.24386    48.466   63.76  52.24  0.2800E+12    3.97   1.23  -1  -1    83.85     0  4   0.0  0   0.0  0
       0.0         0.0         0.0         0.0
 -61.41241    17.25976    48.466   63.76  52.24  0.2800E+12    3.09   1.23  -1  -1    84.77     0  4   0.0  0   0.0  0
       0.2         0.0         0.0         0.0
 -61.37863    17.27567    48.466   63.76  52.24  0.2800E+12    2.39   1.23  -1  -1    84.19     2  4   0.0  0   0.0  0
       1.6         0.1         0.0         0.0
 -61.34485    17.29157    48.466   63.76  52.24  0.2800E+12    2.39   1.23  -1  -1    84.59     3  4   0.0  0   0.0  0
       2.6         0.1         0.0         0.1
 -61.31107    17.30748    48.466   63.76  52.24  0.2800E+12    2.40   1.23  -1  -1    84.85     1  4   0.0  0   0.0  0
       0.4         0.0         0.1         0.0
 -61.27728    17.32339    48.466   63.76  52.24  0.2800E+12    3.04   1.23  -1  -1    83.85     0  4   0.0  0   0.0  0
       0.0         0.0         0.0         0.0
 -61.24350    17.33929    48.466   63.76  52.24  0.2800E+12    3.97   1.23  -1  -1    83.85     0  4   0.0  0   0.0  0
       0.0         0.0         0.0         0.0
 -61.20972    17.35520    48.466   63.76  52.24  0.2800E+12    4.99   1.23  -1  -1    83.85     0  4   0.0  0   0.0  0
       0.0         0.0         0.0         0.0
 -61.49783    17.26253    42.932   63.76  52.24  0.2800E+12    5.03   1.23  -1  -1    83.85     0  4   0.0  0   0.0  0
       0.0         0.0         0.0         0.0
 -61.46405    17.27843    42.932   63.76  52.24  0.2800E+12    5.03   1.23  -1  -1    83.85     0  4   0.0  0   0.0  0
       0.0         0.0         0.0         0.0
 -61.43027    17.29434    42.932   63.76  52.24  0.2800E+12    5.03   1.23  -1  -1    84.17     2  4   0.0  0   0.0  0
       0.7         0.4         0.1         0.0
 -61.39648    17.31024    42.932   63.76  52.24  0.2800E+12    4.16   1.23  -1  -1    83.95     2  4   0.0  0   0.0  0
       0.1         1.6         0.1         0.0
 -61.36270    17.32615    42.932   63.76  52.24  0.2800E+12    4.07   1.23  -1  -1    83.97     1  4   0.0  0   0.0  0
       0.3         0.7         0.0         0.0
 -61.32892    17.34206    42.932   63.76  52.24  0.2800E+12    4.19   1.23  -1  -1    85.11     0  4   0.0  0   0.0  0
       0.1         0.1         0.0         0.0
 -61.29514    17.35796    42.932   63.76  52.24  0.2800E+12    4.61   1.23  -1  -1    83.85     0  4   0.0  0   0.0  0
       0.0         0.0         0.0         0.0
 -61.26135    17.37387    42.932   63.76  52.24  0.2800E+12    5.03   1.23  -1  -1    83.85     0  4   0.0  0   0.0  0
       0.0         0.0         0.0         0.0
 -61.22757    17.38978    42.932   63.76  52.24  0.2800E+12    5.03   1.23  -1  -1    83.85     0  4   0.0  0   0.0  0
       0.0         0.0         0.0         0.0
