2.0
#
# http://equake-rc.info/static/paper/SRF-Description-Graves_2.0.pdf
# RECTANGULAR fault MODEL
#
# All subfaults are   3.0 km long along strike and
#   5.0 km wide along dip
#
# Model length along strike is   27.0 km
#
# Model width along dip is   25.0 km
#
# Corners of the rectangular dislocation model (lat, lon):
#     23.344   121.577 : corner 1
#     23.584   121.615 : corner 2
#     23.564   121.767 : corner 3
#     23.324   121.729 : corner 4
#
#
# Number of elementary sliprate
# isoceles triangular functions
# per subfault:   4
#
# Half duration of elementary sliprate
# isoceles triangular functions (s):   1.06
# Triangles are overlapping each other by half
#
# slip rate unit: cm/s
#
#
# Seismic moment is converted into slip
# using a single constant value for the
# shear modulus mu of  0.250E+12 dyne/cm2
# assumed to be constant and characteristic
# of the fault shear zone
#
#
#
# "rake" (degrees) is the slip angle (Aki"s convention,
# e.g. rake=+45 means left-lateral-reverse movement.
#
#
# ************************************************
# Total seismic moment M0=  0.291E+25 dyne.cm
# ************************************************
#
#
PLANE 1
 121.59600    23.46400    9    5    27.000    25.000
  8.41  51.24    25.253     0.000    12.502
POINTS   45
 121.67200    23.45400    35.000    8.41  51.24  0.1500E+12    0.00   1.06  -1  -1    69.67    21  4   0.0  0   0.0  0
      14.7         5.3         0.0         0.0
 121.71983    23.36567    42.798    8.41  51.24  0.1500E+12    3.99   1.06  -1  -1    42.88     0  4   0.0  0   0.0  0
       0.0         0.0         0.2         0.0
 121.72413    23.39237    42.798    8.41  51.24  0.1500E+12    3.48   1.06  -1  -1    23.78     0  4   0.0  0   0.0  0
       0.0         0.0         0.0         0.3
 121.72842    23.41907    42.798    8.41  51.24  0.1500E+12    3.89   1.06  -1  -1    22.13     1  4   0.0  0   0.0  0
       0.0         0.0         0.0         0.4
 121.73273    23.44577    42.798    8.41  51.24  0.1500E+12    3.88   1.06  -1  -1    37.85     0  4   0.0  0   0.0  0
       0.0         0.0         0.0         0.0
 121.73703    23.47246    42.798    8.41  51.24  0.1500E+12    4.01   1.06  -1  -1    70.16     0  4   0.0  0   0.0  0
       0.0         0.0         0.0         0.4
 121.74133    23.49916    42.798    8.41  51.24  0.1500E+12    4.00   1.06  -1  -1    96.79     2  4   0.0  0   0.0  0
       0.0         0.0         0.0         1.6
 121.74563    23.52586    42.798    8.41  51.24  0.1500E+12    3.84   1.06  -1  -1    20.07     0  4   0.0  0   0.0  0
       0.0         0.0         0.0         0.0
 121.74993    23.55256    42.798    8.41  51.24  0.1500E+12    4.01   1.06  -1  -1    90.58     1  4   0.0  0   0.0  0
       0.0         0.0         0.0         0.5
 121.68516    23.34310    38.899    8.41  51.24  0.1500E+12    3.71   1.06  -1  -1    20.07     0  4   0.0  0   0.0  0
       0.0         0.0         0.0         0.0
 121.68946    23.36979    38.899    8.41  51.24  0.1500E+12    3.08   1.06  -1  -1    20.29     1  4   0.0  0   0.0  0
       0.4         0.0         0.0         0.0
 121.69376    23.39649    38.899    8.41  51.24  0.1500E+12    3.87   1.06  -1  -1    42.62     0  4   0.0  0   0.0  0
       0.0         0.0         0.0         0.0
 121.69806    23.42319    38.899    8.41  51.24  0.1500E+12    2.08   1.06  -1  -1    21.45     0  4   0.0  0   0.0  0
       0.0         0.0         0.0         0.0
 121.70236    23.44988    38.899    8.41  51.24  0.1500E+12    3.20   1.06  -1  -1    30.09     0  4   0.0  0   0.0  0
       0.0         0.0         0.0         0.0
 121.70667    23.47658    38.899    8.41  51.24  0.1500E+12    3.72   1.06  -1  -1    75.02     0  4   0.0  0   0.0  0
       0.0         0.0         0.0         0.0
 121.71097    23.50328    38.899    8.41  51.24  0.1500E+12    3.58   1.06  -1  -1    92.86     0  4   0.0  0   0.0  0
       0.0         0.0         0.0         0.0
 121.71526    23.52997    38.899    8.41  51.24  0.1500E+12    2.94   1.06  -1  -1    20.07     0  4   0.0  0   0.0  0
       0.0         0.0         0.0         0.0
 121.71957    23.55667    38.899    8.41  51.24  0.1500E+12    4.00   1.06  -1  -1   103.53     0  4   0.0  0   0.0  0
       0.0         0.0         0.0         0.0
 121.65479    23.34721    35.000    8.41  51.24  0.1500E+12    3.43   1.06  -1  -1    20.07     0  4   0.0  0   0.0  0
       0.0         0.0         0.0         0.0
 121.65910    23.37391    35.000    8.41  51.24  0.1500E+12    2.95   1.06  -1  -1    27.18     2  4   0.0  0   0.0  0
       2.1         0.0         0.0         0.0
 121.66340    23.40061    35.000    8.41  51.24  0.1500E+12    1.97   1.06  -1  -1    26.61     1  4   0.0  0   0.0  0
       1.3         0.0         0.0         0.0
 121.66769    23.42730    35.000    8.41  51.24  0.1500E+12    0.99   1.06  -1  -1    87.04    25  4   0.0  0   0.0  0
      23.5         0.0         0.0         0.0
 121.71552    23.33898    42.798    8.41  51.24  0.1500E+12    4.01   1.06  -1  -1    20.07     0  4   0.0  0   0.0  0
       0.0         0.0         0.0         0.0
 121.67630    23.48070    35.000    8.41  51.24  0.1500E+12    0.98   1.06  -1  -1    44.39    14  4   0.0  0   0.0  0
      13.1         0.0         0.0         0.0
 121.68060    23.50739    35.000    8.41  51.24  0.1500E+12    2.04   1.06  -1  -1   100.48     0  4   0.0  0   0.0  0
       0.0         0.0         0.0         0.0
 121.68490    23.53409    35.000    8.41  51.24  0.1500E+12    2.57   1.06  -1  -1    20.07     0  4   0.0  0   0.0  0
       0.0         0.0         0.0         0.0
 121.68920    23.56079    35.000    8.41  51.24  0.1500E+12    3.47   1.06  -1  -1   109.47     1  4   0.0  0   0.0  0
       0.7         0.1         0.0         0.0
 121.62443    23.35133    31.101    8.41  51.24  0.1500E+12    3.71   1.06  -1  -1    20.07     0  4   0.0  0   0.0  0
       0.0         0.0         0.0         0.0
 121.62873    23.37803    31.101    8.41  51.24  0.1500E+12    2.96   1.06  -1  -1    26.23     3  4   0.0  0   0.0  0
       2.3         0.0         0.0         0.0
 121.63303    23.40472    31.101    8.41  51.24  0.1500E+12    3.20   1.06  -1  -1    20.36     0  4   0.0  0   0.0  0
       0.0         0.0         0.0         0.0
 121.63733    23.43142    31.101    8.41  51.24  0.1500E+12    1.96   1.06  -1  -1    53.68     0  4   0.0  0   0.0  0
       0.4         0.0         0.0         0.0
 121.64163    23.45812    31.101    8.41  51.24  0.1500E+12    1.97   1.06  -1  -1    25.10     0  4   0.0  0   0.0  0
       0.2         0.0         0.0         0.0
 121.64594    23.48481    31.101    8.41  51.24  0.1500E+12    1.82   1.06  -1  -1    50.04     0  4   0.0  0   0.0  0
       0.3         0.0         0.0         0.0
 121.65023    23.51151    31.101    8.41  51.24  0.1500E+12    3.53   1.06  -1  -1    93.16     0  4   0.0  0   0.0  0
       0.0         0.0         0.0         0.0
 121.65453    23.53821    31.101    8.41  51.24  0.1500E+12    2.94   1.06  -1  -1    20.07     0  4   0.0  0   0.0  0
       0.0         0.0         0.0         0.0
 121.65884    23.56491    31.101    8.41  51.24  0.1500E+12    3.72   1.06  -1  -1   105.24     1  4   0.0  0   0.0  0
       0.4         0.0         0.4         0.1
 121.59406    23.35545    27.202    8.41  51.24  0.1500E+12    4.01   1.06  -1  -1    20.07     0  4   0.0  0   0.0  0
       0.0         0.0         0.0         0.0
 121.59837    23.38214    27.202    8.41  51.24  0.1500E+12    3.93   1.06  -1  -1    41.88     1  4   0.0  0   0.0  0
       1.0         0.0         0.0         0.0
 121.60266    23.40884    27.202    8.41  51.24  0.1500E+12    3.69   1.06  -1  -1    51.99     0  4   0.0  0   0.0  0
       0.0         0.0         0.0         0.0
 121.60696    23.43554    27.202    8.41  51.24  0.1500E+12    3.10   1.06  -1  -1    25.75     0  4   0.0  0   0.0  0
       0.0         0.0         0.0         0.0
 121.61127    23.46223    27.202    8.41  51.24  0.1500E+12    3.84   1.06  -1  -1    24.72     0  4   0.0  0   0.0  0
       0.0         0.0         0.0         0.0
 121.61557    23.48893    27.202    8.41  51.24  0.1500E+12    3.08   1.06  -1  -1    37.60     0  4   0.0  0   0.0  0
       0.0         0.0         0.0         0.0
 121.61987    23.51563    27.202    8.41  51.24  0.1500E+12    3.45   1.06  -1  -1    87.97     0  4   0.0  0   0.0  0
       0.4         0.0         0.0         0.0
 121.62417    23.54233    27.202    8.41  51.24  0.1500E+12    3.84   1.06  -1  -1    20.07     0  4   0.0  0   0.0  0
       0.0         0.0         0.0         0.0
 121.62847    23.56902    27.202    8.41  51.24  0.1500E+12    4.01   1.06  -1  -1    89.32     0  4   0.0  0   0.0  0
       0.0         0.0         0.3         0.0
