2.0
#
# http://equake-rc.info/static/paper/SRF-Description-Graves_2.0.pdf
# RECTANGULAR fault MODEL
#
# All subfaults are  15.0 km long along strike and
#  23.0 km wide along dip
#
# Model length along strike is  225.0 km
#
# Model width along dip is  115.0 km
#
# Corners of the rectangular dislocation model (lat, lon):
#     41.936   143.248 : corner 1
#     39.930   142.874 : corner 2
#     40.067   141.581 : corner 3
#     42.073   141.955 : corner 4
#
#
# Number of elementary sliprate
# isoceles triangular functions
# per subfault:   4
#
# Half duration of elementary sliprate
# isoceles triangular functions (s):   4.20
# Triangles are overlapping each other by half
#
# slip rate unit: cm/s
#
#
# Seismic moment is converted into slip
# using a single constant value for the
# shear modulus mu of  0.250E+12 dyne/cm2
# assumed to be constant and characteristic
# of the fault shear zone
#
#
#
# "rake" (degrees) is the slip angle (Aki"s convention,
# e.g. rake=+45 means left-lateral-reverse movement.
#
#
# ************************************************
# Total seismic moment M0=  0.115E+28 dyne.cm
# ************************************************
#
#
PLANE 1
 143.06100    40.93300   15    5   225.000   115.000
188.00  18.00     5.924     0.000    80.500
POINTS   75
 142.15601    41.02850    30.800  188.00  18.00  0.3450E+13    0.00   4.20  -1  -1    73.34   289  4   0.0  0   0.0  0
      66.3         0.2         2.2         0.2
 142.04697    41.85836    37.907  188.00  18.00  0.3450E+13   26.54   4.20  -1  -1    30.00     0  4   0.0  0   0.0  0
       0.0         0.0         0.0         0.0
 142.02205    41.72462    37.907  188.00  18.00  0.3450E+13   22.41   4.20  -1  -1    30.00     0  4   0.0  0   0.0  0
       0.0         0.0         0.0         0.0
 141.99713    41.59088    37.907  188.00  18.00  0.3450E+13   18.49   4.20  -1  -1    39.21    47  4   0.0  0   0.0  0
      10.7         0.1         0.1         0.1
 141.97221    41.45713    37.907  188.00  18.00  0.3450E+13   14.74   4.20  -1  -1    97.73    23  4   0.0  0   0.0  0
       4.4         0.9         0.1         0.1
 141.94731    41.32339    37.907  188.00  18.00  0.3450E+13   15.00   4.20  -1  -1    93.38    46  4   0.0  0   0.0  0
       7.6         3.0         0.3         0.2
 141.92239    41.18965    37.907  188.00  18.00  0.3450E+13    7.99   4.20  -1  -1   109.80    87  4   0.0  0   0.0  0
      11.1         3.7         5.0         0.8
 141.89748    41.05591    37.907  188.00  18.00  0.3450E+13    7.55   4.20  -1  -1   119.16   106  4   0.0  0   0.0  0
       4.9        14.5         5.6         0.2
 141.87256    40.92217    37.907  188.00  18.00  0.3450E+13   17.63   4.20  -1  -1    60.28    44  4   0.0  0   0.0  0
       5.4         4.5         0.3         0.1
 141.84764    40.78843    37.907  188.00  18.00  0.3450E+13   18.34   4.20  -1  -1    30.58    78  4   0.0  0   0.0  0
       3.5         7.3         6.3         1.5
 141.82272    40.65469    37.907  188.00  18.00  0.3450E+13   14.44   4.20  -1  -1    30.00     0  4   0.0  0   0.0  0
       0.0         0.0         0.0         0.0
 141.79781    40.52094    37.907  188.00  18.00  0.3450E+13   18.36   4.20  -1  -1    30.00     0  4   0.0  0   0.0  0
       0.0         0.0         0.0         0.0
 141.77289    40.38720    37.907  188.00  18.00  0.3450E+13   22.41   4.20  -1  -1    30.00     0  4   0.0  0   0.0  0
       0.0         0.0         0.0         0.0
 141.74797    40.25346    37.907  188.00  18.00  0.3450E+13   26.54   4.20  -1  -1    30.00     0  4   0.0  0   0.0  0
       0.0         0.0         0.0         0.0
 141.72305    40.11972    37.907  188.00  18.00  0.3450E+13   28.98   4.20  -1  -1    30.00     0  4   0.0  0   0.0  0
       0.0         0.0         0.0         0.0
 142.33041    41.96469    30.800  188.00  18.00  0.3450E+13   28.98   4.20  -1  -1    30.00     0  4   0.0  0   0.0  0
       0.0         0.0         0.0         0.0
 142.30550    41.83095    30.800  188.00  18.00  0.3450E+13   25.71   4.20  -1  -1    30.00     0  4   0.0  0   0.0  0
       0.0         0.0         0.0         0.0
 142.28058    41.69721    30.800  188.00  18.00  0.3450E+13   21.43   4.20  -1  -1    30.00     0  4   0.0  0   0.0  0
       0.0         0.0         0.0         0.0
 142.25568    41.56347    30.800  188.00  18.00  0.3450E+13   18.44   4.20  -1  -1    98.12     3  4   0.0  0   0.0  0
       0.3         0.1         0.2         0.1
 142.23076    41.42973    30.800  188.00  18.00  0.3450E+13   13.09   4.20  -1  -1    52.95     4  4   0.0  0   0.0  0
       0.6         0.2         0.1         0.1
 142.20584    41.29598    30.800  188.00  18.00  0.3450E+13    8.57   4.20  -1  -1    66.43    13  4   0.0  0   0.0  0
       2.5         0.3         0.2         0.2
 142.18092    41.16224    30.800  188.00  18.00  0.3450E+13    4.50   4.20  -1  -1    68.12    67  4   0.0  0   0.0  0
       9.7         3.3         2.8         0.2
 142.07188    41.99210    37.907  188.00  18.00  0.3450E+13   28.98   4.20  -1  -1    30.00     0  4   0.0  0   0.0  0
       0.0         0.0         0.0         0.0
 142.13109    40.89476    30.800  188.00  18.00  0.3450E+13    5.96   4.20  -1  -1    59.00    41  4   0.0  0   0.0  0
       8.6         0.2         0.6         0.3
 142.10617    40.76102    30.800  188.00  18.00  0.3450E+13   14.60   4.20  -1  -1    41.06    19  4   0.0  0   0.0  0
       1.7         1.1         1.2         0.6
 142.08125    40.62727    30.800  188.00  18.00  0.3450E+13   12.86   4.20  -1  -1    30.00     0  4   0.0  0   0.0  0
       0.0         0.0         0.0         0.0
 142.05634    40.49353    30.800  188.00  18.00  0.3450E+13   17.14   4.20  -1  -1    30.00     0  4   0.0  0   0.0  0
       0.0         0.0         0.0         0.0
 142.03143    40.35979    30.800  188.00  18.00  0.3450E+13   21.43   4.20  -1  -1    30.00     0  4   0.0  0   0.0  0
       0.0         0.0         0.0         0.0
 142.00652    40.22605    30.800  188.00  18.00  0.3450E+13   25.71   4.20  -1  -1    30.00     0  4   0.0  0   0.0  0
       0.0         0.0         0.0         0.0
 141.98160    40.09231    30.800  188.00  18.00  0.3450E+13   28.98   4.20  -1  -1    30.00     0  4   0.0  0   0.0  0
       0.0         0.0         0.0         0.0
 142.58896    41.93728    23.693  188.00  18.00  0.3450E+13   28.98   4.20  -1  -1    30.00     0  4   0.0  0   0.0  0
       0.0         0.0         0.0         0.0
 142.56404    41.80354    23.693  188.00  18.00  0.3450E+13   26.54   4.20  -1  -1    30.00     0  4   0.0  0   0.0  0
       0.0         0.0         0.0         0.0
 142.53912    41.66980    23.693  188.00  18.00  0.3450E+13   22.41   4.20  -1  -1    30.00     0  4   0.0  0   0.0  0
       0.0         0.0         0.0         0.0
 142.51421    41.53606    23.693  188.00  18.00  0.3450E+13   18.52   4.20  -1  -1   119.18    21  4   0.0  0   0.0  0
       3.8         0.8         0.2         0.1
 142.48929    41.40231    23.693  188.00  18.00  0.3450E+13   21.00   4.20  -1  -1   119.30     6  4   0.0  0   0.0  0
       0.9         0.3         0.2         0.2
 142.46437    41.26857    23.693  188.00  18.00  0.3450E+13   24.71   4.20  -1  -1    86.18     3  4   0.0  0   0.0  0
       0.2         0.2         0.2         0.2
 142.43945    41.13483    23.693  188.00  18.00  0.3450E+13    8.28   4.20  -1  -1    73.36    10  4   0.0  0   0.0  0
       1.7         0.3         0.2         0.2
 142.41454    41.00109    23.693  188.00  18.00  0.3450E+13    8.95   4.20  -1  -1    49.66    20  4   0.0  0   0.0  0
       3.4         0.9         0.2         0.2
 142.38962    40.86735    23.693  188.00  18.00  0.3450E+13   27.18   4.20  -1  -1    96.22    25  4   0.0  0   0.0  0
       1.2         0.2         0.2         4.4
 142.36470    40.73360    23.693  188.00  18.00  0.3450E+13   13.95   4.20  -1  -1    47.68    14  4   0.0  0   0.0  0
       0.2         1.4         1.2         0.6
 142.33980    40.59986    23.693  188.00  18.00  0.3450E+13   14.44   4.20  -1  -1    30.00     0  4   0.0  0   0.0  0
       0.0         0.0         0.0         0.0
 142.31488    40.46612    23.693  188.00  18.00  0.3450E+13   18.36   4.20  -1  -1    30.00     0  4   0.0  0   0.0  0
       0.0         0.0         0.0         0.0
 142.28996    40.33238    23.693  188.00  18.00  0.3450E+13   22.41   4.20  -1  -1    30.00     0  4   0.0  0   0.0  0
       0.0         0.0         0.0         0.0
 142.26505    40.19864    23.693  188.00  18.00  0.3450E+13   26.54   4.20  -1  -1    30.00     0  4   0.0  0   0.0  0
       0.0         0.0         0.0         0.0
 142.24013    40.06490    23.693  188.00  18.00  0.3450E+13   28.98   4.20  -1  -1    30.00     0  4   0.0  0   0.0  0
       0.0         0.0         0.0         0.0
 142.84749    41.90987    16.585  188.00  18.00  0.3450E+13   28.98   4.20  -1  -1    30.00     0  4   0.0  0   0.0  0
       0.0         0.0         0.0         0.0
 142.82257    41.77613    16.585  188.00  18.00  0.3450E+13   28.88   4.20  -1  -1    30.00     0  4   0.0  0   0.0  0
       0.0         0.0         0.0         0.0
 142.79765    41.64239    16.585  188.00  18.00  0.3450E+13   25.14   4.20  -1  -1    30.00     0  4   0.0  0   0.0  0
       0.0         0.0         0.0         0.0
 142.77274    41.50864    16.585  188.00  18.00  0.3450E+13   21.82   4.20  -1  -1    83.39    37  4   0.0  0   0.0  0
       4.5         3.9         0.2         0.2
 142.74782    41.37490    16.585  188.00  18.00  0.3450E+13   21.75   4.20  -1  -1    94.94    31  4   0.0  0   0.0  0
       4.6         0.8         0.7         1.3
 142.72290    41.24116    16.585  188.00  18.00  0.3450E+13   19.35   4.20  -1  -1    85.62     7  4   0.0  0   0.0  0
       1.0         0.2         0.1         0.2
 142.69798    41.10742    16.585  188.00  18.00  0.3450E+13   17.70   4.20  -1  -1   116.32     3  4   0.0  0   0.0  0
       0.1         0.2         0.3         0.3
 142.67308    40.97368    16.585  188.00  18.00  0.3450E+13   17.79   4.20  -1  -1    58.15     3  4   0.0  0   0.0  0
       0.1         0.2         0.3         0.2
 142.64816    40.83994    16.585  188.00  18.00  0.3450E+13   18.58   4.20  -1  -1    65.71     7  4   0.0  0   0.0  0
       0.5         0.8         0.3         0.2
 142.62325    40.70620    16.585  188.00  18.00  0.3450E+13   28.34   4.20  -1  -1   119.13    34  4   0.0  0   0.0  0
       0.1         0.2         0.2         7.6
 142.59833    40.57245    16.585  188.00  18.00  0.3450E+13   18.39   4.20  -1  -1    30.00     0  4   0.0  0   0.0  0
       0.0         0.0         0.0         0.0
 142.57341    40.43871    16.585  188.00  18.00  0.3450E+13   21.60   4.20  -1  -1    30.00     0  4   0.0  0   0.0  0
       0.0         0.0         0.0         0.0
 142.54849    40.30497    16.585  188.00  18.00  0.3450E+13   25.14   4.20  -1  -1    30.00     0  4   0.0  0   0.0  0
       0.0         0.0         0.0         0.0
 142.52357    40.17123    16.585  188.00  18.00  0.3450E+13   28.88   4.20  -1  -1    30.00     0  4   0.0  0   0.0  0
       0.0         0.0         0.0         0.0
 142.49866    40.03749    16.585  188.00  18.00  0.3450E+13   28.98   4.20  -1  -1    30.00     0  4   0.0  0   0.0  0
       0.0         0.0         0.0         0.0
 143.10602    41.88246     9.478  188.00  18.00  0.3450E+13   28.98   4.20  -1  -1    30.00     0  4   0.0  0   0.0  0
       0.0         0.0         0.0         0.0
 143.08110    41.74872     9.478  188.00  18.00  0.3450E+13   28.98   4.20  -1  -1    30.00     0  4   0.0  0   0.0  0
       0.0         0.0         0.0         0.0
 143.05618    41.61498     9.478  188.00  18.00  0.3450E+13   28.98   4.20  -1  -1    30.00     0  4   0.0  0   0.0  0
       0.0         0.0         0.0         0.0
 143.03127    41.48124     9.478  188.00  18.00  0.3450E+13   28.70   4.20  -1  -1    30.91    68  4   0.0  0   0.0  0
      12.8         2.9         0.2         0.2
 143.00636    41.34749     9.478  188.00  18.00  0.3450E+13   25.59   4.20  -1  -1    30.17    19  4   0.0  0   0.0  0
       0.5         0.1         2.0         1.9
 142.98145    41.21375     9.478  188.00  18.00  0.3450E+13   24.77   4.20  -1  -1    45.44    15  4   0.0  0   0.0  0
       2.6         0.2         0.2         0.5
 142.95653    41.08001     9.478  188.00  18.00  0.3450E+13   20.50   4.20  -1  -1    90.02    79  4   0.0  0   0.0  0
      18.1         0.4         0.2         0.2
 142.93161    40.94627     9.478  188.00  18.00  0.3450E+13   19.99   4.20  -1  -1    78.48    23  4   0.0  0   0.0  0
       3.5         1.5         0.2         0.2
 142.90669    40.81253     9.478  188.00  18.00  0.3450E+13   21.91   4.20  -1  -1   106.64    16  4   0.0  0   0.0  0
       2.3         1.1         0.2         0.1
 142.88177    40.67879     9.478  188.00  18.00  0.3450E+13   24.89   4.20  -1  -1   113.89    18  4   0.0  0   0.0  0
       0.2         0.2         0.2         3.8
 142.85686    40.54504     9.478  188.00  18.00  0.3450E+13   23.54   4.20  -1  -1    30.00     0  4   0.0  0   0.0  0
       0.0         0.0         0.0         0.0
 142.83194    40.41130     9.478  188.00  18.00  0.3450E+13   26.12   4.20  -1  -1    30.00     0  4   0.0  0   0.0  0
       0.0         0.0         0.0         0.0
 142.80702    40.27756     9.478  188.00  18.00  0.3450E+13   28.98   4.20  -1  -1    30.00     0  4   0.0  0   0.0  0
       0.0         0.0         0.0         0.0
 142.78210    40.14382     9.478  188.00  18.00  0.3450E+13   28.98   4.20  -1  -1    30.00     0  4   0.0  0   0.0  0
       0.0         0.0         0.0         0.0
 142.75720    40.01008     9.478  188.00  18.00  0.3450E+13   28.98   4.20  -1  -1    30.00     0  4   0.0  0   0.0  0
       0.0         0.0         0.0         0.0
