2.0
#
# http://equake-rc.info/static/paper/SRF-Description-Graves_2.0.pdf
# RECTANGULAR fault MODEL
#
# All subfaults are   5.0 km long along strike and
#   3.5 km wide along dip
#
# Model length along strike is   45.0 km
#
# Model width along dip is   17.5 km
#
# Corners of the rectangular dislocation model (lat, lon):
#     40.842    27.916 : corner 1
#     40.891    28.448 : corner 2
#     40.856    28.454 : corner 3
#     40.807    27.922 : corner 4
#
#
# Number of elementary sliprate
# isoceles triangular functions
# per subfault:   4
#
# Half duration of elementary sliprate
# isoceles triangular functions (s):   1.55
# Triangles are overlapping each other by half
#
# slip rate unit: cm/s
#
#
# Seismic moment is converted into slip
# using a single constant value for the
# shear modulus mu of  0.250E+12 dyne/cm2
# assumed to be constant and characteristic
# of the fault shear zone
#
#
#
# "rake" (degrees) is the slip angle (Aki"s convention,
# e.g. rake=+45 means left-lateral-reverse movement.
#
#
# ************************************************
# Total seismic moment M0=  0.229E+26 dyne.cm
# ************************************************
#
#
PLANE 1
  28.18200    40.86650    9    5    45.000    17.500
 83.00  77.00     0.064     0.000    12.250
POINTS   45
  28.18600    40.84180    12.000   83.00  77.00  0.1750E+12    0.00   1.55  -1  -1  -150.60    61  4   0.0  0   0.0  0
      38.7         0.3         0.1         0.1
  28.00995    40.81831    15.410   83.00  77.00  0.1750E+12    4.40   1.55  -1  -1   133.00     0  4   0.0  0   0.0  0
       0.0         0.0         0.0         0.0
  28.06902    40.82379    15.410   83.00  77.00  0.1750E+12    3.03   1.55  -1  -1   133.00     0  4   0.0  0   0.0  0
       0.0         0.0         0.0         0.0
  28.12808    40.82928    15.410   83.00  77.00  0.1750E+12    5.86   1.55  -1  -1  -175.11     2  4   0.0  0   0.0  0
       0.1         0.2         1.1         0.1
  28.18714    40.83477    15.410   83.00  77.00  0.1750E+12    1.40   1.55  -1  -1   152.30     1  4   0.0  0   0.0  0
       0.4         0.1         0.1         0.1
  28.24621    40.84025    15.410   83.00  77.00  0.1750E+12    1.82   1.55  -1  -1   134.51    31  4   0.0  0   0.0  0
      19.9         0.1         0.1         0.1
  28.30527    40.84574    15.410   83.00  77.00  0.1750E+12    3.56   1.55  -1  -1   133.21    47  4   0.0  0   0.0  0
      30.1         0.3         0.1         0.1
  28.36433    40.85122    15.410   83.00  77.00  0.1750E+12    4.51   1.55  -1  -1   133.10    56  4   0.0  0   0.0  0
      35.8         0.2         0.2         0.1
  28.42340    40.85671    15.410   83.00  77.00  0.1750E+12    5.80   1.55  -1  -1   133.00     0  4   0.0  0   0.0  0
       0.0         0.0         0.0         0.0
  27.94975    40.81985    12.000   83.00  77.00  0.1750E+12    5.71   1.55  -1  -1   133.00     0  4   0.0  0   0.0  0
       0.0         0.0         0.0         0.0
  28.00881    40.82534    12.000   83.00  77.00  0.1750E+12    4.29   1.55  -1  -1   133.00     0  4   0.0  0   0.0  0
       0.0         0.0         0.0         0.0
  28.06787    40.83083    12.000   83.00  77.00  0.1750E+12    2.86   1.55  -1  -1   133.00     0  4   0.0  0   0.0  0
       0.0         0.0         0.0         0.0
  28.12694    40.83632    12.000   83.00  77.00  0.1750E+12    4.31   1.55  -1  -1  -147.27    14  4   0.0  0   0.0  0
       0.1         0.1         0.1         8.9
  27.95089    40.81282    15.410   83.00  77.00  0.1750E+12    5.80   1.55  -1  -1   133.00     0  4   0.0  0   0.0  0
       0.0         0.0         0.0         0.0
  28.24506    40.84729    12.000   83.00  77.00  0.1750E+12    1.64   1.55  -1  -1  -143.53    30  4   0.0  0   0.0  0
      19.3         0.2         0.1         0.1
  28.30413    40.85277    12.000   83.00  77.00  0.1750E+12    2.91   1.55  -1  -1   147.93     1  4   0.0  0   0.0  0
       0.2         0.3         0.1         0.1
  28.36319    40.85826    12.000   83.00  77.00  0.1750E+12    5.52   1.55  -1  -1   133.38    17  4   0.0  0   0.0  0
       7.1         3.3         0.7         0.1
  28.42225    40.86375    12.000   83.00  77.00  0.1750E+12    5.71   1.55  -1  -1   133.00     0  4   0.0  0   0.0  0
       0.0         0.0         0.0         0.0
  27.94860    40.82689     8.590   83.00  77.00  0.1750E+12    5.80   1.55  -1  -1   133.00     0  4   0.0  0   0.0  0
       0.0         0.0         0.0         0.0
  28.00767    40.83238     8.590   83.00  77.00  0.1750E+12    4.40   1.55  -1  -1   133.00     0  4   0.0  0   0.0  0
       0.0         0.0         0.0         0.0
  28.06673    40.83786     8.590   83.00  77.00  0.1750E+12    3.03   1.55  -1  -1   133.00     0  4   0.0  0   0.0  0
       0.0         0.0         0.0         0.0
  28.12580    40.84335     8.590   83.00  77.00  0.1750E+12    5.83   1.55  -1  -1  -171.43     1  4   0.0  0   0.0  0
       0.1         0.1         0.6         0.1
  28.18486    40.84883     8.590   83.00  77.00  0.1750E+12    1.00   1.55  -1  -1  -159.07    60  4   0.0  0   0.0  0
      38.4         0.1         0.1         0.1
  28.24392    40.85432     8.590   83.00  77.00  0.1750E+12    1.98   1.55  -1  -1  -166.88    57  4   0.0  0   0.0  0
      36.6         0.3         0.1         0.1
  28.30299    40.85981     8.590   83.00  77.00  0.1750E+12    3.03   1.55  -1  -1  -160.30    18  4   0.0  0   0.0  0
      11.5         0.1         0.1         0.1
  28.36205    40.86530     8.590   83.00  77.00  0.1750E+12    4.48   1.55  -1  -1   136.77     7  4   0.0  0   0.0  0
       3.8         0.1         0.6         0.1
  28.42111    40.87078     8.590   83.00  77.00  0.1750E+12    5.80   1.55  -1  -1   133.00     0  4   0.0  0   0.0  0
       0.0         0.0         0.0         0.0
  27.94746    40.83393     5.179   83.00  77.00  0.1750E+12    6.05   1.55  -1  -1   133.00     0  4   0.0  0   0.0  0
       0.0         0.0         0.0         0.0
  28.00653    40.83941     5.179   83.00  77.00  0.1750E+12    4.73   1.55  -1  -1   133.00     0  4   0.0  0   0.0  0
       0.0         0.0         0.0         0.0
  28.06559    40.84490     5.179   83.00  77.00  0.1750E+12    3.49   1.55  -1  -1   133.00     0  4   0.0  0   0.0  0
       0.0         0.0         0.0         0.0
  28.12465    40.85039     5.179   83.00  77.00  0.1750E+12    6.48   1.55  -1  -1  -142.39     1  4   0.0  0   0.0  0
       0.1         0.1         0.1         0.1
  28.18372    40.85587     5.179   83.00  77.00  0.1750E+12    6.86   1.55  -1  -1  -167.42     9  4   0.0  0   0.0  0
       0.1         0.1         0.1         5.3
  28.24278    40.86136     5.179   83.00  77.00  0.1750E+12    2.87   1.55  -1  -1  -162.47    42  4   0.0  0   0.0  0
      22.2         0.1         0.1         4.9
  28.30184    40.86684     5.179   83.00  77.00  0.1750E+12    3.61   1.55  -1  -1   177.77    16  4   0.0  0   0.0  0
       9.8         0.2         0.1         0.1
  28.36091    40.87233     5.179   83.00  77.00  0.1750E+12    5.53   1.55  -1  -1   150.49     1  4   0.0  0   0.0  0
       0.2         0.2         0.1         0.1
  28.41997    40.87782     5.179   83.00  77.00  0.1750E+12    6.05   1.55  -1  -1   133.00     0  4   0.0  0   0.0  0
       0.0         0.0         0.0         0.0
  27.94632    40.84096     1.769   83.00  77.00  0.1750E+12    6.45   1.55  -1  -1   133.00     0  4   0.0  0   0.0  0
       0.0         0.0         0.0         0.0
  28.00538    40.84645     1.769   83.00  77.00  0.1750E+12    5.23   1.55  -1  -1   133.00     0  4   0.0  0   0.0  0
       0.0         0.0         0.0         0.0
  28.06445    40.85194     1.769   83.00  77.00  0.1750E+12    4.14   1.55  -1  -1   133.00     0  4   0.0  0   0.0  0
       0.0         0.0         0.0         0.0
  28.12351    40.85742     1.769   83.00  77.00  0.1750E+12    7.04   1.55  -1  -1   178.25     1  4   0.0  0   0.0  0
       0.1         0.1         0.1         0.1
  28.18258    40.86291     1.769   83.00  77.00  0.1750E+12    6.91   1.55  -1  -1   170.23     2  4   0.0  0   0.0  0
       0.1         0.1         0.1         0.8
  28.24164    40.86840     1.769   83.00  77.00  0.1750E+12    7.16   1.55  -1  -1   161.86    21  4   0.0  0   0.0  0
       5.2         0.1         0.1         8.0
  28.30070    40.87388     1.769   83.00  77.00  0.1750E+12    4.16   1.55  -1  -1   156.16    11  4   0.0  0   0.0  0
       6.8         0.1         0.1         0.1
  28.35977    40.87937     1.769   83.00  77.00  0.1750E+12    5.32   1.55  -1  -1   178.74    16  4   0.0  0   0.0  0
       9.9         0.1         0.0         0.1
  28.41883    40.88485     1.769   83.00  77.00  0.1750E+12    6.45   1.55  -1  -1   133.00     0  4   0.0  0   0.0  0
       0.0         0.0         0.0         0.0
