2.0
#
# http://equake-rc.info/static/paper/SRF-Description-Graves_2.0.pdf
# RECTANGULAR fault MODEL
#
# All subfaults are   4.0 km long along strike and
#   4.2 km wide along dip
#
# Model length along strike is   36.0 km
#
# Model width along dip is   21.0 km
#
# Corners of the rectangular dislocation model (lat, lon):
#     52.406  -169.868 : corner 1
#     52.586  -170.312 : corner 2
#     52.681  -170.208 : corner 3
#     52.502  -169.764 : corner 4
#
#
# Number of elementary sliprate
# isoceles triangular functions
# per subfault:   4
#
# Half duration of elementary sliprate
# isoceles triangular functions (s):   1.33
# Triangles are overlapping each other by half
#
# slip rate unit: cm/s
#
#
# Seismic moment is converted into slip
# using a single constant value for the
# shear modulus mu of  0.250E+12 dyne/cm2
# assumed to be constant and characteristic
# of the fault shear zone
#
#
#
# "rake" (degrees) is the slip angle (Aki"s convention,
# e.g. rake=+45 means left-lateral-reverse movement.
#
#
# ************************************************
# Total seismic moment M0=  0.161E+26 dyne.cm
# ************************************************
#
#
PLANE 1
-170.09000    52.49600    9    5    36.000    21.000
303.59  52.84     0.031     0.000    10.500
POINTS   45
-170.03819    52.54360     8.400  303.59  52.84  0.1680E+12    0.00   1.33  -1  -1  -135.09     5  4   0.0  0   0.0  0
       2.9         0.4         0.2         0.1
-169.84854    52.52187    15.095  303.59  52.84  0.1680E+12    5.63   1.33  -1  -1   -84.31     0  4   0.0  0   0.0  0
       0.1         0.1         0.1         0.1
-169.89790    52.54181    15.095  303.59  52.84  0.1680E+12    3.37   1.33  -1  -1  -137.30    35  4   0.0  0   0.0  0
      26.2         0.3         0.0         0.1
-169.94727    52.56174    15.095  303.59  52.84  0.1680E+12    2.79   1.33  -1  -1  -150.08    28  4   0.0  0   0.0  0
      15.9         5.2         0.1         0.1
-169.99661    52.58167    15.095  303.59  52.84  0.1680E+12    2.82   1.33  -1  -1  -139.36     3  4   0.0  0   0.0  0
       1.6         0.2         0.1         0.0
-170.04597    52.60160    15.095  303.59  52.84  0.1680E+12    4.13   1.33  -1  -1   -88.68     0  4   0.0  0   0.0  0
       0.1         0.1         0.1         0.0
-170.09534    52.62154    15.095  303.59  52.84  0.1680E+12    3.31   1.33  -1  -1  -151.01     0  4   0.0  0   0.0  0
       0.0         0.0         0.0         0.0
-170.14468    52.64147    15.095  303.59  52.84  0.1680E+12    4.87   1.33  -1  -1  -129.54     0  4   0.0  0   0.0  0
       0.1         0.1         0.1         0.1
-170.19405    52.66140    15.095  303.59  52.84  0.1680E+12    5.31   1.33  -1  -1  -147.18     1  4   0.0  0   0.0  0
       0.2         0.2         0.1         0.0
-169.81998    52.48291    11.747  303.59  52.84  0.1680E+12    4.73   1.33  -1  -1  -151.01     0  4   0.0  0   0.0  0
       0.0         0.0         0.0         0.0
-169.86934    52.50284    11.747  303.59  52.84  0.1680E+12    5.66   1.33  -1  -1   -78.20     7  4   0.0  0   0.0  0
       0.1         0.0         0.1         5.2
-169.91869    52.52277    11.747  303.59  52.84  0.1680E+12    2.58   1.33  -1  -1   -97.90    10  4   0.0  0   0.0  0
       5.2         0.1         0.0         1.8
-169.96805    52.54270    11.747  303.59  52.84  0.1680E+12    1.95   1.33  -1  -1  -126.74     2  4   0.0  0   0.0  0
       0.2         1.0         0.1         0.1
-170.01741    52.56264    11.747  303.59  52.84  0.1680E+12    1.35   1.33  -1  -1  -143.80     1  4   0.0  0   0.0  0
       0.1         0.1         0.1         0.0
-170.06676    52.58257    11.747  303.59  52.84  0.1680E+12    1.70   1.33  -1  -1  -129.68     3  4   0.0  0   0.0  0
       1.9         0.2         0.2         0.1
-170.11612    52.60250    11.747  303.59  52.84  0.1680E+12    2.58   1.33  -1  -1  -151.01     0  4   0.0  0   0.0  0
       0.0         0.0         0.0         0.0
-170.16548    52.62243    11.747  303.59  52.84  0.1680E+12    4.04   1.33  -1  -1  -134.45     1  4   0.0  0   0.0  0
       0.2         0.2         0.1         0.1
-170.21483    52.64236    11.747  303.59  52.84  0.1680E+12    5.12   1.33  -1  -1  -144.18     3  4   0.0  0   0.0  0
       1.9         0.1         0.1         0.2
-169.84076    52.46387     8.400  303.59  52.84  0.1680E+12    4.57   1.33  -1  -1  -151.01     0  4   0.0  0   0.0  0
       0.0         0.0         0.0         0.0
-169.89012    52.48380     8.400  303.59  52.84  0.1680E+12    5.19   1.33  -1  -1   -67.04     4  4   0.0  0   0.0  0
       0.1         0.1         0.1         3.1
-169.93948    52.50373     8.400  303.59  52.84  0.1680E+12    5.66   1.33  -1  -1   -98.54    20  4   0.0  0   0.0  0
       6.8         0.1         0.1         8.4
-169.98883    52.52367     8.400  303.59  52.84  0.1680E+12    1.90   1.33  -1  -1  -142.82     8  4   0.0  0   0.0  0
       3.4         2.2         0.1         0.1
-169.79919    52.50194    15.095  303.59  52.84  0.1680E+12    5.16   1.33  -1  -1  -151.01     0  4   0.0  0   0.0  0
       0.0         0.0         0.0         0.0
-170.08755    52.56353     8.400  303.59  52.84  0.1680E+12    1.15   1.33  -1  -1  -118.20    19  4   0.0  0   0.0  0
       8.8         0.3         0.1         5.0
-170.13690    52.58346     8.400  303.59  52.84  0.1680E+12    2.29   1.33  -1  -1  -151.01     0  4   0.0  0   0.0  0
       0.0         0.0         0.0         0.0
-170.18626    52.60340     8.400  303.59  52.84  0.1680E+12    5.12   1.33  -1  -1   -85.22    27  4   0.0  0   0.0  0
       3.9         0.1         0.2        16.0
-170.23563    52.62333     8.400  303.59  52.84  0.1680E+12    5.12   1.33  -1  -1  -130.11    41  4   0.0  0   0.0  0
      13.6         7.0         3.8         6.5
-169.86156    52.44483     5.053  303.59  52.84  0.1680E+12    4.73   1.33  -1  -1  -151.01     0  4   0.0  0   0.0  0
       0.0         0.0         0.0         0.0
-169.91090    52.46476     5.053  303.59  52.84  0.1680E+12    5.19   1.33  -1  -1   -74.67     0  4   0.0  0   0.0  0
       0.0         0.1         0.1         0.1
-169.96027    52.48470     5.053  303.59  52.84  0.1680E+12    5.10   1.33  -1  -1   -86.46     1  4   0.0  0   0.0  0
       0.1         0.0         0.1         0.2
-170.00963    52.50463     5.053  303.59  52.84  0.1680E+12    1.71   1.33  -1  -1  -109.53     1  4   0.0  0   0.0  0
       0.2         0.1         0.1         0.1
-170.05898    52.52456     5.053  303.59  52.84  0.1680E+12    1.83   1.33  -1  -1  -126.66     4  4   0.0  0   0.0  0
       2.3         0.4         0.1         0.1
-170.10834    52.54449     5.053  303.59  52.84  0.1680E+12    2.58   1.33  -1  -1  -115.65     6  4   0.0  0   0.0  0
       4.4         0.1         0.1         0.1
-170.15770    52.56443     5.053  303.59  52.84  0.1680E+12    2.58   1.33  -1  -1  -151.01     0  4   0.0  0   0.0  0
       0.0         0.0         0.0         0.0
-170.20705    52.58436     5.053  303.59  52.84  0.1680E+12    5.38   1.33  -1  -1   -67.32    26  4   0.0  0   0.0  0
       0.1         0.1         4.6        14.8
-170.25641    52.60429     5.053  303.59  52.84  0.1680E+12    5.13   1.33  -1  -1   -95.04    20  4   0.0  0   0.0  0
       0.2         0.3         8.4         6.5
-169.88234    52.42579     1.705  303.59  52.84  0.1680E+12    5.16   1.33  -1  -1  -151.01     0  4   0.0  0   0.0  0
       0.0         0.0         0.0         0.0
-169.93170    52.44572     1.705  303.59  52.84  0.1680E+12    5.33   1.33  -1  -1   -79.46     0  4   0.0  0   0.0  0
       0.1         0.1         0.0         0.1
-169.98105    52.46566     1.705  303.59  52.84  0.1680E+12    4.06   1.33  -1  -1   -84.14     0  4   0.0  0   0.0  0
       0.1         0.1         0.1         0.1
-170.03041    52.48559     1.705  303.59  52.84  0.1680E+12    2.90   1.33  -1  -1   -89.50     1  4   0.0  0   0.0  0
       0.3         0.2         0.1         0.1
-170.07977    52.50552     1.705  303.59  52.84  0.1680E+12    2.57   1.33  -1  -1  -107.40    20  4   0.0  0   0.0  0
      14.0         0.5         0.2         0.1
-170.12912    52.52546     1.705  303.59  52.84  0.1680E+12    4.38   1.33  -1  -1   -67.99     2  4   0.0  0   0.0  0
       0.1         0.5         0.2         0.7
-170.17848    52.54539     1.705  303.59  52.84  0.1680E+12    3.31   1.33  -1  -1  -151.01     0  4   0.0  0   0.0  0
       0.0         0.0         0.0         0.0
-170.22784    52.56532     1.705  303.59  52.84  0.1680E+12    4.26   1.33  -1  -1  -105.65    38  4   0.0  0   0.0  0
      28.3         0.3         0.1         0.2
-170.27719    52.58525     1.705  303.59  52.84  0.1680E+12    5.16   1.33  -1  -1  -100.20    46  4   0.0  0   0.0  0
      28.9         5.3         0.4         0.2
