2.0
#
# http://equake-rc.info/static/paper/SRF-Description-Graves_2.0.pdf
# RECTANGULAR fault MODEL
#
# All subfaults are  97.0 km long along strike and
#  51.8 km wide along dip
#
# Model length along strike is 2037.0 km
#
# Model width along dip is  259.0 km
#
# Corners of the rectangular dislocation model (lat, lon):
#     46.972   146.431 : corner 1
#     29.104   141.174 : corner 2
#     29.622   138.315 : corner 3
#     47.490   143.572 : corner 4
#
#
# Number of elementary sliprate
# isoceles triangular functions
# per subfault:   4
#
# Half duration of elementary sliprate
# isoceles triangular functions (s):  14.35
# Triangles are overlapping each other by half
#
# slip rate unit: cm/s
#
#
# Seismic moment is converted into slip
# using a single constant value for the
# shear modulus mu of  0.250E+12 dyne/cm2
# assumed to be constant and characteristic
# of the fault shear zone
#
#
#
# "rake" (degrees) is the slip angle (Aki"s convention,
# e.g. rake=+45 means left-lateral-reverse movement.
#
#
# ************************************************
# Total seismic moment M0=  0.494E+30 dyne.cm
# ************************************************
#
#
PLANE 1
 143.80249    38.03800   21    5  2037.000   259.000
193.00   9.00     0.041     0.000   129.498
POINTS  105
 142.37300    38.29700    20.300  193.00   9.00  0.5025E+14    0.00  14.35  -1  -1   111.74  1036  4   0.0  0   0.0  0
      23.8        28.7         6.8        12.9
 143.48203    46.16205    36.507  193.00   9.00  0.5025E+14  209.96  14.35  -1  -1    33.00     0  4   0.0  0   0.0  0
       0.0         0.0         0.0         0.0
 143.23172    45.31118    36.507  193.00   9.00  0.5025E+14  209.96  14.35  -1  -1   104.85   163  4   0.0  0   0.0  0
       3.4         1.4         3.2         3.2
 142.98143    44.46031    36.507  193.00   9.00  0.5025E+14  202.77  14.35  -1  -1    48.46   199  4   0.0  0   0.0  0
       1.2         2.8         6.3         3.6
 142.73112    43.60944    36.507  193.00   9.00  0.5025E+14  197.60  14.35  -1  -1    68.32   191  4   0.0  0   0.0  0
       5.8         5.4         1.5         0.7
 142.48082    42.75857    36.507  193.00   9.00  0.5025E+14  184.03  14.35  -1  -1    85.94   126  4   0.0  0   0.0  0
       2.0         2.5         1.0         3.3
 142.23051    41.90770    36.507  193.00   9.00  0.5025E+14  184.44  14.35  -1  -1   120.24   164  4   0.0  0   0.0  0
       1.9         3.3         4.4         1.9
 141.98022    41.05683    36.507  193.00   9.00  0.5025E+14  188.35  14.35  -1  -1   115.67   275  4   0.0  0   0.0  0
       3.4         4.1         6.1         5.6
 141.72992    40.20596    36.507  193.00   9.00  0.5025E+14   65.60  14.35  -1  -1   101.93   460  4   0.0  0   0.0  0
      11.5         5.2         7.5         7.8
 141.47961    39.35509    36.507  193.00   9.00  0.5025E+14   66.18  14.35  -1  -1    58.16   362  4   0.0  0   0.0  0
       9.9         0.8         2.5        12.0
 141.22931    38.50422    36.507  193.00   9.00  0.5025E+14   29.63  14.35  -1  -1    90.82   447  4   0.0  0   0.0  0
       8.5         6.6        10.8         5.2
 140.97902    37.65335    36.507  193.00   9.00  0.5025E+14  140.09  14.35  -1  -1   109.53   451  4   0.0  0   0.0  0
       4.9         8.6        12.0         5.9
 140.72871    36.80248    36.507  193.00   9.00  0.5025E+14  158.34  14.35  -1  -1    76.76   406  4   0.0  0   0.0  0
       5.9         7.6         5.6         9.1
 140.47841    35.95161    36.507  193.00   9.00  0.5025E+14  165.45  14.35  -1  -1    81.24   310  4   0.0  0   0.0  0
       4.4         3.8         5.7         7.7
 140.22810    35.10074    36.507  193.00   9.00  0.5025E+14  133.48  14.35  -1  -1    90.01   214  4   0.0  0   0.0  0
       3.2         5.0         3.0         3.7
 139.97781    34.24987    36.507  193.00   9.00  0.5025E+14  141.70  14.35  -1  -1    33.00     0  4   0.0  0   0.0  0
       0.0         0.0         0.0         0.0
 139.72751    33.39900    36.507  193.00   9.00  0.5025E+14  168.90  14.35  -1  -1    33.00     0  4   0.0  0   0.0  0
       0.0         0.0         0.0         0.0
 139.47720    32.54813    36.507  193.00   9.00  0.5025E+14  196.25  14.35  -1  -1    33.00     0  4   0.0  0   0.0  0
       0.0         0.0         0.0         0.0
 139.22690    31.69726    36.507  193.00   9.00  0.5025E+14  209.96  14.35  -1  -1    33.00     0  4   0.0  0   0.0  0
       0.0         0.0         0.0         0.0
 138.97661    30.84639    36.507  193.00   9.00  0.5025E+14  209.96  14.35  -1  -1    33.00     0  4   0.0  0   0.0  0
       0.0         0.0         0.0         0.0
 138.72630    29.99552    36.507  193.00   9.00  0.5025E+14  209.96  14.35  -1  -1    33.00     0  4   0.0  0   0.0  0
       0.0         0.0         0.0         0.0
 144.30417    46.90931    28.403  193.00   9.00  0.5025E+14  209.96  14.35  -1  -1    33.00     0  4   0.0  0   0.0  0
       0.0         0.0         0.0         0.0
 144.05386    46.05844    28.403  193.00   9.00  0.5025E+14  209.96  14.35  -1  -1    33.00     0  4   0.0  0   0.0  0
       0.0         0.0         0.0         0.0
 143.80357    45.20757    28.403  193.00   9.00  0.5025E+14  209.96  14.35  -1  -1    59.03   233  4   0.0  0   0.0  0
       3.9         2.7         3.8         5.8
 143.55327    44.35670    28.403  193.00   9.00  0.5025E+14  198.30  14.35  -1  -1    80.28   173  4   0.0  0   0.0  0
       2.7         3.6         1.8         4.0
 143.30296    43.50583    28.403  193.00   9.00  0.5025E+14  168.14  14.35  -1  -1    55.40   234  4   0.0  0   0.0  0
       3.8         3.1         5.7         3.8
 143.05266    42.65496    28.403  193.00   9.00  0.5025E+14  158.64  14.35  -1  -1    80.69   226  4   0.0  0   0.0  0
       3.9         3.7         3.0         5.2
 142.80237    41.80409    28.403  193.00   9.00  0.5025E+14  122.26  14.35  -1  -1    82.98   245  4   0.0  0   0.0  0
       5.1         2.3         6.8         2.9
 142.55206    40.95322    28.403  193.00   9.00  0.5025E+14  198.48  14.35  -1  -1   116.06   326  4   0.0  0   0.0  0
       4.8         5.5         5.6         6.7
 142.30176    40.10235    28.403  193.00   9.00  0.5025E+14  174.86  14.35  -1  -1   101.37   345  4   0.0  0   0.0  0
       5.9         4.0         6.6         7.6
 142.05145    39.25148    28.403  193.00   9.00  0.5025E+14   46.28  14.35  -1  -1    89.41   424  4   0.0  0   0.0  0
      14.1         4.7         6.0         4.7
 141.80116    38.40061    28.403  193.00   9.00  0.5025E+14   29.28  14.35  -1  -1    87.60   527  4   0.0  0   0.0  0
      13.8         6.5         8.7         7.6
 141.55086    37.54974    28.403  193.00   9.00  0.5025E+14   44.35  14.35  -1  -1    87.20   421  4   0.0  0   0.0  0
       4.0        12.1        11.8         1.5
 141.30055    36.69887    28.403  193.00   9.00  0.5025E+14  129.26  14.35  -1  -1    87.63   429  4   0.0  0   0.0  0
       3.1         2.8        11.0        13.1
 141.05025    35.84800    28.403  193.00   9.00  0.5025E+14   90.20  14.35  -1  -1    89.47   452  4   0.0  0   0.0  0
       4.4         8.5         8.3        10.3
 140.79996    34.99713    28.403  193.00   9.00  0.5025E+14  128.73  14.35  -1  -1    96.35   389  4   0.0  0   0.0  0
       8.5         9.7         5.1         3.8
 140.54965    34.14626    28.403  193.00   9.00  0.5025E+14  139.36  14.35  -1  -1    33.00     0  4   0.0  0   0.0  0
       0.0         0.0         0.0         0.0
 140.29935    33.29539    28.403  193.00   9.00  0.5025E+14  166.94  14.35  -1  -1    33.00     0  4   0.0  0   0.0  0
       0.0         0.0         0.0         0.0
 140.04904    32.44452    28.403  193.00   9.00  0.5025E+14  194.56  14.35  -1  -1    33.00     0  4   0.0  0   0.0  0
       0.0         0.0         0.0         0.0
 139.79875    31.59365    28.403  193.00   9.00  0.5025E+14  209.96  14.35  -1  -1    33.00     0  4   0.0  0   0.0  0
       0.0         0.0         0.0         0.0
 139.54845    30.74278    28.403  193.00   9.00  0.5025E+14  209.96  14.35  -1  -1    33.00     0  4   0.0  0   0.0  0
       0.0         0.0         0.0         0.0
 139.29814    29.89191    28.403  193.00   9.00  0.5025E+14  209.96  14.35  -1  -1    33.00     0  4   0.0  0   0.0  0
       0.0         0.0         0.0         0.0
 144.87602    46.80570    20.300  193.00   9.00  0.5025E+14  209.96  14.35  -1  -1    33.00     0  4   0.0  0   0.0  0
       0.0         0.0         0.0         0.0
 144.62572    45.95483    20.300  193.00   9.00  0.5025E+14  209.96  14.35  -1  -1    33.00     0  4   0.0  0   0.0  0
       0.0         0.0         0.0         0.0
 144.37541    45.10396    20.300  193.00   9.00  0.5025E+14  209.96  14.35  -1  -1    59.90   248  4   0.0  0   0.0  0
       7.5         3.8         3.8         2.2
 144.12511    44.25309    20.300  193.00   9.00  0.5025E+14  194.27  14.35  -1  -1    93.51   239  4   0.0  0   0.0  0
       6.9         4.4         4.4         1.0
 143.87482    43.40222    20.300  193.00   9.00  0.5025E+14  179.18  14.35  -1  -1    72.79   342  4   0.0  0   0.0  0
      10.1        10.6         2.4         0.7
 143.62451    42.55135    20.300  193.00   9.00  0.5025E+14  207.79  14.35  -1  -1    93.08   388  4   0.0  0   0.0  0
      15.0         5.9         3.6         2.5
 143.37421    41.70048    20.300  193.00   9.00  0.5025E+14  115.61  14.35  -1  -1   102.53   483  4   0.0  0   0.0  0
       2.0        16.0         7.7         7.9
 143.12390    40.84961    20.300  193.00   9.00  0.5025E+14  149.76  14.35  -1  -1   116.89   545  4   0.0  0   0.0  0
      13.2         7.0        11.4         6.3
 142.87361    39.99874    20.300  193.00   9.00  0.5025E+14  133.54  14.35  -1  -1    95.06   625  4   0.0  0   0.0  0
      11.1         7.3        15.2         9.9
 142.62331    39.14787    20.300  193.00   9.00  0.5025E+14   31.70  14.35  -1  -1    83.40   789  4   0.0  0   0.0  0
      10.9        16.5        17.5        10.0
 143.73233    47.01292    36.507  193.00   9.00  0.5025E+14  209.96  14.35  -1  -1    33.00     0  4   0.0  0   0.0  0
       0.0         0.0         0.0         0.0
 142.12270    37.44613    20.300  193.00   9.00  0.5025E+14   29.60  14.35  -1  -1   108.58   714  4   0.0  0   0.0  0
       6.9        22.4        10.9         9.6
 141.87239    36.59526    20.300  193.00   9.00  0.5025E+14  101.70  14.35  -1  -1    91.09   667  4   0.0  0   0.0  0
      10.2        13.6        13.2         9.5
 141.62210    35.74439    20.300  193.00   9.00  0.5025E+14  112.13  14.35  -1  -1   105.79   667  4   0.0  0   0.0  0
      11.8         8.4        12.7        13.5
 141.37180    34.89352    20.300  193.00   9.00  0.5025E+14  115.09  14.35  -1  -1   110.91   452  4   0.0  0   0.0  0
      15.1         9.1         4.8         2.5
 141.12149    34.04265    20.300  193.00   9.00  0.5025E+14  138.57  14.35  -1  -1    33.00     0  4   0.0  0   0.0  0
       0.0         0.0         0.0         0.0
 140.87119    33.19178    20.300  193.00   9.00  0.5025E+14  166.29  14.35  -1  -1    33.00     0  4   0.0  0   0.0  0
       0.0         0.0         0.0         0.0
 140.62090    32.34091    20.300  193.00   9.00  0.5025E+14  194.00  14.35  -1  -1    33.00     0  4   0.0  0   0.0  0
       0.0         0.0         0.0         0.0
 140.37059    31.49004    20.300  193.00   9.00  0.5025E+14  209.96  14.35  -1  -1    33.00     0  4   0.0  0   0.0  0
       0.0         0.0         0.0         0.0
 140.12029    30.63917    20.300  193.00   9.00  0.5025E+14  209.96  14.35  -1  -1    33.00     0  4   0.0  0   0.0  0
       0.0         0.0         0.0         0.0
 139.86998    29.78830    20.300  193.00   9.00  0.5025E+14  209.96  14.35  -1  -1    33.00     0  4   0.0  0   0.0  0
       0.0         0.0         0.0         0.0
 145.44786    46.70209    12.197  193.00   9.00  0.5025E+14  209.96  14.35  -1  -1    33.00     0  4   0.0  0   0.0  0
       0.0         0.0         0.0         0.0
 145.19756    45.85122    12.197  193.00   9.00  0.5025E+14  209.96  14.35  -1  -1    33.00     0  4   0.0  0   0.0  0
       0.0         0.0         0.0         0.0
 144.94725    45.00035    12.197  193.00   9.00  0.5025E+14  209.96  14.35  -1  -1    79.48   203  4   0.0  0   0.0  0
       4.6         3.8         4.8         0.9
 144.69696    44.14948    12.197  193.00   9.00  0.5025E+14  196.07  14.35  -1  -1    96.08   271  4   0.0  0   0.0  0
       7.9         4.8         3.3         2.8
 144.44666    43.29861    12.197  193.00   9.00  0.5025E+14  190.70  14.35  -1  -1   100.52   437  4   0.0  0   0.0  0
       6.7        12.8         2.2         8.8
 144.19635    42.44774    12.197  193.00   9.00  0.5025E+14  144.00  14.35  -1  -1    89.56   632  4   0.0  0   0.0  0
      15.3        18.5         4.4         5.8
 143.94604    41.59687    12.197  193.00   9.00  0.5025E+14  111.98  14.35  -1  -1   107.66   828  4   0.0  0   0.0  0
      16.6        22.6        15.1         3.4
 143.69576    40.74600    12.197  193.00   9.00  0.5025E+14  119.91  14.35  -1  -1   109.84   893  4   0.0  0   0.0  0
      20.7        20.9        11.1         9.5
 143.44545    39.89513    12.197  193.00   9.00  0.5025E+14  115.37  14.35  -1  -1   105.16  1076  4   0.0  0   0.0  0
      14.8        12.9        29.4        17.9
 143.19514    39.04426    12.197  193.00   9.00  0.5025E+14   41.95  14.35  -1  -1   110.60  1481  4   0.0  0   0.0  0
      31.8        55.4        15.5         0.5
 142.94484    38.19339    12.197  193.00   9.00  0.5025E+14   23.45  14.35  -1  -1    90.52  1705  4   0.0  0   0.0  0
      16.3        32.3        54.6        15.7
 142.69455    37.34252    12.197  193.00   9.00  0.5025E+14   32.46  14.35  -1  -1    97.28  1299  4   0.0  0   0.0  0
      30.4        29.7        17.8        12.6
 142.44424    36.49165    12.197  193.00   9.00  0.5025E+14   75.01  14.35  -1  -1   102.78  1053  4   0.0  0   0.0  0
      17.2        33.9        14.4         7.8
 142.19394    35.64078    12.197  193.00   9.00  0.5025E+14   98.28  14.35  -1  -1    83.59   839  4   0.0  0   0.0  0
      25.9        11.5        15.7         5.4
 141.94363    34.78991    12.197  193.00   9.00  0.5025E+14  121.00  14.35  -1  -1    98.00   484  4   0.0  0   0.0  0
      14.2         9.9         2.7         7.0
 141.69334    33.93904    12.197  193.00   9.00  0.5025E+14  139.36  14.35  -1  -1    33.00     0  4   0.0  0   0.0  0
       0.0         0.0         0.0         0.0
 141.44304    33.08817    12.197  193.00   9.00  0.5025E+14  166.94  14.35  -1  -1    33.00     0  4   0.0  0   0.0  0
       0.0         0.0         0.0         0.0
 141.19273    32.23730    12.197  193.00   9.00  0.5025E+14  194.56  14.35  -1  -1    33.00     0  4   0.0  0   0.0  0
       0.0         0.0         0.0         0.0
 140.94243    31.38643    12.197  193.00   9.00  0.5025E+14  209.96  14.35  -1  -1    33.00     0  4   0.0  0   0.0  0
       0.0         0.0         0.0         0.0
 140.69214    30.53556    12.197  193.00   9.00  0.5025E+14  209.96  14.35  -1  -1    33.00     0  4   0.0  0   0.0  0
       0.0         0.0         0.0         0.0
 140.44183    29.68469    12.197  193.00   9.00  0.5025E+14  209.96  14.35  -1  -1    33.00     0  4   0.0  0   0.0  0
       0.0         0.0         0.0         0.0
 146.01970    46.59848     4.093  193.00   9.00  0.5025E+14  209.96  14.35  -1  -1    33.00     0  4   0.0  0   0.0  0
       0.0         0.0         0.0         0.0
 145.76939    45.74761     4.093  193.00   9.00  0.5025E+14  209.96  14.35  -1  -1    33.00     0  4   0.0  0   0.0  0
       0.0         0.0         0.0         0.0
 145.51910    44.89674     4.093  193.00   9.00  0.5025E+14  209.96  14.35  -1  -1   109.66   165  4   0.0  0   0.0  0
       8.9         1.7         0.4         0.4
 145.26880    44.04587     4.093  193.00   9.00  0.5025E+14  203.89  14.35  -1  -1    97.76   284  4   0.0  0   0.0  0
      11.7         5.2         1.1         1.8
 145.01849    43.19500     4.093  193.00   9.00  0.5025E+14  178.60  14.35  -1  -1    95.15   521  4   0.0  0   0.0  0
      29.8         2.8         2.3         1.5
 144.76819    42.34413     4.093  193.00   9.00  0.5025E+14  143.79  14.35  -1  -1    82.44   823  4   0.0  0   0.0  0
      33.1        21.5         2.1         0.5
 144.51790    41.49326     4.093  193.00   9.00  0.5025E+14  122.14  14.35  -1  -1    95.77  1015  4   0.0  0   0.0  0
      50.0        15.4         2.0         3.3
 144.26759    40.64239     4.093  193.00   9.00  0.5025E+14  104.65  14.35  -1  -1    94.20  1204  4   0.0  0   0.0  0
      22.5        33.8        26.3         1.3
 144.01729    39.79152     4.093  193.00   9.00  0.5025E+14  109.70  14.35  -1  -1    88.68  1304  4   0.0  0   0.0  0
      13.2        33.9        24.1        19.6
 143.76698    38.94065     4.093  193.00   9.00  0.5025E+14  100.46  14.35  -1  -1    93.09  1512  4   0.0  0   0.0  0
      19.9        30.2        48.9         6.3
 143.51669    38.08978     4.093  193.00   9.00  0.5025E+14   33.34  14.35  -1  -1    96.50  1823  4   0.0  0   0.0  0
      57.5        35.1        17.1        17.4
 143.26639    37.23891     4.093  193.00   9.00  0.5025E+14   81.25  14.35  -1  -1    78.52  1444  4   0.0  0   0.0  0
      22.7        48.9        17.0        12.0
 143.01608    36.38804     4.093  193.00   9.00  0.5025E+14   75.24  14.35  -1  -1    80.32  1215  4   0.0  0   0.0  0
      31.5        24.7        21.7         6.7
 142.76578    35.53717     4.093  193.00   9.00  0.5025E+14   89.90  14.35  -1  -1    58.25   997  4   0.0  0   0.0  0
      40.4        24.3         4.3         0.4
 142.51549    34.68630     4.093  193.00   9.00  0.5025E+14  179.21  14.35  -1  -1    62.60   442  4   0.0  0   0.0  0
       7.5         6.4         8.7         8.2
 142.26518    33.83543     4.093  193.00   9.00  0.5025E+14  141.70  14.35  -1  -1    33.00     0  4   0.0  0   0.0  0
       0.0         0.0         0.0         0.0
 142.01488    32.98456     4.093  193.00   9.00  0.5025E+14  168.90  14.35  -1  -1    33.00     0  4   0.0  0   0.0  0
       0.0         0.0         0.0         0.0
 141.76457    32.13369     4.093  193.00   9.00  0.5025E+14  196.25  14.35  -1  -1    33.00     0  4   0.0  0   0.0  0
       0.0         0.0         0.0         0.0
 141.51428    31.28282     4.093  193.00   9.00  0.5025E+14  209.96  14.35  -1  -1    33.00     0  4   0.0  0   0.0  0
       0.0         0.0         0.0         0.0
 141.26398    30.43195     4.093  193.00   9.00  0.5025E+14  209.96  14.35  -1  -1    33.00     0  4   0.0  0   0.0  0
       0.0         0.0         0.0         0.0
 141.01367    29.58108     4.093  193.00   9.00  0.5025E+14  209.96  14.35  -1  -1    33.00     0  4   0.0  0   0.0  0
       0.0         0.0         0.0         0.0
