2.0
#
# http://equake-rc.info/static/paper/SRF-Description-Graves_2.0.pdf
# RECTANGULAR fault MODEL
#
# All subfaults are  23.0 km long along strike and
#  29.5 km wide along dip
#
# Model length along strike is  345.0 km
#
# Model width along dip is  147.5 km
#
# Corners of the rectangular dislocation model (lat, lon):
#     52.108   158.862 : corner 1
#     54.684   161.772 : corner 2
#     54.492   162.250 : corner 3
#     51.916   159.339 : corner 4
#
#
# Number of elementary sliprate
# isoceles triangular functions
# per subfault:   4
#
# Half duration of elementary sliprate
# isoceles triangular functions (s):   5.29
# Triangles are overlapping each other by half
#
# slip rate unit: cm/s
#
#
# Seismic moment is converted into slip
# using a single constant value for the
# shear modulus mu of  0.250E+12 dyne/cm2
# assumed to be constant and characteristic
# of the fault shear zone
#
#
#
# "rake" (degrees) is the slip angle (Aki"s convention,
# e.g. rake=+45 means left-lateral-reverse movement.
#
#
# ************************************************
# Total seismic moment M0=  0.287E+28 dyne.cm
# ************************************************
#
#
PLANE 1
 160.31700    53.39600   15    5   345.000   147.500
 34.00  75.00     0.158     0.000    44.250
POINTS   75
 160.46030    53.33850    42.900   34.00  75.00  0.6785E+13    0.00   5.29  -1  -1    94.54   216  4   0.0  0   0.0  0
      36.0         4.5         0.2         0.2
 159.58255    52.19250   128.384   34.00  75.00  0.6785E+13   41.89   5.29  -1  -1    95.86    64  4   0.0  0   0.0  0
       6.8         0.8         0.2         4.2
 159.77658    52.36428   128.384   34.00  75.00  0.6785E+13   41.46   5.29  -1  -1    45.00     0  4   0.0  0   0.0  0
       0.0         0.0         0.0         0.0
 159.97063    52.53605   128.384   34.00  75.00  0.6785E+13   36.47   5.29  -1  -1    45.00     0  4   0.0  0   0.0  0
       0.0         0.0         0.0         0.0
 160.16467    52.70781   128.384   34.00  75.00  0.6785E+13   40.51   5.29  -1  -1   115.31    10  4   0.0  0   0.0  0
       0.2         0.2         0.2         1.4
 160.35870    52.87958   128.384   34.00  75.00  0.6785E+13   40.21   5.29  -1  -1   122.17     8  4   0.0  0   0.0  0
       0.2         0.2         0.2         0.9
 160.55275    53.05135   128.384   34.00  75.00  0.6785E+13   41.67   5.29  -1  -1   134.47    18  4   0.0  0   0.0  0
       0.2         0.2         0.2         2.8
 160.74680    53.22312   128.384   34.00  75.00  0.6785E+13   40.58   5.29  -1  -1   133.78    19  4   0.0  0   0.0  0
       0.2         0.2         0.2         3.1
 160.94083    53.39489   128.384   34.00  75.00  0.6785E+13   41.60   5.29  -1  -1   133.72    14  4   0.0  0   0.0  0
       0.2         0.2         0.2         2.1
 161.13487    53.56665   128.384   34.00  75.00  0.6785E+13   38.10   5.29  -1  -1   134.74     5  4   0.0  0   0.0  0
       0.2         0.2         0.2         0.4
 161.32892    53.73842   128.384   34.00  75.00  0.6785E+13   32.06   5.29  -1  -1    45.00     0  4   0.0  0   0.0  0
       0.0         0.0         0.0         0.0
 161.52296    53.91019   128.384   34.00  75.00  0.6785E+13   36.47   5.29  -1  -1    45.00     0  4   0.0  0   0.0  0
       0.0         0.0         0.0         0.0
 161.71700    54.08196   128.384   34.00  75.00  0.6785E+13   41.46   5.29  -1  -1    45.00     0  4   0.0  0   0.0  0
       0.0         0.0         0.0         0.0
 161.91104    54.25373   128.384   34.00  75.00  0.6785E+13   41.89   5.29  -1  -1    45.00     0  4   0.0  0   0.0  0
       0.0         0.0         0.0         0.0
 162.10509    54.42550   128.384   34.00  75.00  0.6785E+13   41.89   5.29  -1  -1    45.00     0  4   0.0  0   0.0  0
       0.0         0.0         0.0         0.0
 159.29300    52.05920    99.890   34.00  75.00  0.6785E+13   41.89   5.29  -1  -1    63.77     6  4   0.0  0   0.0  0
       0.5         0.2         0.2         0.2
 159.48705    52.23097    99.890   34.00  75.00  0.6785E+13   41.89   5.29  -1  -1    66.46    14  4   0.0  0   0.0  0
       2.0         0.2         0.2         0.2
 159.68109    52.40274    99.890   34.00  75.00  0.6785E+13   36.93   5.29  -1  -1    45.00     0  4   0.0  0   0.0  0
       0.0         0.0         0.0         0.0
 159.87512    52.57450    99.890   34.00  75.00  0.6785E+13   31.23   5.29  -1  -1    45.00     0  4   0.0  0   0.0  0
       0.0         0.0         0.0         0.0
 160.06917    52.74627    99.890   34.00  75.00  0.6785E+13   27.63   5.29  -1  -1   116.55    25  4   0.0  0   0.0  0
       3.1         0.2         0.2         1.3
 160.26321    52.91804    99.890   34.00  75.00  0.6785E+13   22.44   5.29  -1  -1   133.25    58  4   0.0  0   0.0  0
       9.8         0.8         0.2         0.2
 160.45726    53.08981    99.890   34.00  75.00  0.6785E+13   18.72   5.29  -1  -1   131.80    12  4   0.0  0   0.0  0
       0.2         1.1         0.5         0.4
 160.65129    53.26158    99.890   34.00  75.00  0.6785E+13   41.75   5.29  -1  -1   132.86    12  4   0.0  0   0.0  0
       0.2         0.2         0.2         1.6
 160.84534    53.43335    99.890   34.00  75.00  0.6785E+13   41.63   5.29  -1  -1   134.59     8  4   0.0  0   0.0  0
       0.2         0.4         0.2         0.8
 161.03938    53.60511    99.890   34.00  75.00  0.6785E+13   41.62   5.29  -1  -1   134.54     6  4   0.0  0   0.0  0
       0.2         0.2         0.2         0.6
 161.23341    53.77689    99.890   34.00  75.00  0.6785E+13   25.94   5.29  -1  -1    45.00     0  4   0.0  0   0.0  0
       0.0         0.0         0.0         0.0
 161.42746    53.94865    99.890   34.00  75.00  0.6785E+13   31.23   5.29  -1  -1    45.00     0  4   0.0  0   0.0  0
       0.0         0.0         0.0         0.0
 161.62151    54.12042    99.890   34.00  75.00  0.6785E+13   36.93   5.29  -1  -1    45.00     0  4   0.0  0   0.0  0
       0.0         0.0         0.0         0.0
 161.81554    54.29219    99.890   34.00  75.00  0.6785E+13   41.89   5.29  -1  -1    45.00     0  4   0.0  0   0.0  0
       0.0         0.0         0.0         0.0
 162.00958    54.46396    99.890   34.00  75.00  0.6785E+13   41.89   5.29  -1  -1    45.00     0  4   0.0  0   0.0  0
       0.0         0.0         0.0         0.0
 159.19751    52.09766    71.395   34.00  75.00  0.6785E+13   41.89   5.29  -1  -1    81.37     4  4   0.0  0   0.0  0
       0.2         0.2         0.2         0.2
 159.39154    52.26943    71.395   34.00  75.00  0.6785E+13   40.53   5.29  -1  -1    63.97    12  4   0.0  0   0.0  0
       1.7         0.2         0.2         0.2
 159.58559    52.44120    71.395   34.00  75.00  0.6785E+13   33.92   5.29  -1  -1    45.00     0  4   0.0  0   0.0  0
       0.0         0.0         0.0         0.0
 159.77963    52.61296    71.395   34.00  75.00  0.6785E+13   27.60   5.29  -1  -1    45.00     0  4   0.0  0   0.0  0
       0.0         0.0         0.0         0.0
 159.97368    52.78473    71.395   34.00  75.00  0.6785E+13   38.15   5.29  -1  -1   116.78    11  4   0.0  0   0.0  0
       0.8         0.2         0.7         0.3
 160.16771    52.95650    71.395   34.00  75.00  0.6785E+13   18.02   5.29  -1  -1   116.63    34  4   0.0  0   0.0  0
       5.2         0.6         0.2         0.5
 160.36176    53.12827    71.395   34.00  75.00  0.6785E+13   14.92   5.29  -1  -1   134.83    53  4   0.0  0   0.0  0
       1.9         5.9         2.0         0.2
 160.55580    53.30004    71.395   34.00  75.00  0.6785E+13   16.16   5.29  -1  -1   134.37     7  4   0.0  0   0.0  0
       0.2         0.2         0.7         0.2
 160.74983    53.47181    71.395   34.00  75.00  0.6785E+13   25.45   5.29  -1  -1    84.70     4  4   0.0  0   0.0  0
       0.2         0.2         0.2         0.2
 160.94388    53.64358    71.395   34.00  75.00  0.6785E+13   21.04   5.29  -1  -1   129.50    10  4   0.0  0   0.0  0
       0.2         0.2         0.7         0.8
 161.13792    53.81535    71.395   34.00  75.00  0.6785E+13   21.44   5.29  -1  -1    45.00     0  4   0.0  0   0.0  0
       0.0         0.0         0.0         0.0
 161.33195    53.98711    71.395   34.00  75.00  0.6785E+13   27.60   5.29  -1  -1    45.00     0  4   0.0  0   0.0  0
       0.0         0.0         0.0         0.0
 161.52600    54.15888    71.395   34.00  75.00  0.6785E+13   33.92   5.29  -1  -1    45.00     0  4   0.0  0   0.0  0
       0.0         0.0         0.0         0.0
 161.72005    54.33065    71.395   34.00  75.00  0.6785E+13   40.32   5.29  -1  -1    45.00     0  4   0.0  0   0.0  0
       0.0         0.0         0.0         0.0
 161.91408    54.50242    71.395   34.00  75.00  0.6785E+13   41.89   5.29  -1  -1    45.00     0  4   0.0  0   0.0  0
       0.0         0.0         0.0         0.0
 159.10201    52.13612    42.900   34.00  75.00  0.6785E+13   41.89   5.29  -1  -1    45.22     4  4   0.0  0   0.0  0
       0.2         0.2         0.2         0.2
 159.29605    52.30789    42.900   34.00  75.00  0.6785E+13   40.78   5.29  -1  -1    80.11     8  4   0.0  0   0.0  0
       0.9         0.2         0.2         0.2
 159.49010    52.47966    42.900   34.00  75.00  0.6785E+13   32.86   5.29  -1  -1    45.00     0  4   0.0  0   0.0  0
       0.0         0.0         0.0         0.0
 159.68413    52.65143    42.900   34.00  75.00  0.6785E+13   26.29   5.29  -1  -1    45.00     0  4   0.0  0   0.0  0
       0.0         0.0         0.0         0.0
 159.87817    52.82320    42.900   34.00  75.00  0.6785E+13   25.86   5.29  -1  -1   102.46    10  4   0.0  0   0.0  0
       1.3         0.2         0.2         0.2
 160.07222    52.99496    42.900   34.00  75.00  0.6785E+13   14.16   5.29  -1  -1    73.55    74  4   0.0  0   0.0  0
      11.3         2.3         0.2         0.2
 160.26625    53.16673    42.900   34.00  75.00  0.6785E+13    9.38   5.29  -1  -1   104.42    99  4   0.0  0   0.0  0
       9.1         7.2         2.3         0.2
 159.38850    52.02074   128.384   34.00  75.00  0.6785E+13   41.89   5.29  -1  -1    94.73   147  4   0.0  0   0.0  0
       3.2         0.2         0.2        24.2
 160.65434    53.51027    42.900   34.00  75.00  0.6785E+13    6.77   5.29  -1  -1    69.25    58  4   0.0  0   0.0  0
       9.7         0.5         0.2         0.5
 160.84837    53.68204    42.900   34.00  75.00  0.6785E+13   13.37   5.29  -1  -1    63.28    34  4   0.0  0   0.0  0
       5.4         0.2         0.5         0.3
 161.04242    53.85381    42.900   34.00  75.00  0.6785E+13   19.71   5.29  -1  -1    45.00     0  4   0.0  0   0.0  0
       0.0         0.0         0.0         0.0
 161.23647    54.02557    42.900   34.00  75.00  0.6785E+13   26.29   5.29  -1  -1    45.00     0  4   0.0  0   0.0  0
       0.0         0.0         0.0         0.0
 161.43050    54.19734    42.900   34.00  75.00  0.6785E+13   32.86   5.29  -1  -1    45.00     0  4   0.0  0   0.0  0
       0.0         0.0         0.0         0.0
 161.62454    54.36911    42.900   34.00  75.00  0.6785E+13   39.43   5.29  -1  -1    45.00     0  4   0.0  0   0.0  0
       0.0         0.0         0.0         0.0
 161.81859    54.54088    42.900   34.00  75.00  0.6785E+13   41.89   5.29  -1  -1    45.00     0  4   0.0  0   0.0  0
       0.0         0.0         0.0         0.0
 159.00652    52.17458    14.405   34.00  75.00  0.6785E+13   41.89   5.29  -1  -1    62.90    22  4   0.0  0   0.0  0
       0.2         0.2         0.2         3.6
 159.20055    52.34635    14.405   34.00  75.00  0.6785E+13   41.54   5.29  -1  -1    48.48     4  4   0.0  0   0.0  0
       0.2         0.2         0.2         0.2
 159.39459    52.51812    14.405   34.00  75.00  0.6785E+13   33.92   5.29  -1  -1    45.00     0  4   0.0  0   0.0  0
       0.0         0.0         0.0         0.0
 159.58864    52.68989    14.405   34.00  75.00  0.6785E+13   27.60   5.29  -1  -1    45.00     0  4   0.0  0   0.0  0
       0.0         0.0         0.0         0.0
 159.78267    52.86166    14.405   34.00  75.00  0.6785E+13   29.34   5.29  -1  -1   110.20     6  4   0.0  0   0.0  0
       0.4         0.3         0.2         0.2
 159.97672    53.03342    14.405   34.00  75.00  0.6785E+13   19.75   5.29  -1  -1    45.02    74  4   0.0  0   0.0  0
       3.5         6.2         4.2         0.2
 160.17076    53.20519    14.405   34.00  75.00  0.6785E+13   12.03   5.29  -1  -1    92.95   134  4   0.0  0   0.0  0
      17.7         3.3         4.0         0.4
 160.36479    53.37696    14.405   34.00  75.00  0.6785E+13   19.86   5.29  -1  -1    62.34   160  4   0.0  0   0.0  0
      12.7        11.2         4.4         2.0
 160.55884    53.54873    14.405   34.00  75.00  0.6785E+13   12.06   5.29  -1  -1    68.59   135  4   0.0  0   0.0  0
      20.3         3.0         2.1         0.2
 160.75288    53.72050    14.405   34.00  75.00  0.6785E+13   19.24   5.29  -1  -1    45.49    94  4   0.0  0   0.0  0
       8.0         6.3         3.1         0.3
 160.94691    53.89227    14.405   34.00  75.00  0.6785E+13   21.44   5.29  -1  -1    45.00     0  4   0.0  0   0.0  0
       0.0         0.0         0.0         0.0
 161.14096    54.06404    14.405   34.00  75.00  0.6785E+13   27.60   5.29  -1  -1    45.00     0  4   0.0  0   0.0  0
       0.0         0.0         0.0         0.0
 161.33501    54.23581    14.405   34.00  75.00  0.6785E+13   33.92   5.29  -1  -1    45.00     0  4   0.0  0   0.0  0
       0.0         0.0         0.0         0.0
 161.52905    54.40757    14.405   34.00  75.00  0.6785E+13   40.32   5.29  -1  -1    45.00     0  4   0.0  0   0.0  0
       0.0         0.0         0.0         0.0
 161.72308    54.57934    14.405   34.00  75.00  0.6785E+13   41.89   5.29  -1  -1    45.00     0  4   0.0  0   0.0  0
       0.0         0.0         0.0         0.0
