2.0
#
# http://equake-rc.info/static/paper/SRF-Description-Graves_2.0.pdf
# RECTANGULAR fault MODEL
#
# All subfaults are   5.0 km long along strike and
#   8.9 km wide along dip
#
# Model length along strike is   45.0 km
#
# Model width along dip is   44.5 km
#
# Corners of the rectangular dislocation model (lat, lon):
#    -30.967   -71.742 : corner 1
#    -30.568   -71.673 : corner 2
#    -30.616   -71.298 : corner 3
#    -31.015   -71.367 : corner 4
#
#
# Number of elementary sliprate
# isoceles triangular functions
# per subfault:   4
#
# Half duration of elementary sliprate
# isoceles triangular functions (s):   1.55
# Triangles are overlapping each other by half
#
# slip rate unit: cm/s
#
#
# Seismic moment is converted into slip
# using a single constant value for the
# shear modulus mu of  0.250E+12 dyne/cm2
# assumed to be constant and characteristic
# of the fault shear zone
#
#
#
# "rake" (degrees) is the slip angle (Aki"s convention,
# e.g. rake=+45 means left-lateral-reverse movement.
#
#
# ************************************************
# Total seismic moment M0=  0.274E+26 dyne.cm
# ************************************************
#
#
PLANE 1
 -71.70750   -30.76750    9    5    45.000    44.500
  8.42  35.39     0.159     0.000    31.150
POINTS   45
 -71.44510   -30.80120    18.200    8.42  35.39  0.4450E+12    0.00   1.55  -1  -1   120.34    15  4   0.0  0   0.0  0
       7.1         0.1         1.7         0.7
 -71.39310   -30.94379    23.355    8.42  35.39  0.4450E+12    5.51   1.55  -1  -1    96.70    12  4   0.0  0   0.0  0
       6.7         0.1         0.1         1.1
 -71.38545   -30.89944    23.355    8.42  35.39  0.4450E+12    3.85   1.55  -1  -1    95.82    18  4   0.0  0   0.0  0
      11.3         0.1         0.1         0.1
 -71.37782   -30.85508    23.355    8.42  35.39  0.4450E+12    2.97   1.55  -1  -1   111.10    11  4   0.0  0   0.0  0
       6.6         0.1         0.1         0.7
 -71.37017   -30.81073    23.355    8.42  35.39  0.4450E+12    7.10   1.55  -1  -1    93.14     5  4   0.0  0   0.0  0
       1.7         0.5         0.1         0.9
 -71.36253   -30.76637    23.355    8.42  35.39  0.4450E+12    7.08   1.55  -1  -1    88.74     3  4   0.0  0   0.0  0
       0.2         0.2         0.1         1.4
 -71.35489   -30.72202    23.355    8.42  35.39  0.4450E+12    7.13   1.55  -1  -1    77.22     7  4   0.0  0   0.0  0
       0.1         0.9         0.9         2.5
 -71.34724   -30.67766    23.355    8.42  35.39  0.4450E+12    4.98   1.55  -1  -1    68.80     0  4   0.0  0   0.0  0
       0.0         0.0         0.0         0.0
 -71.33960   -30.63331    23.355    8.42  35.39  0.4450E+12    6.82   1.55  -1  -1    88.21     4  4   0.0  0   0.0  0
       1.5         0.4         0.1         0.7
 -71.47567   -30.97862    18.200    8.42  35.39  0.4450E+12    7.17   1.55  -1  -1    81.59     5  4   0.0  0   0.0  0
       0.6         0.1         0.1         2.3
 -71.46803   -30.93426    18.200    8.42  35.39  0.4450E+12    6.63   1.55  -1  -1    70.31     4  4   0.0  0   0.0  0
       2.1         0.5         0.1         0.1
 -71.46038   -30.88991    18.200    8.42  35.39  0.4450E+12    7.10   1.55  -1  -1   100.08     3  4   0.0  0   0.0  0
       0.6         0.8         0.1         0.5
 -71.45274   -30.84555    18.200    8.42  35.39  0.4450E+12    4.90   1.55  -1  -1    86.41    11  4   0.0  0   0.0  0
       5.6         1.3         0.1         0.1
 -71.40074   -30.98814    23.355    8.42  35.39  0.4450E+12    7.13   1.55  -1  -1    98.58    11  4   0.0  0   0.0  0
       4.9         0.1         0.2         1.9
 -71.43745   -30.75685    18.200    8.42  35.39  0.4450E+12    4.93   1.55  -1  -1   119.92     2  4   0.0  0   0.0  0
       0.1         0.2         0.1         0.9
 -71.42982   -30.71249    18.200    8.42  35.39  0.4450E+12    3.11   1.55  -1  -1   108.51     4  4   0.0  0   0.0  0
       0.2         1.3         0.3         0.6
 -71.42217   -30.66814    18.200    8.42  35.39  0.4450E+12    4.29   1.55  -1  -1    68.80     0  4   0.0  0   0.0  0
       0.0         0.0         0.0         0.0
 -71.41453   -30.62378    18.200    8.42  35.39  0.4450E+12    5.73   1.55  -1  -1   113.49     9  4   0.0  0   0.0  0
       4.2         0.8         0.4         0.5
 -71.55060   -30.96909    13.045    8.42  35.39  0.4450E+12    7.11   1.55  -1  -1   100.77     5  4   0.0  0   0.0  0
       1.2         0.1         0.8         1.2
 -71.54295   -30.92474    13.045    8.42  35.39  0.4450E+12    5.02   1.55  -1  -1    80.90     7  4   0.0  0   0.0  0
       2.7         0.1         0.1         1.7
 -71.53531   -30.88038    13.045    8.42  35.39  0.4450E+12    3.85   1.55  -1  -1   118.32     8  4   0.0  0   0.0  0
       1.5         1.4         1.1         1.1
 -71.52767   -30.83603    13.045    8.42  35.39  0.4450E+12    7.09   1.55  -1  -1   128.60     5  4   0.0  0   0.0  0
       1.0         0.1         1.5         0.9
 -71.52003   -30.79168    13.045    8.42  35.39  0.4450E+12    2.75   1.55  -1  -1   103.33     3  4   0.0  0   0.0  0
       0.3         0.6         0.6         0.2
 -71.51238   -30.74732    13.045    8.42  35.39  0.4450E+12    3.05   1.55  -1  -1    78.77     5  4   0.0  0   0.0  0
       2.8         0.4         0.1         0.1
 -71.50475   -30.70297    13.045    8.42  35.39  0.4450E+12    6.24   1.55  -1  -1   140.08     6  4   0.0  0   0.0  0
       3.4         0.4         0.1         0.1
 -71.49710   -30.65861    13.045    8.42  35.39  0.4450E+12    4.98   1.55  -1  -1    68.80     0  4   0.0  0   0.0  0
       0.0         0.0         0.0         0.0
 -71.48946   -30.61426    13.045    8.42  35.39  0.4450E+12    6.59   1.55  -1  -1   141.22     2  4   0.0  0   0.0  0
       1.0         0.1         0.1         0.3
 -71.62553   -30.95957     7.891    8.42  35.39  0.4450E+12    7.19   1.55  -1  -1    99.84     8  4   0.0  0   0.0  0
       0.4         0.4         0.2         4.2
 -71.61788   -30.91521     7.891    8.42  35.39  0.4450E+12    7.08   1.55  -1  -1    97.53     7  4   0.0  0   0.0  0
       1.8         0.4         0.1         1.9
 -71.61024   -30.87086     7.891    8.42  35.39  0.4450E+12    6.45   1.55  -1  -1    83.79     7  4   0.0  0   0.0  0
       1.8         0.7         0.1         1.8
 -71.60260   -30.82651     7.891    8.42  35.39  0.4450E+12    5.36   1.55  -1  -1    84.59     5  4   0.0  0   0.0  0
       1.9         0.3         0.2         0.5
 -71.59496   -30.78215     7.891    8.42  35.39  0.4450E+12    6.23   1.55  -1  -1   134.93     3  4   0.0  0   0.0  0
       1.6         0.0         0.1         0.4
 -71.58732   -30.73780     7.891    8.42  35.39  0.4450E+12    6.89   1.55  -1  -1    88.17     4  4   0.0  0   0.0  0
       1.8         0.2         0.3         0.1
 -71.57967   -30.69344     7.891    8.42  35.39  0.4450E+12    6.98   1.55  -1  -1    88.43     6  4   0.0  0   0.0  0
       0.2         0.7         2.0         0.7
 -71.57203   -30.64909     7.891    8.42  35.39  0.4450E+12    6.65   1.55  -1  -1    68.80     0  4   0.0  0   0.0  0
       0.0         0.0         0.0         0.0
 -71.56439   -30.60473     7.891    8.42  35.39  0.4450E+12    7.19   1.55  -1  -1   158.38     5  4   0.0  0   0.0  0
       0.7         0.5         0.5         1.7
 -71.70045   -30.95004     2.736    8.42  35.39  0.4450E+12    7.19   1.55  -1  -1   123.50     3  4   0.0  0   0.0  0
       1.7         0.3         0.1         0.2
 -71.69281   -30.90569     2.736    8.42  35.39  0.4450E+12    7.19   1.55  -1  -1   131.73     0  4   0.0  0   0.0  0
       0.1         0.0         0.1         0.1
 -71.68517   -30.86133     2.736    8.42  35.39  0.4450E+12    7.19   1.55  -1  -1   120.20     0  4   0.0  0   0.0  0
       0.1         0.1         0.1         0.1
 -71.67753   -30.81698     2.736    8.42  35.39  0.4450E+12    7.19   1.55  -1  -1    82.22     0  4   0.0  0   0.0  0
       0.1         0.1         0.1         0.1
 -71.66988   -30.77262     2.736    8.42  35.39  0.4450E+12    7.19   1.55  -1  -1    71.60     0  4   0.0  0   0.0  0
       0.1         0.1         0.1         0.1
 -71.66225   -30.72827     2.736    8.42  35.39  0.4450E+12    7.19   1.55  -1  -1    86.55     1  4   0.0  0   0.0  0
       0.4         0.1         0.1         0.1
 -71.65460   -30.68392     2.736    8.42  35.39  0.4450E+12    7.19   1.55  -1  -1    93.53    28  4   0.0  0   0.0  0
       4.9         3.6         6.4         3.0
 -71.64696   -30.63956     2.736    8.42  35.39  0.4450E+12    7.19   1.55  -1  -1    68.80     0  4   0.0  0   0.0  0
       0.0         0.0         0.0         0.0
 -71.63932   -30.59521     2.736    8.42  35.39  0.4450E+12    7.19   1.55  -1  -1   137.15     3  4   0.0  0   0.0  0
       0.3         0.2         0.3         1.2
