2.0
#
# http://equake-rc.info/static/paper/SRF-Description-Graves_2.0.pdf
# RECTANGULAR fault MODEL
#
# All subfaults are   8.0 km long along strike and
#   3.5 km wide along dip
#
# Model length along strike is   88.0 km
#
# Model width along dip is   17.5 km
#
# Corners of the rectangular dislocation model (lat, lon):
#     38.939    19.998 : corner 1
#     38.611    20.923 : corner 2
#     38.558    20.892 : corner 3
#     38.886    19.967 : corner 4
#
#
# Number of elementary sliprate
# isoceles triangular functions
# per subfault:   4
#
# Half duration of elementary sliprate
# isoceles triangular functions (s):   2.34
# Triangles are overlapping each other by half
#
# slip rate unit: cm/s
#
#
# Seismic moment is converted into slip
# using a single constant value for the
# shear modulus mu of  0.250E+12 dyne/cm2
# assumed to be constant and characteristic
# of the fault shear zone
#
#
#
# "rake" (degrees) is the slip angle (Aki"s convention,
# e.g. rake=+45 means left-lateral-reverse movement.
#
#
# ************************************************
# Total seismic moment M0=  0.215E+27 dyne.cm
# ************************************************
#
#
PLANE 1
  20.46050    38.77500   11    5    88.000    17.500
114.46  68.34     0.121     0.000     5.248
POINTS   55
  20.45100    38.75900     5.000  114.46  68.34  0.2800E+12    0.00   2.34  -1  -1    72.91   143  4   0.0  0   0.0  0
      60.4         0.2         0.2         0.2
  20.09619    38.84654    14.759  114.46  68.34  0.2800E+12    9.62   2.34  -1  -1    -1.24     0  4   0.0  0   0.0  0
       0.0         0.0         0.0         0.0
  20.18026    38.81672    14.759  114.46  68.34  0.2800E+12    7.48   2.34  -1  -1    -1.24     0  4   0.0  0   0.0  0
       0.0         0.0         0.0         0.0
  20.26433    38.78689    14.759  114.46  68.34  0.2800E+12    5.47   2.34  -1  -1    -1.24     0  4   0.0  0   0.0  0
       0.0         0.0         0.0         0.0
  20.34840    38.75707    14.759  114.46  68.34  0.2800E+12   10.94   2.34  -1  -1    21.42   242  4   0.0  0   0.0  0
      58.0        22.0         7.0        16.5
  20.43247    38.72725    14.759  114.46  68.34  0.2800E+12    3.66   2.34  -1  -1    25.98   414  4   0.0  0   0.0  0
      60.6        55.3        30.7        30.5
  20.51655    38.69742    14.759  114.46  68.34  0.2800E+12    3.98   2.34  -1  -1    28.67   302  4   0.0  0   0.0  0
      60.5        54.4         0.5        13.5
  20.60062    38.66760    14.759  114.46  68.34  0.2800E+12    8.37   2.34  -1  -1    75.42    60  4   0.0  0   0.0  0
      16.4         8.8         0.2         0.2
  20.68469    38.63777    14.759  114.46  68.34  0.2800E+12   10.04   2.34  -1  -1    30.44     2  4   0.0  0   0.0  0
       0.4         0.1         0.1         0.2
  20.76876    38.60795    14.759  114.46  68.34  0.2800E+12    9.62   2.34  -1  -1    -1.24     0  4   0.0  0   0.0  0
       0.0         0.0         0.0         0.0
  20.85283    38.57812    14.759  114.46  68.34  0.2800E+12   12.61   2.34  -1  -1     4.69    40  4   0.0  0   0.0  0
       0.3         0.1         1.3        15.4
  20.01830    38.88695    11.506  114.46  68.34  0.2800E+12   11.60   2.34  -1  -1    -1.24     0  4   0.0  0   0.0  0
       0.0         0.0         0.0         0.0
  20.10237    38.85712    11.506  114.46  68.34  0.2800E+12    9.36   2.34  -1  -1    -1.24     0  4   0.0  0   0.0  0
       0.0         0.0         0.0         0.0
  20.18644    38.82730    11.506  114.46  68.34  0.2800E+12    7.14   2.34  -1  -1    -1.24     0  4   0.0  0   0.0  0
       0.0         0.0         0.0         0.0
  20.27051    38.79748    11.506  114.46  68.34  0.2800E+12    4.99   2.34  -1  -1    -1.24     0  4   0.0  0   0.0  0
       0.0         0.0         0.0         0.0
  20.35458    38.76765    11.506  114.46  68.34  0.2800E+12    3.41   2.34  -1  -1    18.49   150  4   0.0  0   0.0  0
      37.2         8.1        12.0         6.9
  20.43865    38.73783    11.506  114.46  68.34  0.2800E+12    2.82   2.34  -1  -1     4.96   311  4   0.0  0   0.0  0
      53.3        58.3         0.1        21.1
  20.52272    38.70800    11.506  114.46  68.34  0.2800E+12    3.60   2.34  -1  -1    12.77   218  4   0.0  0   0.0  0
      60.5        12.5        19.4         0.7
  20.60679    38.67818    11.506  114.46  68.34  0.2800E+12   11.07   2.34  -1  -1    13.17    16  4   0.0  0   0.0  0
       5.2         0.7         0.3         0.5
  20.69086    38.64836    11.506  114.46  68.34  0.2800E+12   10.79   2.34  -1  -1    13.07     1  4   0.0  0   0.0  0
       0.2         0.1         0.2         0.1
  20.77493    38.61853    11.506  114.46  68.34  0.2800E+12    9.36   2.34  -1  -1    -1.24     0  4   0.0  0   0.0  0
       0.0         0.0         0.0         0.0
  20.85900    38.58871    11.506  114.46  68.34  0.2800E+12   12.57   2.34  -1  -1    -0.45    67  4   0.0  0   0.0  0
       0.7         0.4         6.2        21.6
  20.02447    38.89753     8.253  114.46  68.34  0.2800E+12   11.47   2.34  -1  -1    -1.24     0  4   0.0  0   0.0  0
       0.0         0.0         0.0         0.0
  20.10854    38.86771     8.253  114.46  68.34  0.2800E+12    9.20   2.34  -1  -1    -1.24     0  4   0.0  0   0.0  0
       0.0         0.0         0.0         0.0
  20.19261    38.83789     8.253  114.46  68.34  0.2800E+12    6.93   2.34  -1  -1    -1.24     0  4   0.0  0   0.0  0
       0.0         0.0         0.0         0.0
  20.27668    38.80806     8.253  114.46  68.34  0.2800E+12    4.68   2.34  -1  -1    -1.24     0  4   0.0  0   0.0  0
       0.0         0.0         0.0         0.0
  20.36075    38.77824     8.253  114.46  68.34  0.2800E+12    7.37   2.34  -1  -1    10.07   107  4   0.0  0   0.0  0
      11.1         0.7        12.1        22.0
  20.44482    38.74841     8.253  114.46  68.34  0.2800E+12    1.14   2.34  -1  -1    45.66   143  4   0.0  0   0.0  0
      60.4         0.2         0.1         0.5
  20.52890    38.71859     8.253  114.46  68.34  0.2800E+12    2.59   2.34  -1  -1    11.93   144  4   0.0  0   0.0  0
      60.5         0.5         0.2         0.3
  20.61297    38.68877     8.253  114.46  68.34  0.2800E+12   10.63   2.34  -1  -1    -0.91    22  4   0.0  0   0.0  0
       4.0         1.9         3.0         0.5
  20.69704    38.65894     8.253  114.46  68.34  0.2800E+12   12.02   2.34  -1  -1     3.93     8  4   0.0  0   0.0  0
       0.6         0.1         1.9         0.9
  20.78111    38.62912     8.253  114.46  68.34  0.2800E+12    9.20   2.34  -1  -1    -1.24     0  4   0.0  0   0.0  0
       0.0         0.0         0.0         0.0
  20.86518    38.59930     8.253  114.46  68.34  0.2800E+12   11.96   2.34  -1  -1     0.29    70  4   0.0  0   0.0  0
       7.8        10.1         6.3         5.9
  20.03065    38.90812     5.000  114.46  68.34  0.2800E+12   11.43   2.34  -1  -1    -1.24     0  4   0.0  0   0.0  0
       0.0         0.0         0.0         0.0
  20.11472    38.87830     5.000  114.46  68.34  0.2800E+12    9.14   2.34  -1  -1    -1.24     0  4   0.0  0   0.0  0
       0.0         0.0         0.0         0.0
  20.19879    38.84847     5.000  114.46  68.34  0.2800E+12    6.86   2.34  -1  -1    -1.24     0  4   0.0  0   0.0  0
       0.0         0.0         0.0         0.0
  20.28286    38.81865     5.000  114.46  68.34  0.2800E+12    4.57   2.34  -1  -1    -1.24     0  4   0.0  0   0.0  0
       0.0         0.0         0.0         0.0
  20.36693    38.78882     5.000  114.46  68.34  0.2800E+12    6.48   2.34  -1  -1     6.85    22  4   0.0  0   0.0  0
       3.8         0.2         0.2         5.1
  20.01212    38.87637    14.759  114.46  68.34  0.2800E+12   11.82   2.34  -1  -1    -1.24     0  4   0.0  0   0.0  0
       0.0         0.0         0.0         0.0
  20.53507    38.72918     5.000  114.46  68.34  0.2800E+12    2.29   2.34  -1  -1    29.76   143  4   0.0  0   0.0  0
      60.5         0.1         0.3         0.2
  20.61914    38.69935     5.000  114.46  68.34  0.2800E+12    8.76   2.34  -1  -1     6.98    33  4   0.0  0   0.0  0
       2.7         3.8         4.0         3.7
  20.70321    38.66953     5.000  114.46  68.34  0.2800E+12   12.43   2.34  -1  -1     6.63     5  4   0.0  0   0.0  0
       0.2         0.5         0.8         0.5
  20.78728    38.63970     5.000  114.46  68.34  0.2800E+12    9.14   2.34  -1  -1    -1.24     0  4   0.0  0   0.0  0
       0.0         0.0         0.0         0.0
  20.87135    38.60988     5.000  114.46  68.34  0.2800E+12   11.88   2.34  -1  -1     5.87    45  4   0.0  0   0.0  0
       3.9        12.2         2.4         0.7
  20.03682    38.91870     1.747  114.46  68.34  0.2800E+12   11.47   2.34  -1  -1    -1.24     0  4   0.0  0   0.0  0
       0.0         0.0         0.0         0.0
  20.12089    38.88888     1.747  114.46  68.34  0.2800E+12    9.20   2.34  -1  -1    -1.24     0  4   0.0  0   0.0  0
       0.0         0.0         0.0         0.0
  20.20496    38.85905     1.747  114.46  68.34  0.2800E+12    6.93   2.34  -1  -1    -1.24     0  4   0.0  0   0.0  0
       0.0         0.0         0.0         0.0
  20.28903    38.82923     1.747  114.46  68.34  0.2800E+12    4.68   2.34  -1  -1    -1.24     0  4   0.0  0   0.0  0
       0.0         0.0         0.0         0.0
  20.37310    38.79941     1.747  114.46  68.34  0.2800E+12    8.59   2.34  -1  -1     9.81     9  4   0.0  0   0.0  0
       0.3         0.1         1.2         2.2
  20.45718    38.76958     1.747  114.46  68.34  0.2800E+12    1.09   2.34  -1  -1    56.56    27  4   0.0  0   0.0  0
      11.1         0.1         0.2         0.1
  20.54125    38.73976     1.747  114.46  68.34  0.2800E+12    2.67   2.34  -1  -1    22.45   127  4   0.0  0   0.0  0
      48.8         4.4         0.7         0.6
  20.62532    38.70993     1.747  114.46  68.34  0.2800E+12    9.64   2.34  -1  -1    37.60    95  4   0.0  0   0.0  0
      24.6         0.3        15.3         0.2
  20.70939    38.68011     1.747  114.46  68.34  0.2800E+12    9.47   2.34  -1  -1    53.96    22  4   0.0  0   0.0  0
       6.6         2.3         0.2         0.2
  20.79346    38.65029     1.747  114.46  68.34  0.2800E+12    9.20   2.34  -1  -1    -1.24     0  4   0.0  0   0.0  0
       0.0         0.0         0.0         0.0
  20.87753    38.62046     1.747  114.46  68.34  0.2800E+12   11.70   2.34  -1  -1    15.65    88  4   0.0  0   0.0  0
      33.3         1.8         2.0         0.4
