2.0
#
# http://equake-rc.info/static/paper/SRF-Description-Graves_2.0.pdf
# RECTANGULAR fault MODEL
#
# All subfaults are   6.0 km long along strike and
#   6.2 km wide along dip
#
# Model length along strike is   54.0 km
#
# Model width along dip is   31.0 km
#
# Corners of the rectangular dislocation model (lat, lon):
#      9.672   -70.933 : corner 1
#     10.153   -70.864 : corner 2
#     10.120   -70.622 : corner 3
#      9.639   -70.690 : corner 4
#
#
# Number of elementary sliprate
# isoceles triangular functions
# per subfault:   4
#
# Half duration of elementary sliprate
# isoceles triangular functions (s):   1.67
# Triangles are overlapping each other by half
#
# slip rate unit: cm/s
#
#
# Seismic moment is converted into slip
# using a single constant value for the
# shear modulus mu of  0.250E+12 dyne/cm2
# assumed to be constant and characteristic
# of the fault shear zone
#
#
#
# "rake" (degrees) is the slip angle (Aki"s convention,
# e.g. rake=+45 means left-lateral-reverse movement.
#
#
# ************************************************
# Total seismic moment M0=  0.370E+26 dyne.cm
# ************************************************
#
#
PLANE 1
 -70.89850     9.91250    9    5    54.000    31.000
  8.02  30.14     0.106     0.000    21.701
POINTS   45
 -70.72860     9.88930    11.000    8.02  30.14  0.3720E+12    0.00   1.67  -1  -1    86.37    12  4   0.0  0   0.0  0
       0.4         6.7         0.2         0.2
 -70.70306     9.72236    14.113    8.02  30.14  0.3720E+12    5.49   1.67  -1  -1    63.93     1  4   0.0  0   0.0  0
       0.4         0.3         0.1         0.1
 -70.69542     9.77577    14.113    8.02  30.14  0.3720E+12    3.88   1.67  -1  -1    93.46    32  4   0.0  0   0.0  0
      17.1         0.6         1.6         0.1
 -70.68779     9.82917    14.113    8.02  30.14  0.3720E+12    2.93   1.67  -1  -1    94.83    38  4   0.0  0   0.0  0
      15.7         2.8         3.4         0.7
 -70.68015     9.88258    14.113    8.02  30.14  0.3720E+12    2.98   1.67  -1  -1    88.27    52  4   0.0  0   0.0  0
       6.9        13.9         8.1         2.2
 -70.67252     9.93598    14.113    8.02  30.14  0.3720E+12    4.43   1.67  -1  -1    88.91    42  4   0.0  0   0.0  0
       8.7         7.7         3.5         5.5
 -70.66489     9.98939    14.113    8.02  30.14  0.3720E+12    4.82   1.67  -1  -1    91.92    14  4   0.0  0   0.0  0
       3.7         2.8         1.8         0.1
 -70.65725    10.04279    14.113    8.02  30.14  0.3720E+12    5.53   1.67  -1  -1   103.81     9  4   0.0  0   0.0  0
       5.0         0.1         0.1         0.1
 -70.64961    10.09620    14.113    8.02  30.14  0.3720E+12    7.08   1.67  -1  -1    39.82     0  4   0.0  0   0.0  0
       0.0         0.0         0.0         0.0
 -70.75914     9.67568    11.000    8.02  30.14  0.3720E+12    6.86   1.67  -1  -1    39.82     0  4   0.0  0   0.0  0
       0.0         0.0         0.0         0.0
 -70.75150     9.72908    11.000    8.02  30.14  0.3720E+12    7.41   1.67  -1  -1    60.82     6  4   0.0  0   0.0  0
       2.2         0.2         0.7         0.5
 -70.74387     9.78249    11.000    8.02  30.14  0.3720E+12    3.60   1.67  -1  -1    73.16    13  4   0.0  0   0.0  0
       6.2         0.6         0.7         0.3
 -70.73624     9.83590    11.000    8.02  30.14  0.3720E+12    1.88   1.67  -1  -1    91.54    23  4   0.0  0   0.0  0
       9.4         1.1         0.9         2.1
 -70.71069     9.66896    14.113    8.02  30.14  0.3720E+12    7.08   1.67  -1  -1    39.82     0  4   0.0  0   0.0  0
       0.0         0.0         0.0         0.0
 -70.72096     9.94271    11.000    8.02  30.14  0.3720E+12    1.86   1.67  -1  -1    91.28    28  4   0.0  0   0.0  0
       5.7         7.0         0.9         3.2
 -70.71333     9.99611    11.000    8.02  30.14  0.3720E+12    5.96   1.67  -1  -1    92.65     9  4   0.0  0   0.0  0
       0.2         3.3         1.0         0.7
 -70.70570    10.04952    11.000    8.02  30.14  0.3720E+12    5.66   1.67  -1  -1    97.37    11  4   0.0  0   0.0  0
       6.2         0.1         0.1         0.2
 -70.69806    10.10292    11.000    8.02  30.14  0.3720E+12    6.86   1.67  -1  -1    39.82     0  4   0.0  0   0.0  0
       0.0         0.0         0.0         0.0
 -70.80759     9.68240     7.887    8.02  30.14  0.3720E+12    7.08   1.67  -1  -1    39.82     0  4   0.0  0   0.0  0
       0.0         0.0         0.0         0.0
 -70.79995     9.73581     7.887    8.02  30.14  0.3720E+12    7.99   1.67  -1  -1    63.51    12  4   0.0  0   0.0  0
       0.1         0.1         1.3         5.8
 -70.79231     9.78921     7.887    8.02  30.14  0.3720E+12    3.93   1.67  -1  -1    88.10     6  4   0.0  0   0.0  0
       3.3         0.2         0.1         0.1
 -70.78468     9.84262     7.887    8.02  30.14  0.3720E+12    2.77   1.67  -1  -1    88.23    33  4   0.0  0   0.0  0
      19.3         0.1         0.3         0.1
 -70.77705     9.89602     7.887    8.02  30.14  0.3720E+12    1.83   1.67  -1  -1    79.86    21  4   0.0  0   0.0  0
      11.5         0.1         0.3         0.4
 -70.76941     9.94943     7.887    8.02  30.14  0.3720E+12    2.77   1.67  -1  -1    91.49     5  4   0.0  0   0.0  0
       1.3         0.2         1.1         0.3
 -70.76178    10.00283     7.887    8.02  30.14  0.3720E+12    8.01   1.67  -1  -1    89.09     2  4   0.0  0   0.0  0
       0.2         0.6         0.2         0.2
 -70.75414    10.05624     7.887    8.02  30.14  0.3720E+12    5.62   1.67  -1  -1   102.60     4  4   0.0  0   0.0  0
       1.8         0.1         0.1         0.1
 -70.74651    10.10964     7.887    8.02  30.14  0.3720E+12    7.08   1.67  -1  -1    39.82     0  4   0.0  0   0.0  0
       0.0         0.0         0.0         0.0
 -70.85603     9.68912     4.775    8.02  30.14  0.3720E+12    7.72   1.67  -1  -1    39.82     0  4   0.0  0   0.0  0
       0.0         0.0         0.0         0.0
 -70.84840     9.74253     4.775    8.02  30.14  0.3720E+12    7.19   1.67  -1  -1    80.94     1  4   0.0  0   0.0  0
       0.1         0.1         0.1         0.1
 -70.84076     9.79593     4.775    8.02  30.14  0.3720E+12    7.07   1.67  -1  -1    69.77     1  4   0.0  0   0.0  0
       0.2         0.1         0.1         0.2
 -70.83313     9.84934     4.775    8.02  30.14  0.3720E+12    6.78   1.67  -1  -1    88.53     1  4   0.0  0   0.0  0
       0.1         0.1         0.2         0.1
 -70.82549     9.90274     4.775    8.02  30.14  0.3720E+12    3.66   1.67  -1  -1    85.03     1  4   0.0  0   0.0  0
       0.5         0.1         0.1         0.1
 -70.81786     9.95615     4.775    8.02  30.14  0.3720E+12    5.54   1.67  -1  -1    84.20     1  4   0.0  0   0.0  0
       0.1         0.3         0.2         0.1
 -70.81023    10.00955     4.775    8.02  30.14  0.3720E+12    7.18   1.67  -1  -1    74.65     1  4   0.0  0   0.0  0
       0.1         0.1         0.1         0.3
 -70.80259    10.06296     4.775    8.02  30.14  0.3720E+12    6.69   1.67  -1  -1    86.51     1  4   0.0  0   0.0  0
       0.1         0.1         0.1         0.1
 -70.79495    10.11636     4.775    8.02  30.14  0.3720E+12    7.72   1.67  -1  -1    39.82     0  4   0.0  0   0.0  0
       0.0         0.0         0.0         0.0
 -70.90448     9.69584     1.662    8.02  30.14  0.3720E+12    8.11   1.67  -1  -1    39.82     0  4   0.0  0   0.0  0
       0.0         0.0         0.0         0.0
 -70.89684     9.74925     1.662    8.02  30.14  0.3720E+12    7.49   1.67  -1  -1    76.41     1  4   0.0  0   0.0  0
       0.1         0.1         0.1         0.1
 -70.88921     9.80265     1.662    8.02  30.14  0.3720E+12    7.28   1.67  -1  -1    83.07     1  4   0.0  0   0.0  0
       0.2         0.1         0.1         0.1
 -70.88157     9.85606     1.662    8.02  30.14  0.3720E+12    7.49   1.67  -1  -1    92.01     3  4   0.0  0   0.0  0
       1.1         0.3         0.2         0.1
 -70.87394     9.90946     1.662    8.02  30.14  0.3720E+12    5.54   1.67  -1  -1    93.90    11  4   0.0  0   0.0  0
       6.1         0.3         0.1         0.2
 -70.86630     9.96287     1.662    8.02  30.14  0.3720E+12    5.59   1.67  -1  -1    80.58     1  4   0.0  0   0.0  0
       0.3         0.1         0.1         0.1
 -70.85867    10.01627     1.662    8.02  30.14  0.3720E+12    7.28   1.67  -1  -1    65.34     1  4   0.0  0   0.0  0
       0.1         0.1         0.1         0.1
 -70.85104    10.06968     1.662    8.02  30.14  0.3720E+12    7.53   1.67  -1  -1    68.39     2  4   0.0  0   0.0  0
       0.9         0.1         0.1         0.1
 -70.84340    10.12309     1.662    8.02  30.14  0.3720E+12    8.11   1.67  -1  -1    39.82     0  4   0.0  0   0.0  0
       0.0         0.0         0.0         0.0
