2.0
#
# http://equake-rc.info/static/paper/SRF-Description-Graves_2.0.pdf
# RECTANGULAR fault MODEL
#
# All subfaults are   4.0 km long along strike and
#   7.0 km wide along dip
#
# Model length along strike is   36.0 km
#
# Model width along dip is   35.0 km
#
# Corners of the rectangular dislocation model (lat, lon):
#    -32.631   -71.687 : corner 1
#    -32.953   -71.727 : corner 2
#    -32.943   -71.835 : corner 3
#    -32.622   -71.796 : corner 4
#
#
# Number of elementary sliprate
# isoceles triangular functions
# per subfault:   4
#
# Half duration of elementary sliprate
# isoceles triangular functions (s):   1.33
# Triangles are overlapping each other by half
#
# slip rate unit: cm/s
#
#
# Seismic moment is converted into slip
# using a single constant value for the
# shear modulus mu of  0.250E+12 dyne/cm2
# assumed to be constant and characteristic
# of the fault shear zone
#
#
#
# "rake" (degrees) is the slip angle (Aki"s convention,
# e.g. rake=+45 means left-lateral-reverse movement.
#
#
# ************************************************
# Total seismic moment M0=  0.514E+25 dyne.cm
# ************************************************
#
#
PLANE 1
 -71.70700   -32.79200    9    5    36.000    35.000
185.91  73.01     3.264     0.000    17.499
POINTS   45
 -71.76120   -32.78730    20.000  185.91  73.01  0.2800E+12    0.00   1.33  -1  -1   101.30    40  4   0.0  0   0.0  0
      29.7         0.1         0.1         0.1
 -71.79142   -32.67650    33.389  185.91  73.01  0.2800E+12    5.27   1.33  -1  -1    44.39     0  4   0.0  0   0.0  0
       0.0         0.0         0.0         0.0
 -71.79581   -32.71217    33.389  185.91  73.01  0.2800E+12    5.24   1.33  -1  -1   115.27     0  4   0.0  0   0.0  0
       0.1         0.0         0.0         0.0
 -71.80021   -32.74785    33.389  185.91  73.01  0.2800E+12    4.25   1.33  -1  -1   128.23     0  4   0.0  0   0.0  0
       0.1         0.0         0.1         0.0
 -71.80460   -32.78352    33.389  185.91  73.01  0.2800E+12    4.26   1.33  -1  -1   116.58     0  4   0.0  0   0.0  0
       0.1         0.1         0.0         0.0
 -71.80899   -32.81920    33.389  185.91  73.01  0.2800E+12    4.27   1.33  -1  -1   120.47     0  4   0.0  0   0.0  0
       0.1         0.0         0.0         0.0
 -71.81339   -32.85488    33.389  185.91  73.01  0.2800E+12    5.03   1.33  -1  -1   115.72     0  4   0.0  0   0.0  0
       0.0         0.1         0.0         0.1
 -71.81777   -32.89055    33.389  185.91  73.01  0.2800E+12    5.27   1.33  -1  -1    44.39     0  4   0.0  0   0.0  0
       0.0         0.0         0.0         0.0
 -71.82217   -32.92623    33.389  185.91  73.01  0.2800E+12    5.67   1.33  -1  -1    44.39     0  4   0.0  0   0.0  0
       0.0         0.0         0.0         0.0
 -71.76534   -32.64271    26.695  185.91  73.01  0.2800E+12    4.99   1.33  -1  -1    44.39     0  4   0.0  0   0.0  0
       0.0         0.0         0.0         0.0
 -71.76972   -32.67838    26.695  185.91  73.01  0.2800E+12    3.97   1.33  -1  -1    44.39     0  4   0.0  0   0.0  0
       0.0         0.0         0.0         0.0
 -71.77412   -32.71406    26.695  185.91  73.01  0.2800E+12    4.26   1.33  -1  -1    87.61     2  4   0.0  0   0.0  0
       1.0         0.1         0.0         0.1
 -71.77851   -32.74974    26.695  185.91  73.01  0.2800E+12    2.66   1.33  -1  -1   125.64     5  4   0.0  0   0.0  0
       3.6         0.0         0.0         0.1
 -71.78290   -32.78541    26.695  185.91  73.01  0.2800E+12    2.41   1.33  -1  -1    83.46     2  4   0.0  0   0.0  0
       1.2         0.1         0.1         0.1
 -71.78729   -32.82109    26.695  185.91  73.01  0.2800E+12    2.43   1.33  -1  -1    61.88     4  4   0.0  0   0.0  0
       2.9         0.1         0.0         0.1
 -71.79169   -32.85676    26.695  185.91  73.01  0.2800E+12    3.69   1.33  -1  -1    93.14     0  4   0.0  0   0.0  0
       0.1         0.0         0.0         0.1
 -71.79607   -32.89244    26.695  185.91  73.01  0.2800E+12    3.97   1.33  -1  -1    44.39     0  4   0.0  0   0.0  0
       0.0         0.0         0.0         0.0
 -71.80047   -32.92812    26.695  185.91  73.01  0.2800E+12    4.99   1.33  -1  -1    44.39     0  4   0.0  0   0.0  0
       0.0         0.0         0.0         0.0
 -71.74363   -32.64460    20.000  185.91  73.01  0.2800E+12    4.57   1.33  -1  -1    44.39     0  4   0.0  0   0.0  0
       0.0         0.0         0.0         0.0
 -71.74802   -32.68027    20.000  185.91  73.01  0.2800E+12    3.43   1.33  -1  -1    44.39     0  4   0.0  0   0.0  0
       0.0         0.0         0.0         0.0
 -71.75242   -32.71595    20.000  185.91  73.01  0.2800E+12    2.68   1.33  -1  -1   113.53     1  4   0.0  0   0.0  0
       0.3         0.0         0.7         0.1
 -71.75681   -32.75163    20.000  185.91  73.01  0.2800E+12    1.64   1.33  -1  -1   100.06     0  4   0.0  0   0.0  0
       0.1         0.1         0.1         0.1
 -71.78703   -32.64082    33.389  185.91  73.01  0.2800E+12    5.67   1.33  -1  -1    44.39     0  4   0.0  0   0.0  0
       0.0         0.0         0.0         0.0
 -71.76559   -32.82298    20.000  185.91  73.01  0.2800E+12    3.34   1.33  -1  -1    74.92     1  4   0.0  0   0.0  0
       0.4         0.1         0.1         0.1
 -71.76998   -32.85865    20.000  185.91  73.01  0.2800E+12    5.38   1.33  -1  -1    81.75     1  4   0.0  0   0.0  0
       0.1         0.1         0.1         0.2
 -71.77438   -32.89433    20.000  185.91  73.01  0.2800E+12    3.43   1.33  -1  -1    44.39     0  4   0.0  0   0.0  0
       0.0         0.0         0.0         0.0
 -71.77877   -32.93000    20.000  185.91  73.01  0.2800E+12    4.57   1.33  -1  -1    44.39     0  4   0.0  0   0.0  0
       0.0         0.0         0.0         0.0
 -71.72193   -32.64648    13.305  185.91  73.01  0.2800E+12    4.99   1.33  -1  -1    44.39     0  4   0.0  0   0.0  0
       0.0         0.0         0.0         0.0
 -71.72633   -32.68216    13.305  185.91  73.01  0.2800E+12    3.97   1.33  -1  -1    44.39     0  4   0.0  0   0.0  0
       0.0         0.0         0.0         0.0
 -71.73071   -32.71784    13.305  185.91  73.01  0.2800E+12    5.25   1.33  -1  -1    85.38     2  4   0.0  0   0.0  0
       0.1         0.3         1.2         0.3
 -71.73511   -32.75351    13.305  185.91  73.01  0.2800E+12    3.33   1.33  -1  -1    86.52     1  4   0.0  0   0.0  0
       0.0         0.2         0.1         0.3
 -71.73950   -32.78919    13.305  185.91  73.01  0.2800E+12    5.24   1.33  -1  -1    62.22     2  4   0.0  0   0.0  0
       0.1         0.7         0.3         0.3
 -71.74389   -32.82486    13.305  185.91  73.01  0.2800E+12    5.65   1.33  -1  -1   100.62     1  4   0.0  0   0.0  0
       0.1         0.0         0.2         0.3
 -71.74828   -32.86054    13.305  185.91  73.01  0.2800E+12    5.51   1.33  -1  -1   100.00     2  4   0.0  0   0.0  0
       0.1         0.1         0.2         1.1
 -71.75268   -32.89622    13.305  185.91  73.01  0.2800E+12    3.97   1.33  -1  -1    44.39     0  4   0.0  0   0.0  0
       0.0         0.0         0.0         0.0
 -71.75706   -32.93189    13.305  185.91  73.01  0.2800E+12    4.99   1.33  -1  -1    44.39     0  4   0.0  0   0.0  0
       0.0         0.0         0.0         0.0
 -71.70023   -32.64837     6.611  185.91  73.01  0.2800E+12    5.67   1.33  -1  -1    44.39     0  4   0.0  0   0.0  0
       0.0         0.0         0.0         0.0
 -71.70463   -32.68405     6.611  185.91  73.01  0.2800E+12    5.27   1.33  -1  -1    44.39     0  4   0.0  0   0.0  0
       0.0         0.0         0.0         0.0
 -71.70901   -32.71972     6.611  185.91  73.01  0.2800E+12    5.23   1.33  -1  -1    94.29     1  4   0.0  0   0.0  0
       0.1         0.3         0.7         0.1
 -71.71341   -32.75540     6.611  185.91  73.01  0.2800E+12    5.25   1.33  -1  -1    75.01     2  4   0.0  0   0.0  0
       0.3         1.0         0.1         0.1
 -71.71780   -32.79108     6.611  185.91  73.01  0.2800E+12    5.23   1.33  -1  -1    87.37     3  4   0.0  0   0.0  0
       0.2         1.7         0.2         0.0
 -71.72219   -32.82675     6.611  185.91  73.01  0.2800E+12    5.25   1.33  -1  -1   106.16     1  4   0.0  0   0.0  0
       0.1         0.5         0.2         0.0
 -71.72659   -32.86243     6.611  185.91  73.01  0.2800E+12    5.23   1.33  -1  -1    75.24     1  4   0.0  0   0.0  0
       0.1         0.3         0.3         0.2
 -71.73098   -32.89810     6.611  185.91  73.01  0.2800E+12    5.27   1.33  -1  -1    44.39     0  4   0.0  0   0.0  0
       0.0         0.0         0.0         0.0
 -71.73537   -32.93378     6.611  185.91  73.01  0.2800E+12    5.67   1.33  -1  -1    44.39     0  4   0.0  0   0.0  0
       0.0         0.0         0.0         0.0
