2.0
#
# http://equake-rc.info/static/paper/SRF-Description-Graves_2.0.pdf
# RECTANGULAR fault MODEL
#
# All subfaults are   4.0 km long along strike and
#   7.0 km wide along dip
#
# Model length along strike is   36.0 km
#
# Model width along dip is   35.0 km
#
# Corners of the rectangular dislocation model (lat, lon):
#    -32.918   -72.035 : corner 1
#    -32.598   -71.982 : corner 2
#    -32.640   -71.628 : corner 3
#    -32.960   -71.682 : corner 4
#
#
# Number of elementary sliprate
# isoceles triangular functions
# per subfault:   4
#
# Half duration of elementary sliprate
# isoceles triangular functions (s):   1.33
# Triangles are overlapping each other by half
#
# slip rate unit: cm/s
#
#
# Seismic moment is converted into slip
# using a single constant value for the
# shear modulus mu of  0.250E+12 dyne/cm2
# assumed to be constant and characteristic
# of the fault shear zone
#
#
#
# "rake" (degrees) is the slip angle (Aki"s convention,
# e.g. rake=+45 means left-lateral-reverse movement.
#
#
# ************************************************
# Total seismic moment M0=  0.490E+25 dyne.cm
# ************************************************
#
#
PLANE 1
 -72.00850   -32.75800    9    5    36.000    35.000
  8.00  17.00    12.837     0.000    24.504
POINTS   45
 -71.76120   -32.78730    20.000    8.00  17.00  0.2800E+12    0.00   1.33  -1  -1    96.92    20  4   0.0  0   0.0  0
      14.6         0.1         0.1         0.1
 -71.70831   -32.90221    22.047    8.00  17.00  0.2800E+12    3.97   1.33  -1  -1    47.00     0  4   0.0  0   0.0  0
       0.0         0.0         0.0         0.0
 -71.70237   -32.86669    22.047    8.00  17.00  0.2800E+12    3.51   1.33  -1  -1    64.38     2  4   0.0  0   0.0  0
       0.1         0.1         0.2         1.2
 -71.69643   -32.83117    22.047    8.00  17.00  0.2800E+12    2.94   1.33  -1  -1   126.22     1  4   0.0  0   0.0  0
       0.5         0.3         0.2         0.2
 -71.69050   -32.79565    22.047    8.00  17.00  0.2800E+12    2.07   1.33  -1  -1    92.22    19  4   0.0  0   0.0  0
      14.3         0.1         0.1         0.0
 -71.68456   -32.76014    22.047    8.00  17.00  0.2800E+12    2.41   1.33  -1  -1    59.74     1  4   0.0  0   0.0  0
       0.3         0.1         0.1         0.4
 -71.67862   -32.72462    22.047    8.00  17.00  0.2800E+12    3.04   1.33  -1  -1    47.00     0  4   0.0  0   0.0  0
       0.0         0.0         0.0         0.0
 -71.67268   -32.68910    22.047    8.00  17.00  0.2800E+12    3.97   1.33  -1  -1    47.00     0  4   0.0  0   0.0  0
       0.0         0.0         0.0         0.0
 -71.66675   -32.65358    22.047    8.00  17.00  0.2800E+12    5.24   1.33  -1  -1   115.96     0  4   0.0  0   0.0  0
       0.2         0.1         0.0         0.1
 -71.78495   -32.92937    20.000    8.00  17.00  0.2800E+12    4.57   1.33  -1  -1    47.00     0  4   0.0  0   0.0  0
       0.0         0.0         0.0         0.0
 -71.77901   -32.89385    20.000    8.00  17.00  0.2800E+12    3.43   1.33  -1  -1    47.00     0  4   0.0  0   0.0  0
       0.0         0.0         0.0         0.0
 -71.77307   -32.85833    20.000    8.00  17.00  0.2800E+12    5.23   1.33  -1  -1    57.09     3  4   0.0  0   0.0  0
       0.9         0.6         0.5         0.2
 -71.76714   -32.82282    20.000    8.00  17.00  0.2800E+12    2.98   1.33  -1  -1    89.91     3  4   0.0  0   0.0  0
       0.1         1.0         0.7         0.2
 -71.71425   -32.93772    22.047    8.00  17.00  0.2800E+12    4.99   1.33  -1  -1    47.00     0  4   0.0  0   0.0  0
       0.0         0.0         0.0         0.0
 -71.75526   -32.75178    20.000    8.00  17.00  0.2800E+12    2.38   1.33  -1  -1    72.77     3  4   0.0  0   0.0  0
       0.2         0.8         0.5         0.4
 -71.74933   -32.71627    20.000    8.00  17.00  0.2800E+12    2.29   1.33  -1  -1    47.00     0  4   0.0  0   0.0  0
       0.0         0.0         0.0         0.0
 -71.74339   -32.68075    20.000    8.00  17.00  0.2800E+12    3.43   1.33  -1  -1    47.00     0  4   0.0  0   0.0  0
       0.0         0.0         0.0         0.0
 -71.73745   -32.64523    20.000    8.00  17.00  0.2800E+12    5.27   1.33  -1  -1   126.41     5  4   0.0  0   0.0  0
       3.7         0.1         0.0         0.0
 -71.85565   -32.92102    17.953    8.00  17.00  0.2800E+12    4.99   1.33  -1  -1    47.00     0  4   0.0  0   0.0  0
       0.0         0.0         0.0         0.0
 -71.84972   -32.88550    17.953    8.00  17.00  0.2800E+12    3.97   1.33  -1  -1    47.00     0  4   0.0  0   0.0  0
       0.0         0.0         0.0         0.0
 -71.84378   -32.84998    17.953    8.00  17.00  0.2800E+12    4.29   1.33  -1  -1    69.70     0  4   0.0  0   0.0  0
       0.1         0.1         0.1         0.1
 -71.83784   -32.81446    17.953    8.00  17.00  0.2800E+12    2.59   1.33  -1  -1   117.27     1  4   0.0  0   0.0  0
       0.5         0.2         0.1         0.0
 -71.83190   -32.77895    17.953    8.00  17.00  0.2800E+12    2.23   1.33  -1  -1   130.33     3  4   0.0  0   0.0  0
       0.4         1.6         0.1         0.1
 -71.82597   -32.74343    17.953    8.00  17.00  0.2800E+12    3.53   1.33  -1  -1   119.43     2  4   0.0  0   0.0  0
       0.9         0.3         0.1         0.1
 -71.82003   -32.70791    17.953    8.00  17.00  0.2800E+12    3.04   1.33  -1  -1    47.00     0  4   0.0  0   0.0  0
       0.0         0.0         0.0         0.0
 -71.81409   -32.67239    17.953    8.00  17.00  0.2800E+12    3.97   1.33  -1  -1    47.00     0  4   0.0  0   0.0  0
       0.0         0.0         0.0         0.0
 -71.80815   -32.63688    17.953    8.00  17.00  0.2800E+12    5.35   1.33  -1  -1   136.31     1  4   0.0  0   0.0  0
       0.8         0.1         0.1         0.0
 -71.92635   -32.91266    15.907    8.00  17.00  0.2800E+12    5.67   1.33  -1  -1    47.00     0  4   0.0  0   0.0  0
       0.0         0.0         0.0         0.0
 -71.92042   -32.87714    15.907    8.00  17.00  0.2800E+12    5.27   1.33  -1  -1    47.00     0  4   0.0  0   0.0  0
       0.0         0.0         0.0         0.0
 -71.91448   -32.84163    15.907    8.00  17.00  0.2800E+12    4.62   1.33  -1  -1    95.45     1  4   0.0  0   0.0  0
       0.2         0.1         0.0         0.1
 -71.90855   -32.80611    15.907    8.00  17.00  0.2800E+12    4.21   1.33  -1  -1   127.17     0  4   0.0  0   0.0  0
       0.0         0.2         0.1         0.1
 -71.90260   -32.77059    15.907    8.00  17.00  0.2800E+12    5.24   1.33  -1  -1   131.34     1  4   0.0  0   0.0  0
       0.2         0.2         0.1         0.0
 -71.89667   -32.73508    15.907    8.00  17.00  0.2800E+12    4.26   1.33  -1  -1   135.67     2  4   0.0  0   0.0  0
       0.9         0.2         0.0         0.1
 -71.89073   -32.69956    15.907    8.00  17.00  0.2800E+12    4.61   1.33  -1  -1    47.00     0  4   0.0  0   0.0  0
       0.0         0.0         0.0         0.0
 -71.88480   -32.66404    15.907    8.00  17.00  0.2800E+12    5.27   1.33  -1  -1    47.00     0  4   0.0  0   0.0  0
       0.0         0.0         0.0         0.0
 -71.87885   -32.62852    15.907    8.00  17.00  0.2800E+12    5.67   1.33  -1  -1   134.93     0  4   0.0  0   0.0  0
       0.1         0.1         0.0         0.0
 -71.99706   -32.90431    13.860    8.00  17.00  0.2800E+12    5.67   1.33  -1  -1    47.00     0  4   0.0  0   0.0  0
       0.0         0.0         0.0         0.0
 -71.99112   -32.86879    13.860    8.00  17.00  0.2800E+12    5.67   1.33  -1  -1    47.00     0  4   0.0  0   0.0  0
       0.0         0.0         0.0         0.0
 -71.98518   -32.83327    13.860    8.00  17.00  0.2800E+12    5.67   1.33  -1  -1   136.13     0  4   0.0  0   0.0  0
       0.1         0.0         0.0         0.0
 -71.97925   -32.79776    13.860    8.00  17.00  0.2800E+12    5.67   1.33  -1  -1   122.06     0  4   0.0  0   0.0  0
       0.1         0.1         0.0         0.1
 -71.97331   -32.76224    13.860    8.00  17.00  0.2800E+12    5.67   1.33  -1  -1   135.20     0  4   0.0  0   0.0  0
       0.1         0.1         0.0         0.1
 -71.96737   -32.72672    13.860    8.00  17.00  0.2800E+12    5.67   1.33  -1  -1   134.08     0  4   0.0  0   0.0  0
       0.1         0.0         0.0         0.0
 -71.96143   -32.69120    13.860    8.00  17.00  0.2800E+12    5.67   1.33  -1  -1    47.00     0  4   0.0  0   0.0  0
       0.0         0.0         0.0         0.0
 -71.95550   -32.65569    13.860    8.00  17.00  0.2800E+12    5.67   1.33  -1  -1    47.00     0  4   0.0  0   0.0  0
       0.0         0.0         0.0         0.0
 -71.94956   -32.62017    13.860    8.00  17.00  0.2800E+12    5.67   1.33  -1  -1   136.72     0  4   0.0  0   0.0  0
       0.1         0.0         0.0         0.1
