2.0
#
# http://equake-rc.info/static/paper/SRF-Description-Graves_2.0.pdf
# RECTANGULAR fault MODEL
#
# All subfaults are   6.0 km long along strike and
#   3.4 km wide along dip
#
# Model length along strike is   54.0 km
#
# Model width along dip is   17.0 km
#
# Corners of the rectangular dislocation model (lat, lon):
#     38.269  -122.019 : corner 1
#     38.126  -122.611 : corner 2
#     38.167  -122.627 : corner 3
#     38.310  -122.035 : corner 4
#
#
# Number of elementary sliprate
# isoceles triangular functions
# per subfault:   4
#
# Half duration of elementary sliprate
# isoceles triangular functions (s):   1.59
# Triangles are overlapping each other by half
#
# slip rate unit: cm/s
#
#
# Seismic moment is converted into slip
# using a single constant value for the
# shear modulus mu of  0.250E+12 dyne/cm2
# assumed to be constant and characteristic
# of the fault shear zone
#
#
#
# "rake" (degrees) is the slip angle (Aki"s convention,
# e.g. rake=+45 means left-lateral-reverse movement.
#
#
# ************************************************
# Total seismic moment M0=  0.170E+26 dyne.cm
# ************************************************
#
#
PLANE 1
-122.31500    38.19750    9    5    54.000    17.000
252.93  73.86     0.101     0.000     5.100
POINTS   45
-122.32000    38.21000     5.000  252.93  73.86  0.2040E+12    0.00   1.59  -1  -1   -23.32    28  4   0.0  0   0.0  0
       6.8         0.2        10.8         0.1
-122.13240    38.28199    14.798  252.93  73.86  0.2040E+12    7.28   1.59  -1  -1   -28.50     6  4   0.0  0   0.0  0
       1.0         0.1         0.2         2.2
-122.19811    38.26612    14.798  252.93  73.86  0.2040E+12    4.50   1.59  -1  -1   -34.58     0  4   0.0  0   0.0  0
       0.0         0.0         0.0         0.0
-122.26382    38.25027    14.798  252.93  73.86  0.2040E+12    7.34   1.59  -1  -1   -23.28     1  4   0.0  0   0.0  0
       0.1         0.1         0.1         0.2
-122.32954    38.23441    14.798  252.93  73.86  0.2040E+12    4.32   1.59  -1  -1   -14.99     0  4   0.0  0   0.0  0
       0.1         0.1         0.1         0.0
-122.39526    38.21855    14.798  252.93  73.86  0.2040E+12    4.46   1.59  -1  -1   -32.04    18  4   0.0  0   0.0  0
       1.3         9.9         0.1         0.1
-122.46097    38.20269    14.798  252.93  73.86  0.2040E+12    6.13   1.59  -1  -1   -26.18    15  4   0.0  0   0.0  0
       1.8         7.8         0.1         0.0
-122.52668    38.18683    14.798  252.93  73.86  0.2040E+12    5.91   1.59  -1  -1   -34.58     0  4   0.0  0   0.0  0
       0.0         0.0         0.0         0.0
-122.59240    38.17097    14.798  252.93  73.86  0.2040E+12    7.46   1.59  -1  -1   -34.50     5  4   0.0  0   0.0  0
       0.1         0.1         2.6         0.1
-122.06351    38.28971    11.532  252.93  73.86  0.2040E+12    7.13   1.59  -1  -1   -34.58     0  4   0.0  0   0.0  0
       0.0         0.0         0.0         0.0
-122.12922    38.27385    11.532  252.93  73.86  0.2040E+12    6.21   1.59  -1  -1     6.67    14  4   0.0  0   0.0  0
       8.9         0.1         0.1         0.0
-122.19493    38.25799    11.532  252.93  73.86  0.2040E+12    3.94   1.59  -1  -1   -34.58     0  4   0.0  0   0.0  0
       0.0         0.0         0.0         0.0
-122.26064    38.24213    11.532  252.93  73.86  0.2040E+12    7.07   1.59  -1  -1   -31.32     1  4   0.0  0   0.0  0
       0.1         0.1         0.1         0.1
-122.32636    38.22627    11.532  252.93  73.86  0.2040E+12    2.86   1.59  -1  -1   -26.09     0  4   0.0  0   0.0  0
       0.1         0.1         0.1         0.1
-122.39207    38.21041    11.532  252.93  73.86  0.2040E+12    3.74   1.59  -1  -1   -24.26     1  4   0.0  0   0.0  0
       0.1         0.2         0.1         0.0
-122.45779    38.19455    11.532  252.93  73.86  0.2040E+12    4.59   1.59  -1  -1   -26.80     1  4   0.0  0   0.0  0
       0.1         0.1         0.3         0.1
-122.52350    38.17869    11.532  252.93  73.86  0.2040E+12    5.50   1.59  -1  -1   -34.58     0  4   0.0  0   0.0  0
       0.0         0.0         0.0         0.0
-122.58922    38.16283    11.532  252.93  73.86  0.2040E+12    7.19   1.59  -1  -1   -17.16     2  4   0.0  0   0.0  0
       0.1         0.1         1.1         0.2
-122.06033    38.28157     8.266  252.93  73.86  0.2040E+12    6.93   1.59  -1  -1   -34.58     0  4   0.0  0   0.0  0
       0.0         0.0         0.0         0.0
-122.12604    38.26571     8.266  252.93  73.86  0.2040E+12    6.00   1.59  -1  -1    -4.41     2  4   0.0  0   0.0  0
       1.3         0.1         0.1         0.1
-122.19175    38.24986     8.266  252.93  73.86  0.2040E+12    3.56   1.59  -1  -1   -34.58     0  4   0.0  0   0.0  0
       0.0         0.0         0.0         0.0
-122.25747    38.23399     8.266  252.93  73.86  0.2040E+12    2.22   1.59  -1  -1   -16.42     1  4   0.0  0   0.0  0
       0.5         0.1         0.1         0.1
-122.32318    38.21814     8.266  252.93  73.86  0.2040E+12    2.00   1.59  -1  -1   -19.54     4  4   0.0  0   0.0  0
       1.4         1.1         0.1         0.1
-122.38889    38.20227     8.266  252.93  73.86  0.2040E+12    4.45   1.59  -1  -1   -21.13     2  4   0.0  0   0.0  0
       0.8         0.1         0.6         0.1
-122.45461    38.18642     8.266  252.93  73.86  0.2040E+12    4.49   1.59  -1  -1    -2.99     1  4   0.0  0   0.0  0
       0.1         0.1         0.3         0.1
-122.52032    38.17056     8.266  252.93  73.86  0.2040E+12    5.23   1.59  -1  -1   -34.58     0  4   0.0  0   0.0  0
       0.0         0.0         0.0         0.0
-122.58604    38.15470     8.266  252.93  73.86  0.2040E+12    7.30   1.59  -1  -1   -21.26     0  4   0.0  0   0.0  0
       0.1         0.1         0.1         0.1
-122.05714    38.27344     5.000  252.93  73.86  0.2040E+12    6.86   1.59  -1  -1   -34.58     0  4   0.0  0   0.0  0
       0.0         0.0         0.0         0.0
-122.12286    38.25758     5.000  252.93  73.86  0.2040E+12    6.00   1.59  -1  -1   -13.12     1  4   0.0  0   0.0  0
       0.1         0.1         0.2         0.1
-122.18858    38.24172     5.000  252.93  73.86  0.2040E+12    3.43   1.59  -1  -1   -34.58     0  4   0.0  0   0.0  0
       0.0         0.0         0.0         0.0
-122.25429    38.22586     5.000  252.93  73.86  0.2040E+12    1.74   1.59  -1  -1   -24.36    33  4   0.0  0   0.0  0
      20.2         0.1         0.1         0.1
-122.06669    38.29784    14.798  252.93  73.86  0.2040E+12    7.45   1.59  -1  -1   -34.58     0  4   0.0  0   0.0  0
       0.0         0.0         0.0         0.0
-122.38571    38.19414     5.000  252.93  73.86  0.2040E+12    3.74   1.59  -1  -1   -23.13    26  4   0.0  0   0.0  0
       4.2         9.0         3.0         0.1
-122.45142    38.17828     5.000  252.93  73.86  0.2040E+12    3.77   1.59  -1  -1    24.68     1  4   0.0  0   0.0  0
       0.1         0.1         0.5         0.1
-122.51714    38.16242     5.000  252.93  73.86  0.2040E+12    5.14   1.59  -1  -1   -34.58     0  4   0.0  0   0.0  0
       0.0         0.0         0.0         0.0
-122.58286    38.14656     5.000  252.93  73.86  0.2040E+12    7.14   1.59  -1  -1   -34.53    16  4   0.0  0   0.0  0
       0.1         0.1         0.1         9.6
-122.05396    38.26530     1.734  252.93  73.86  0.2040E+12    6.93   1.59  -1  -1   -34.58     0  4   0.0  0   0.0  0
       0.0         0.0         0.0         0.0
-122.11967    38.24944     1.734  252.93  73.86  0.2040E+12    7.10   1.59  -1  -1     3.88     3  4   0.0  0   0.0  0
       0.1         1.5         0.1         0.1
-122.18539    38.23358     1.734  252.93  73.86  0.2040E+12    3.56   1.59  -1  -1   -34.58     0  4   0.0  0   0.0  0
       0.0         0.0         0.0         0.0
-122.25111    38.21772     1.734  252.93  73.86  0.2040E+12    2.27   1.59  -1  -1    16.61    38  4   0.0  0   0.0  0
      23.5         0.1         0.1         0.1
-122.31682    38.20186     1.734  252.93  73.86  0.2040E+12    1.97   1.59  -1  -1    -5.01    85  4   0.0  0   0.0  0
      30.4        22.8         0.1         0.1
-122.38253    38.18600     1.734  252.93  73.86  0.2040E+12    3.04   1.59  -1  -1    17.85    12  4   0.0  0   0.0  0
       1.4         3.6         2.4         0.1
-122.44825    38.17014     1.734  252.93  73.86  0.2040E+12    5.36   1.59  -1  -1    54.04     8  4   0.0  0   0.0  0
       0.1         1.1         3.6         0.0
-122.51396    38.15429     1.734  252.93  73.86  0.2040E+12    5.23   1.59  -1  -1   -34.58     0  4   0.0  0   0.0  0
       0.0         0.0         0.0         0.0
-122.57967    38.13842     1.734  252.93  73.86  0.2040E+12    7.22   1.59  -1  -1   -33.66     8  4   0.0  0   0.0  0
       0.1         0.1         4.9         0.1
