2.0
#
# http://equake-rc.info/static/paper/SRF-Description-Graves_2.0.pdf
# RECTANGULAR fault MODEL
#
# All subfaults are   3.0 km long along strike and
#   3.1 km wide along dip
#
# Model length along strike is   27.0 km
#
# Model width along dip is   15.5 km
#
# Corners of the rectangular dislocation model (lat, lon):
#     39.174  -119.149 : corner 1
#     39.276  -118.865 : corner 2
#     39.276  -118.865 : corner 3
#     39.174  -119.149 : corner 4
#
#
# Number of elementary sliprate
# isoceles triangular functions
# per subfault:   4
#
# Half duration of elementary sliprate
# isoceles triangular functions (s):   1.12
# Triangles are overlapping each other by half
#
# slip rate unit: cm/s
#
#
# Seismic moment is converted into slip
# using a single constant value for the
# shear modulus mu of  0.250E+12 dyne/cm2
# assumed to be constant and characteristic
# of the fault shear zone
#
#
#
# "rake" (degrees) is the slip angle (Aki"s convention,
# e.g. rake=+45 means left-lateral-reverse movement.
#
#
# ************************************************
# Total seismic moment M0=  0.499E+25 dyne.cm
# ************************************************
#
#
PLANE 1
-119.00700    39.22500    9    5    27.000    15.500
 65.00  90.00     0.250     0.000     7.750
POINTS   45
-119.00700    39.22500     8.000   65.00  90.00  0.9300E+11    0.00   1.12  -1  -1     9.18    13  4   0.0  0   0.0  0
      11.1         0.1         0.1         0.0
-119.10180    39.19075    14.200   65.00  90.00  0.9300E+11    4.29   1.12  -1  -1    35.46     1  4   0.0  0   0.0  0
       0.0         0.0         0.0         0.4
-119.07020    39.20217    14.200   65.00  90.00  0.9300E+11    4.07   1.12  -1  -1    42.42     3  4   0.0  0   0.0  0
       0.1         0.0         0.2         2.1
-119.03860    39.21358    14.200   65.00  90.00  0.9300E+11    4.14   1.12  -1  -1    30.84     2  4   0.0  0   0.0  0
       0.0         0.0         0.0         1.7
-119.00700    39.22500    14.200   65.00  90.00  0.9300E+11    3.06   1.12  -1  -1    27.13     2  4   0.0  0   0.0  0
       0.1         0.1         0.0         1.3
-118.97540    39.23641    14.200   65.00  90.00  0.9300E+11    2.85   1.12  -1  -1    -7.28     0  4   0.0  0   0.0  0
       0.0         0.1         0.0         0.1
-118.94381    39.24783    14.200   65.00  90.00  0.9300E+11    3.38   1.12  -1  -1   -16.14     0  4   0.0  0   0.0  0
       0.1         0.1         0.1         0.0
-118.91221    39.25924    14.200   65.00  90.00  0.9300E+11    3.78   1.12  -1  -1   -33.78     2  4   0.0  0   0.0  0
       0.0         0.1         0.1         1.6
-118.88061    39.27066    14.200   65.00  90.00  0.9300E+11    3.86   1.12  -1  -1   -45.00     0  4   0.0  0   0.0  0
       0.0         0.0         0.0         0.0
-119.13340    39.17934    11.100   65.00  90.00  0.9300E+11    4.29   1.12  -1  -1    41.86     0  4   0.0  0   0.0  0
       0.1         0.1         0.1         0.1
-119.10180    39.19075    11.100   65.00  90.00  0.9300E+11    3.33   1.12  -1  -1    40.35     0  4   0.0  0   0.0  0
       0.1         0.0         0.1         0.2
-119.07020    39.20217    11.100   65.00  90.00  0.9300E+11    4.32   1.12  -1  -1    21.23     0  4   0.0  0   0.0  0
       0.0         0.0         0.0         0.2
-119.03860    39.21358    11.100   65.00  90.00  0.9300E+11    4.31   1.12  -1  -1    29.61     2  4   0.0  0   0.0  0
       0.1         0.0         0.0         1.8
-119.00700    39.22500    11.100   65.00  90.00  0.9300E+11    1.40   1.12  -1  -1    13.02     0  4   0.0  0   0.0  0
       0.0         0.0         0.0         0.0
-118.97540    39.23641    11.100   65.00  90.00  0.9300E+11    2.45   1.12  -1  -1    -4.83     0  4   0.0  0   0.0  0
       0.0         0.0         0.0         0.1
-118.94381    39.24783    11.100   65.00  90.00  0.9300E+11    2.49   1.12  -1  -1   -11.26     0  4   0.0  0   0.0  0
       0.1         0.0         0.0         0.1
-118.91221    39.25924    11.100   65.00  90.00  0.9300E+11    4.33   1.12  -1  -1   -20.42     2  4   0.0  0   0.0  0
       0.1         0.1         0.2         1.8
-118.88061    39.27066    11.100   65.00  90.00  0.9300E+11    3.54   1.12  -1  -1   -45.00     0  4   0.0  0   0.0  0
       0.0         0.0         0.0         0.0
-119.13340    39.17934     8.000   65.00  90.00  0.9300E+11    4.27   1.12  -1  -1    41.19     1  4   0.0  0   0.0  0
       0.3         0.2         0.1         0.0
-119.10180    39.19075     8.000   65.00  90.00  0.9300E+11    3.01   1.12  -1  -1    24.42     1  4   0.0  0   0.0  0
       0.4         0.0         0.0         0.0
-119.07020    39.20217     8.000   65.00  90.00  0.9300E+11    1.92   1.12  -1  -1   -13.75     6  4   0.0  0   0.0  0
       5.6         0.0         0.0         0.0
-119.03860    39.21358     8.000   65.00  90.00  0.9300E+11    0.95   1.12  -1  -1     0.12    28  4   0.0  0   0.0  0
      25.2         0.1         0.0         0.0
-119.13340    39.17934    14.200   65.00  90.00  0.9300E+11    4.25   1.12  -1  -1    44.89    14  4   0.0  0   0.0  0
       4.7         4.1         1.5         2.6
-118.97540    39.23641     8.000   65.00  90.00  0.9300E+11    0.96   1.12  -1  -1   -21.19     2  4   0.0  0   0.0  0
       1.2         0.4         0.1         0.1
-118.94381    39.24783     8.000   65.00  90.00  0.9300E+11    3.52   1.12  -1  -1    -6.39     1  4   0.0  0   0.0  0
       0.0         0.1         0.1         0.6
-118.91221    39.25924     8.000   65.00  90.00  0.9300E+11    4.32   1.12  -1  -1    -4.72     4  4   0.0  0   0.0  0
       0.2         0.1         0.0         3.0
-118.88061    39.27066     8.000   65.00  90.00  0.9300E+11    3.43   1.12  -1  -1   -45.00     0  4   0.0  0   0.0  0
       0.0         0.0         0.0         0.0
-119.13340    39.17934     4.900   65.00  90.00  0.9300E+11    4.04   1.12  -1  -1    38.54     2  4   0.0  0   0.0  0
       1.6         0.3         0.1         0.0
-119.10180    39.19075     4.900   65.00  90.00  0.9300E+11    3.01   1.12  -1  -1    36.87     1  4   0.0  0   0.0  0
       0.6         0.0         0.1         0.1
-119.07020    39.20217     4.900   65.00  90.00  0.9300E+11    2.01   1.12  -1  -1     0.51     7  4   0.0  0   0.0  0
       5.7         0.0         0.1         0.0
-119.03860    39.21358     4.900   65.00  90.00  0.9300E+11    1.90   1.12  -1  -1     2.97    10  4   0.0  0   0.0  0
       8.6         0.1         0.0         0.3
-119.00700    39.22500     4.900   65.00  90.00  0.9300E+11    1.01   1.12  -1  -1     5.22    18  4   0.0  0   0.0  0
      16.3         0.1         0.0         0.0
-118.97540    39.23641     4.900   65.00  90.00  0.9300E+11    1.40   1.12  -1  -1   -12.68     1  4   0.0  0   0.0  0
       0.2         0.3         0.1         0.0
-118.94381    39.24783     4.900   65.00  90.00  0.9300E+11    3.10   1.12  -1  -1   -19.16     7  4   0.0  0   0.0  0
       5.7         0.6         0.1         0.1
-118.91221    39.25924     4.900   65.00  90.00  0.9300E+11    3.02   1.12  -1  -1     6.65    10  4   0.0  0   0.0  0
       8.6         0.1         0.0         0.0
-118.88061    39.27066     4.900   65.00  90.00  0.9300E+11    3.54   1.12  -1  -1   -45.00     0  4   0.0  0   0.0  0
       0.0         0.0         0.0         0.0
-119.13340    39.17934     1.800   65.00  90.00  0.9300E+11    4.03   1.12  -1  -1    12.62    25  4   0.0  0   0.0  0
      22.0         0.1         0.0         0.1
-119.10180    39.19075     1.800   65.00  90.00  0.9300E+11    3.34   1.12  -1  -1    16.52     0  4   0.0  0   0.0  0
       0.1         0.0         0.1         0.1
-119.07020    39.20217     1.800   65.00  90.00  0.9300E+11    2.48   1.12  -1  -1    19.75     0  4   0.0  0   0.0  0
       0.3         0.0         0.0         0.0
-119.03860    39.21358     1.800   65.00  90.00  0.9300E+11    2.01   1.12  -1  -1    -1.67     7  4   0.0  0   0.0  0
       6.1         0.0         0.0         0.0
-119.00700    39.22500     1.800   65.00  90.00  0.9300E+11    1.89   1.12  -1  -1    -8.33     7  4   0.0  0   0.0  0
       6.3         0.1         0.1         0.1
-118.97540    39.23641     1.800   65.00  90.00  0.9300E+11    2.08   1.12  -1  -1   -27.08     2  4   0.0  0   0.0  0
       1.7         0.1         0.0         0.2
-118.94381    39.24783     1.800   65.00  90.00  0.9300E+11    3.68   1.12  -1  -1     6.25     6  4   0.0  0   0.0  0
       1.9         2.7         1.0         0.1
-118.91221    39.25924     1.800   65.00  90.00  0.9300E+11    3.52   1.12  -1  -1     0.18    24  4   0.0  0   0.0  0
      15.5         0.0         0.6         5.4
-118.88061    39.27066     1.800   65.00  90.00  0.9300E+11    3.86   1.12  -1  -1   -45.00     0  4   0.0  0   0.0  0
       0.0         0.0         0.0         0.0
