2.0
#
# http://equake-rc.info/static/paper/SRF-Description-Graves_2.0.pdf
# RECTANGULAR fault MODEL
#
# All subfaults are   5.0 km long along strike and
#   5.6 km wide along dip
#
# Model length along strike is   45.0 km
#
# Model width along dip is   28.0 km
#
# Corners of the rectangular dislocation model (lat, lon):
#      9.644   -70.914 : corner 1
#     10.042   -70.985 : corner 2
#     10.077   -70.784 : corner 3
#      9.679   -70.713 : corner 4
#
#
# Number of elementary sliprate
# isoceles triangular functions
# per subfault:   4
#
# Half duration of elementary sliprate
# isoceles triangular functions (s):   1.43
# Triangles are overlapping each other by half
#
# slip rate unit: cm/s
#
#
# Seismic moment is converted into slip
# using a single constant value for the
# shear modulus mu of  0.250E+12 dyne/cm2
# assumed to be constant and characteristic
# of the fault shear zone
#
#
#
# "rake" (degrees) is the slip angle (Aki"s convention,
# e.g. rake=+45 means left-lateral-reverse movement.
#
#
# ************************************************
# Total seismic moment M0=  0.236E+26 dyne.cm
# ************************************************
#
#
PLANE 1
 -70.94950     9.84300    9    5    45.000    28.000
350.00  37.00     0.205     0.000    19.600
POINTS   45
 -70.80870     9.86730    12.000  350.00  37.00  0.2800E+12    0.00   1.43  -1  -1    78.28     6  4   0.0  0   0.0  0
       0.2         0.3         0.5         3.2
 -70.74475     9.74150    15.370  350.00  37.00  0.2800E+12    4.57   1.43  -1  -1    28.00     0  4   0.0  0   0.0  0
       0.0         0.0         0.0         0.0
 -70.75267     9.78576    15.370  350.00  37.00  0.2800E+12    3.28   1.43  -1  -1    62.05     0  4   0.0  0   0.0  0
       0.1         0.1         0.1         0.1
 -70.76060     9.83002    15.370  350.00  37.00  0.2800E+12    2.28   1.43  -1  -1    75.71    42  4   0.0  0   0.0  0
      28.4         1.1         0.1         0.0
 -70.76852     9.87428    15.370  350.00  37.00  0.2800E+12    1.88   1.43  -1  -1    82.95    60  4   0.0  0   0.0  0
      23.1        17.2         1.6         0.1
 -70.77644     9.91854    15.370  350.00  37.00  0.2800E+12    2.34   1.43  -1  -1    79.47    47  4   0.0  0   0.0  0
       5.3        21.8         5.3         0.1
 -70.78436     9.96280    15.370  350.00  37.00  0.2800E+12    6.27   1.43  -1  -1    88.19    10  4   0.0  0   0.0  0
       6.2         0.4         0.2         0.1
 -70.79228    10.00706    15.370  350.00  37.00  0.2800E+12    6.24   1.43  -1  -1    89.25     2  4   0.0  0   0.0  0
       0.2         0.5         0.5         0.1
 -70.80020    10.05132    15.370  350.00  37.00  0.2800E+12    5.93   1.43  -1  -1    28.00     0  4   0.0  0   0.0  0
       0.0         0.0         0.0         0.0
 -70.77702     9.69026    12.000  350.00  37.00  0.2800E+12    5.71   1.43  -1  -1    28.00     0  4   0.0  0   0.0  0
       0.0         0.0         0.0         0.0
 -70.78493     9.73452    12.000  350.00  37.00  0.2800E+12    4.29   1.43  -1  -1    28.00     0  4   0.0  0   0.0  0
       0.0         0.0         0.0         0.0
 -70.79285     9.77878    12.000  350.00  37.00  0.2800E+12    3.04   1.43  -1  -1    70.69     0  4   0.0  0   0.0  0
       0.1         0.1         0.1         0.1
 -70.80078     9.82304    12.000  350.00  37.00  0.2800E+12    2.22   1.43  -1  -1    80.30    16  4   0.0  0   0.0  0
      11.0         0.1         0.1         0.1
 -70.73683     9.69724    15.370  350.00  37.00  0.2800E+12    5.93   1.43  -1  -1    28.00     0  4   0.0  0   0.0  0
       0.0         0.0         0.0         0.0
 -70.81662     9.91156    12.000  350.00  37.00  0.2800E+12    3.74   1.43  -1  -1    87.32     5  4   0.0  0   0.0  0
       0.3         2.8         0.2         0.1
 -70.82455     9.95582    12.000  350.00  37.00  0.2800E+12    5.60   1.43  -1  -1    82.79     1  4   0.0  0   0.0  0
       0.1         0.2         0.3         0.1
 -70.83247    10.00008    12.000  350.00  37.00  0.2800E+12    6.07   1.43  -1  -1    93.86     2  4   0.0  0   0.0  0
       0.2         0.9         0.1         0.1
 -70.84039    10.04434    12.000  350.00  37.00  0.2800E+12    5.71   1.43  -1  -1    28.00     0  4   0.0  0   0.0  0
       0.0         0.0         0.0         0.0
 -70.81720     9.68328     8.630  350.00  37.00  0.2800E+12    5.93   1.43  -1  -1    28.00     0  4   0.0  0   0.0  0
       0.0         0.0         0.0         0.0
 -70.82512     9.72754     8.630  350.00  37.00  0.2800E+12    4.57   1.43  -1  -1    28.00     0  4   0.0  0   0.0  0
       0.0         0.0         0.0         0.0
 -70.83304     9.77180     8.630  350.00  37.00  0.2800E+12    3.33   1.43  -1  -1    86.72     0  4   0.0  0   0.0  0
       0.1         0.1         0.1         0.1
 -70.84097     9.81606     8.630  350.00  37.00  0.2800E+12    2.18   1.43  -1  -1    64.23     4  4   0.0  0   0.0  0
       1.9         0.6         0.1         0.1
 -70.84888     9.86032     8.630  350.00  37.00  0.2800E+12    1.86   1.43  -1  -1    70.58    23  4   0.0  0   0.0  0
      15.5         0.3         0.1         0.0
 -70.85680     9.90458     8.630  350.00  37.00  0.2800E+12    2.29   1.43  -1  -1    75.01    10  4   0.0  0   0.0  0
       0.3         4.9         1.5         0.2
 -70.86473     9.94884     8.630  350.00  37.00  0.2800E+12    3.64   1.43  -1  -1    54.96    21  4   0.0  0   0.0  0
      14.1         0.2         0.5         0.1
 -70.87265     9.99310     8.630  350.00  37.00  0.2800E+12    6.22   1.43  -1  -1    82.16     2  4   0.0  0   0.0  0
       0.7         0.4         0.2         0.1
 -70.88057    10.03736     8.630  350.00  37.00  0.2800E+12    5.93   1.43  -1  -1    28.00     0  4   0.0  0   0.0  0
       0.0         0.0         0.0         0.0
 -70.85738     9.67630     5.260  350.00  37.00  0.2800E+12    6.38   1.43  -1  -1    28.00     0  4   0.0  0   0.0  0
       0.0         0.0         0.0         0.0
 -70.86530     9.72056     5.260  350.00  37.00  0.2800E+12    5.35   1.43  -1  -1    28.00     0  4   0.0  0   0.0  0
       0.0         0.0         0.0         0.0
 -70.87322     9.76482     5.260  350.00  37.00  0.2800E+12    4.54   1.43  -1  -1    89.96     0  4   0.0  0   0.0  0
       0.1         0.0         0.1         0.1
 -70.88115     9.80908     5.260  350.00  37.00  0.2800E+12    3.59   1.43  -1  -1    88.15     0  4   0.0  0   0.0  0
       0.1         0.1         0.1         0.1
 -70.88907     9.85334     5.260  350.00  37.00  0.2800E+12    3.76   1.43  -1  -1    71.29     1  4   0.0  0   0.0  0
       0.1         0.1         0.1         0.1
 -70.89699     9.89760     5.260  350.00  37.00  0.2800E+12    4.04   1.43  -1  -1    64.43     1  4   0.0  0   0.0  0
       0.4         0.1         0.1         0.1
 -70.90491     9.94186     5.260  350.00  37.00  0.2800E+12    4.91   1.43  -1  -1    64.20     1  4   0.0  0   0.0  0
       0.2         0.1         0.1         0.1
 -70.91283     9.98612     5.260  350.00  37.00  0.2800E+12    5.57   1.43  -1  -1    64.53    13  4   0.0  0   0.0  0
       8.5         0.1         0.2         0.0
 -70.92075    10.03038     5.260  350.00  37.00  0.2800E+12    6.38   1.43  -1  -1    28.00     0  4   0.0  0   0.0  0
       0.0         0.0         0.0         0.0
 -70.89757     9.66932     1.890  350.00  37.00  0.2800E+12    6.38   1.43  -1  -1    28.00     0  4   0.0  0   0.0  0
       0.0         0.0         0.0         0.0
 -70.90549     9.71358     1.890  350.00  37.00  0.2800E+12    6.38   1.43  -1  -1    28.00     0  4   0.0  0   0.0  0
       0.0         0.0         0.0         0.0
 -70.91341     9.75784     1.890  350.00  37.00  0.2800E+12    6.25   1.43  -1  -1    96.28     0  4   0.0  0   0.0  0
       0.1         0.1         0.1         0.1
 -70.92133     9.80210     1.890  350.00  37.00  0.2800E+12    5.57   1.43  -1  -1   102.00     0  4   0.0  0   0.0  0
       0.1         0.1         0.1         0.1
 -70.92925     9.84636     1.890  350.00  37.00  0.2800E+12    5.82   1.43  -1  -1    70.88     0  4   0.0  0   0.0  0
       0.1         0.1         0.1         0.1
 -70.93717     9.89062     1.890  350.00  37.00  0.2800E+12    5.05   1.43  -1  -1    51.80     6  4   0.0  0   0.0  0
       4.2         0.1         0.1         0.0
 -70.94510     9.93488     1.890  350.00  37.00  0.2800E+12    5.75   1.43  -1  -1    62.80    16  4   0.0  0   0.0  0
      10.7         0.1         0.1         0.1
 -70.95302     9.97914     1.890  350.00  37.00  0.2800E+12    6.38   1.43  -1  -1    54.84    47  4   0.0  0   0.0  0
      32.6         0.2         0.1         0.1
 -70.96094    10.02340     1.890  350.00  37.00  0.2800E+12    6.38   1.43  -1  -1    28.00     0  4   0.0  0   0.0  0
       0.0         0.0         0.0         0.0
