2.0
#
# http://equake-rc.info/static/paper/SRF-Description-Graves_2.0.pdf
# RECTANGULAR fault MODEL
#
# All subfaults are   5.0 km long along strike and
#   4.0 km wide along dip
#
# Model length along strike is   45.0 km
#
# Model width along dip is   20.0 km
#
# Corners of the rectangular dislocation model (lat, lon):
#     10.060   -70.739 : corner 1
#      9.663   -70.817 : corner 2
#      9.682   -70.920 : corner 3
#     10.080   -70.842 : corner 4
#
#
# Number of elementary sliprate
# isoceles triangular functions
# per subfault:   4
#
# Half duration of elementary sliprate
# isoceles triangular functions (s):   1.43
# Triangles are overlapping each other by half
#
# slip rate unit: cm/s
#
#
# Seismic moment is converted into slip
# using a single constant value for the
# shear modulus mu of  0.250E+12 dyne/cm2
# assumed to be constant and characteristic
# of the fault shear zone
#
#
#
# "rake" (degrees) is the slip angle (Aki"s convention,
# e.g. rake=+45 means left-lateral-reverse movement.
#
#
# ************************************************
# Total seismic moment M0=  0.249E+26 dyne.cm
# ************************************************
#
#
PLANE 1
 -70.77800     9.86150    9    5    45.000    20.000
190.95  54.86     0.093     0.000     6.001
POINTS   45
 -70.80870     9.86730     5.000  190.95  54.86  0.2000E+12    0.00   1.43  -1  -1    97.51     2  4   0.0  0   0.0  0
       0.3         0.2         0.4         0.2
 -70.84457    10.01147    14.813  190.95  54.86  0.2000E+12    6.12   1.43  -1  -1   115.84     0  4   0.0  0   0.0  0
       0.1         0.1         0.1         0.1
 -70.85323     9.96734    14.813  190.95  54.86  0.2000E+12    6.28   1.43  -1  -1   103.94     1  4   0.0  0   0.0  0
       0.2         0.2         0.2         0.1
 -70.86190     9.92321    14.813  190.95  54.86  0.2000E+12    4.94   1.43  -1  -1   104.29     2  4   0.0  0   0.0  0
       0.1         0.9         0.3         0.1
 -70.87057     9.87909    14.813  190.95  54.86  0.2000E+12    4.88   1.43  -1  -1    99.68    10  4   0.0  0   0.0  0
       0.2         5.2         1.6         0.3
 -70.87923     9.83496    14.813  190.95  54.86  0.2000E+12    5.38   1.43  -1  -1    78.21    21  4   0.0  0   0.0  0
       6.9         7.4         0.3         0.1
 -70.88789     9.79084    14.813  190.95  54.86  0.2000E+12    5.31   1.43  -1  -1    82.94    18  4   0.0  0   0.0  0
      12.2         0.3         0.3         0.1
 -70.89655     9.74671    14.813  190.95  54.86  0.2000E+12    5.49   1.43  -1  -1    57.42     0  4   0.0  0   0.0  0
       0.0         0.0         0.0         0.0
 -70.90522     9.70259    14.813  190.95  54.86  0.2000E+12    6.38   1.43  -1  -1    57.42     0  4   0.0  0   0.0  0
       0.0         0.0         0.0         0.0
 -70.81529    10.05166    11.542  190.95  54.86  0.2000E+12    6.15   1.43  -1  -1    57.42     0  4   0.0  0   0.0  0
       0.0         0.0         0.0         0.0
 -70.82395    10.00754    11.542  190.95  54.86  0.2000E+12    6.27   1.43  -1  -1   119.81     2  4   0.0  0   0.0  0
       0.3         0.9         0.2         0.2
 -70.83262     9.96341    11.542  190.95  54.86  0.2000E+12    4.90   1.43  -1  -1   114.76    24  4   0.0  0   0.0  0
       0.1         5.7        10.6         0.1
 -70.84128     9.91928    11.542  190.95  54.86  0.2000E+12    4.98   1.43  -1  -1   105.37    43  4   0.0  0   0.0  0
       7.2         9.4        13.1         0.1
 -70.84995     9.87516    11.542  190.95  54.86  0.2000E+12    4.04   1.43  -1  -1   100.34    47  4   0.0  0   0.0  0
       3.5         5.3        21.3         2.9
 -70.85860     9.83103    11.542  190.95  54.86  0.2000E+12    2.78   1.43  -1  -1    89.35    43  4   0.0  0   0.0  0
      13.0        16.8         0.1         0.2
 -70.86727     9.78691    11.542  190.95  54.86  0.2000E+12    3.71   1.43  -1  -1    91.34    19  4   0.0  0   0.0  0
      12.9         0.2         0.1         0.1
 -70.87593     9.74278    11.542  190.95  54.86  0.2000E+12    4.86   1.43  -1  -1    57.42     0  4   0.0  0   0.0  0
       0.0         0.0         0.0         0.0
 -70.88460     9.69866    11.542  190.95  54.86  0.2000E+12    6.15   1.43  -1  -1    57.42     0  4   0.0  0   0.0  0
       0.0         0.0         0.0         0.0
 -70.79467    10.04773     8.271  190.95  54.86  0.2000E+12    5.83   1.43  -1  -1    57.42     0  4   0.0  0   0.0  0
       0.0         0.0         0.0         0.0
 -70.80333    10.00361     8.271  190.95  54.86  0.2000E+12    4.84   1.43  -1  -1   121.79    16  4   0.0  0   0.0  0
       6.8         0.9         3.6         0.1
 -70.81200     9.95948     8.271  190.95  54.86  0.2000E+12    3.81   1.43  -1  -1   117.52    39  4   0.0  0   0.0  0
      19.5         3.2         2.7         1.9
 -70.82066     9.91535     8.271  190.95  54.86  0.2000E+12    2.08   1.43  -1  -1   110.05    39  4   0.0  0   0.0  0
      12.6         4.1         8.7         2.1
 -70.82932     9.87123     8.271  190.95  54.86  0.2000E+12    1.99   1.43  -1  -1   103.50    35  4   0.0  0   0.0  0
      15.5         1.1         7.6         0.4
 -70.83798     9.82710     8.271  190.95  54.86  0.2000E+12    1.99   1.43  -1  -1    93.29    38  4   0.0  0   0.0  0
      23.4         3.0         0.2         0.1
 -70.84665     9.78298     8.271  190.95  54.86  0.2000E+12    3.10   1.43  -1  -1    99.43    15  4   0.0  0   0.0  0
      10.4         0.1         0.1         0.1
 -70.85531     9.73885     8.271  190.95  54.86  0.2000E+12    4.44   1.43  -1  -1    57.42     0  4   0.0  0   0.0  0
       0.0         0.0         0.0         0.0
 -70.86398     9.69473     8.271  190.95  54.86  0.2000E+12    5.83   1.43  -1  -1    57.42     0  4   0.0  0   0.0  0
       0.0         0.0         0.0         0.0
 -70.77405    10.04380     5.000  190.95  54.86  0.2000E+12    5.71   1.43  -1  -1    57.42     0  4   0.0  0   0.0  0
       0.0         0.0         0.0         0.0
 -70.78271     9.99968     5.000  190.95  54.86  0.2000E+12    6.28   1.43  -1  -1   128.58     1  4   0.0  0   0.0  0
       0.2         0.3         0.2         0.3
 -70.79137     9.95555     5.000  190.95  54.86  0.2000E+12    4.43   1.43  -1  -1   116.86     3  4   0.0  0   0.0  0
       1.4         0.2         0.3         0.2
 -70.80003     9.91143     5.000  190.95  54.86  0.2000E+12    4.96   1.43  -1  -1   122.13     2  4   0.0  0   0.0  0
       0.2         0.3         0.3         0.2
 -70.83591    10.05559    14.813  190.95  54.86  0.2000E+12    6.38   1.43  -1  -1    57.42     0  4   0.0  0   0.0  0
       0.0         0.0         0.0         0.0
 -70.81737     9.82317     5.000  190.95  54.86  0.2000E+12    2.99   1.43  -1  -1   102.13     1  4   0.0  0   0.0  0
       0.1         0.2         0.2         0.1
 -70.82603     9.77905     5.000  190.95  54.86  0.2000E+12    3.12   1.43  -1  -1   103.72     1  4   0.0  0   0.0  0
       0.2         0.1         0.1         0.1
 -70.83469     9.73492     5.000  190.95  54.86  0.2000E+12    4.29   1.43  -1  -1    57.42     0  4   0.0  0   0.0  0
       0.0         0.0         0.0         0.0
 -70.84335     9.69080     5.000  190.95  54.86  0.2000E+12    5.71   1.43  -1  -1    57.42     0  4   0.0  0   0.0  0
       0.0         0.0         0.0         0.0
 -70.75343    10.03987     1.729  190.95  54.86  0.2000E+12    5.83   1.43  -1  -1    57.42     0  4   0.0  0   0.0  0
       0.0         0.0         0.0         0.0
 -70.76209     9.99575     1.729  190.95  54.86  0.2000E+12    4.97   1.43  -1  -1   132.26    10  4   0.0  0   0.0  0
       6.4         0.3         0.3         0.1
 -70.77075     9.95162     1.729  190.95  54.86  0.2000E+12    3.40   1.43  -1  -1   111.41    34  4   0.0  0   0.0  0
      23.6         0.2         0.1         0.1
 -70.77942     9.90750     1.729  190.95  54.86  0.2000E+12    2.07   1.43  -1  -1   105.22    28  4   0.0  0   0.0  0
      18.8         0.4         0.1         0.1
 -70.78808     9.86337     1.729  190.95  54.86  0.2000E+12    2.98   1.43  -1  -1   104.96     2  4   0.0  0   0.0  0
       1.0         0.3         0.1         0.0
 -70.79675     9.81925     1.729  190.95  54.86  0.2000E+12    2.99   1.43  -1  -1   115.25     1  4   0.0  0   0.0  0
       0.2         0.1         0.1         0.1
 -70.80540     9.77512     1.729  190.95  54.86  0.2000E+12    5.06   1.43  -1  -1   133.64     0  4   0.0  0   0.0  0
       0.1         0.0         0.0         0.1
 -70.81407     9.73099     1.729  190.95  54.86  0.2000E+12    4.44   1.43  -1  -1    57.42     0  4   0.0  0   0.0  0
       0.0         0.0         0.0         0.0
 -70.82273     9.68687     1.729  190.95  54.86  0.2000E+12    5.83   1.43  -1  -1    57.42     0  4   0.0  0   0.0  0
       0.0         0.0         0.0         0.0
