2.0
#
# http://equake-rc.info/static/paper/SRF-Description-Graves_2.0.pdf
# RECTANGULAR fault MODEL
#
# All subfaults are   4.0 km long along strike and
#   7.0 km wide along dip
#
# Model length along strike is   36.0 km
#
# Model width along dip is   35.0 km
#
# Corners of the rectangular dislocation model (lat, lon):
#     13.679   -92.525 : corner 1
#     13.589   -92.205 : corner 2
#     13.333   -92.281 : corner 3
#     13.422   -92.601 : corner 4
#
#
# Number of elementary sliprate
# isoceles triangular functions
# per subfault:   4
#
# Half duration of elementary sliprate
# isoceles triangular functions (s):   1.33
# Triangles are overlapping each other by half
#
# slip rate unit: cm/s
#
#
# Seismic moment is converted into slip
# using a single constant value for the
# shear modulus mu of  0.250E+12 dyne/cm2
# assumed to be constant and characteristic
# of the fault shear zone
#
#
#
# "rake" (degrees) is the slip angle (Aki"s convention,
# e.g. rake=+45 means left-lateral-reverse movement.
#
#
# ************************************************
# Total seismic moment M0=  0.107E+26 dyne.cm
# ************************************************
#
#
PLANE 1
 -92.36501    13.63400    9    5    36.000    35.000
106.00  32.00     2.726     0.000    17.499
POINTS   45
 -92.40290    13.50570    12.000  106.00  32.00  0.2800E+12    0.00   1.33  -1  -1  -135.26    11  4   0.0  0   0.0  0
       5.1         1.6         0.3         1.2
 -92.53982    13.43283    19.419  106.00  32.00  0.2800E+12    5.52   1.33  -1  -1  -100.98    10  4   0.0  0   0.0  0
       5.1         1.0         0.1         1.1
 -92.50426    13.42292    19.419  106.00  32.00  0.2800E+12    4.88   1.33  -1  -1  -143.79     7  4   0.0  0   0.0  0
       4.2         0.5         0.4         0.2
 -92.46871    13.41301    19.419  106.00  32.00  0.2800E+12    4.35   1.33  -1  -1  -142.89     7  4   0.0  0   0.0  0
       1.9         0.7         0.3         2.7
 -92.43316    13.40309    19.419  106.00  32.00  0.2800E+12    4.77   1.33  -1  -1  -143.32     5  4   0.0  0   0.0  0
       1.3         0.5         0.2         1.8
 -92.39761    13.39318    19.419  106.00  32.00  0.2800E+12    4.36   1.33  -1  -1  -136.97     3  4   0.0  0   0.0  0
       0.8         0.2         0.1         1.2
 -92.36205    13.38327    19.419  106.00  32.00  0.2800E+12    5.54   1.33  -1  -1  -154.81     2  4   0.0  0   0.0  0
       0.6         0.1         0.6         0.3
 -92.32650    13.37335    19.419  106.00  32.00  0.2800E+12    5.52   1.33  -1  -1  -151.29     3  4   0.0  0   0.0  0
       0.8         0.1         1.3         0.3
 -92.29095    13.36344    19.419  106.00  32.00  0.2800E+12    5.67   1.33  -1  -1  -154.36     2  4   0.0  0   0.0  0
       0.1         0.1         0.7         0.5
 -92.56024    13.49405    15.709  106.00  32.00  0.2800E+12    5.32   1.33  -1  -1   -74.90    13  4   0.0  0   0.0  0
       0.3         0.2         1.1         8.3
 -92.52469    13.48413    15.709  106.00  32.00  0.2800E+12    4.90   1.33  -1  -1  -109.30     6  4   0.0  0   0.0  0
       1.5         0.0         0.5         2.4
 -92.48914    13.47422    15.709  106.00  32.00  0.2800E+12    3.56   1.33  -1  -1   -96.62     5  4   0.0  0   0.0  0
       2.7         0.4         0.3         0.1
 -92.45358    13.46431    15.709  106.00  32.00  0.2800E+12    3.93   1.33  -1  -1  -117.20     8  4   0.0  0   0.0  0
       4.2         0.6         0.1         0.9
 -92.41803    13.45440    15.709  106.00  32.00  0.2800E+12    2.51   1.33  -1  -1   -88.94     8  4   0.0  0   0.0  0
       3.5         0.4         1.7         0.1
 -92.38248    13.44448    15.709  106.00  32.00  0.2800E+12    2.41   1.33  -1  -1   -80.88     3  4   0.0  0   0.0  0
       1.0         0.8         0.1         0.0
 -92.34692    13.43457    15.709  106.00  32.00  0.2800E+12    3.23   1.33  -1  -1   -78.99     1  4   0.0  0   0.0  0
       0.5         0.2         0.1         0.1
 -92.31137    13.42466    15.709  106.00  32.00  0.2800E+12    5.29   1.33  -1  -1  -104.82     0  4   0.0  0   0.0  0
       0.1         0.1         0.1         0.1
 -92.27582    13.41475    15.709  106.00  32.00  0.2800E+12    5.12   1.33  -1  -1   -71.87     0  4   0.0  0   0.0  0
       0.1         0.1         0.1         0.1
 -92.54511    13.54535    12.000  106.00  32.00  0.2800E+12    5.01   1.33  -1  -1   -96.39     2  4   0.0  0   0.0  0
       0.5         0.1         0.2         0.7
 -92.50956    13.53544    12.000  106.00  32.00  0.2800E+12    4.99   1.33  -1  -1  -104.82     1  4   0.0  0   0.0  0
       0.6         0.2         0.1         0.1
 -92.47401    13.52553    12.000  106.00  32.00  0.2800E+12    3.60   1.33  -1  -1   -98.98     3  4   0.0  0   0.0  0
       0.5         0.9         0.7         0.0
 -92.43845    13.51561    12.000  106.00  32.00  0.2800E+12    2.51   1.33  -1  -1   -98.08     9  4   0.0  0   0.0  0
       3.7         2.3         0.6         0.2
 -92.57537    13.44274    19.419  106.00  32.00  0.2800E+12    5.67   1.33  -1  -1   -74.89     8  4   0.0  0   0.0  0
       0.4         0.7         3.0         2.1
 -92.36735    13.49579    12.000  106.00  32.00  0.2800E+12    1.43   1.33  -1  -1   -91.04     9  4   0.0  0   0.0  0
       5.7         0.1         0.1         0.7
 -92.33179    13.48588    12.000  106.00  32.00  0.2800E+12    3.74   1.33  -1  -1   -70.48     0  4   0.0  0   0.0  0
       0.1         0.1         0.1         0.1
 -92.29624    13.47596    12.000  106.00  32.00  0.2800E+12    5.09   1.33  -1  -1   -69.33     0  4   0.0  0   0.0  0
       0.1         0.1         0.1         0.1
 -92.26069    13.46605    12.000  106.00  32.00  0.2800E+12    5.06   1.33  -1  -1   -74.10     0  4   0.0  0   0.0  0
       0.1         0.1         0.1         0.1
 -92.52998    13.59665     8.291  106.00  32.00  0.2800E+12    5.55   1.33  -1  -1   -66.35     5  4   0.0  0   0.0  0
       1.1         0.4         1.2         0.9
 -92.49443    13.58674     8.291  106.00  32.00  0.2800E+12    5.53   1.33  -1  -1   -66.13     3  4   0.0  0   0.0  0
       0.1         0.2         0.9         0.9
 -92.45888    13.57683     8.291  106.00  32.00  0.2800E+12    5.42   1.33  -1  -1   -73.77     1  4   0.0  0   0.0  0
       0.1         0.1         0.2         0.2
 -92.42332    13.56692     8.291  106.00  32.00  0.2800E+12    5.34   1.33  -1  -1   -69.20     1  4   0.0  0   0.0  0
       0.1         0.0         0.1         0.3
 -92.38777    13.55700     8.291  106.00  32.00  0.2800E+12    2.62   1.33  -1  -1   -69.78     1  4   0.0  0   0.0  0
       0.2         0.2         0.1         0.1
 -92.35222    13.54709     8.291  106.00  32.00  0.2800E+12    2.61   1.33  -1  -1   -87.41     1  4   0.0  0   0.0  0
       1.0         0.1         0.0         0.0
 -92.31667    13.53718     8.291  106.00  32.00  0.2800E+12    3.22   1.33  -1  -1   -89.05     3  4   0.0  0   0.0  0
       2.3         0.1         0.1         0.0
 -92.28111    13.52727     8.291  106.00  32.00  0.2800E+12    5.03   1.33  -1  -1   -68.42     0  4   0.0  0   0.0  0
       0.1         0.1         0.1         0.0
 -92.24556    13.51735     8.291  106.00  32.00  0.2800E+12    5.08   1.33  -1  -1   -68.03     1  4   0.0  0   0.0  0
       0.5         0.0         0.1         0.1
 -92.51485    13.64796     4.581  106.00  32.00  0.2800E+12    5.67   1.33  -1  -1   -66.53     6  4   0.0  0   0.0  0
       0.4         0.2         0.5         3.1
 -92.47930    13.63805     4.581  106.00  32.00  0.2800E+12    5.58   1.33  -1  -1   -85.93     0  4   0.0  0   0.0  0
       0.1         0.1         0.1         0.1
 -92.44375    13.62813     4.581  106.00  32.00  0.2800E+12    5.08   1.33  -1  -1   -76.42     1  4   0.0  0   0.0  0
       0.4         0.1         0.0         0.1
 -92.40820    13.61822     4.581  106.00  32.00  0.2800E+12    4.90   1.33  -1  -1   -68.96     0  4   0.0  0   0.0  0
       0.1         0.1         0.1         0.1
 -92.37264    13.60831     4.581  106.00  32.00  0.2800E+12    4.92   1.33  -1  -1   -69.35     1  4   0.0  0   0.0  0
       0.2         0.1         0.1         0.1
 -92.33709    13.59839     4.581  106.00  32.00  0.2800E+12    4.90   1.33  -1  -1   -85.68     0  4   0.0  0   0.0  0
       0.1         0.1         0.0         0.1
 -92.30154    13.58848     4.581  106.00  32.00  0.2800E+12    4.90   1.33  -1  -1   -86.42     0  4   0.0  0   0.0  0
       0.1         0.0         0.1         0.1
 -92.26598    13.57857     4.581  106.00  32.00  0.2800E+12    5.40   1.33  -1  -1   -68.36     0  4   0.0  0   0.0  0
       0.1         0.1         0.0         0.1
 -92.23043    13.56866     4.581  106.00  32.00  0.2800E+12    5.67   1.33  -1  -1   -97.94     0  4   0.0  0   0.0  0
       0.1         0.1         0.1         0.0
