2.0
#
# http://equake-rc.info/static/paper/SRF-Description-Graves_2.0.pdf
# RECTANGULAR fault MODEL
#
# All subfaults are   5.0 km long along strike and
#   9.0 km wide along dip
#
# Model length along strike is   45.0 km
#
# Model width along dip is   45.0 km
#
# Corners of the rectangular dislocation model (lat, lon):
#     35.907    25.758 : corner 1
#     35.585    26.061 : corner 2
#     35.555    26.013 : corner 3
#     35.877    25.710 : corner 4
#
#
# Number of elementary sliprate
# isoceles triangular functions
# per subfault:   4
#
# Half duration of elementary sliprate
# isoceles triangular functions (s):   1.46
# Triangles are overlapping each other by half
#
# slip rate unit: cm/s
#
#
# Seismic moment is converted into slip
# using a single constant value for the
# shear modulus mu of  0.250E+12 dyne/cm2
# assumed to be constant and characteristic
# of the fault shear zone
#
#
#
# "rake" (degrees) is the slip angle (Aki"s convention,
# e.g. rake=+45 means left-lateral-reverse movement.
#
#
# ************************************************
# Total seismic moment M0=  0.162E+26 dyne.cm
# ************************************************
#
#
PLANE 1
  25.90950    35.74600    9    5    45.000    45.000
142.54  83.05    53.731     0.000    31.501
POINTS   45
  25.87600    35.72500    85.000  142.54  83.05  0.4500E+12    0.00   1.46  -1  -1    26.34    18  4   0.0  0   0.0  0
       7.2         4.1         0.7         0.1
  25.76526    35.82622    93.934  142.54  83.05  0.4500E+12    5.00   1.46  -1  -1   -24.85     0  4   0.0  0   0.0  0
       0.0         0.0         0.0         0.0
  25.79898    35.79049    93.934  142.54  83.05  0.4500E+12    6.54   1.46  -1  -1    15.36     0  4   0.0  0   0.0  0
       0.0         0.0         0.1         0.1
  25.83270    35.75476    93.934  142.54  83.05  0.4500E+12    2.96   1.46  -1  -1    10.41     6  4   0.0  0   0.0  0
       3.7         0.0         0.1         0.3
  25.86641    35.71904    93.934  142.54  83.05  0.4500E+12    6.54   1.46  -1  -1    43.27     6  4   0.0  0   0.0  0
       1.1         0.1         0.1         2.8
  25.90013    35.68331    93.934  142.54  83.05  0.4500E+12    6.54   1.46  -1  -1    46.29     4  4   0.0  0   0.0  0
       1.3         0.0         0.0         1.1
  25.93384    35.64758    93.934  142.54  83.05  0.4500E+12    6.53   1.46  -1  -1    41.91     3  4   0.0  0   0.0  0
       0.3         0.0         0.0         1.4
  25.96756    35.61185    93.934  142.54  83.05  0.4500E+12    6.45   1.46  -1  -1    59.10     1  4   0.0  0   0.0  0
       0.0         0.0         0.0         0.3
  26.00128    35.57613    93.934  142.54  83.05  0.4500E+12    6.27   1.46  -1  -1   -24.85     0  4   0.0  0   0.0  0
       0.0         0.0         0.0         0.0
  25.74113    35.86791    85.000  142.54  83.05  0.4500E+12    5.71   1.46  -1  -1   -24.85     0  4   0.0  0   0.0  0
       0.0         0.0         0.0         0.0
  25.77485    35.83218    85.000  142.54  83.05  0.4500E+12    4.29   1.46  -1  -1   -24.85     0  4   0.0  0   0.0  0
       0.0         0.0         0.0         0.0
  25.80857    35.79645    85.000  142.54  83.05  0.4500E+12    3.05   1.46  -1  -1   -21.93     7  4   0.0  0   0.0  0
       4.5         0.1         0.0         0.1
  25.84228    35.76073    85.000  142.54  83.05  0.4500E+12    2.92   1.46  -1  -1   -11.25    14  4   0.0  0   0.0  0
       4.9         4.6         0.0         0.0
  25.73155    35.86195    93.934  142.54  83.05  0.4500E+12    6.27   1.46  -1  -1   -24.85     0  4   0.0  0   0.0  0
       0.0         0.0         0.0         0.0
  25.90972    35.68927    85.000  142.54  83.05  0.4500E+12    1.88   1.46  -1  -1    35.51    18  4   0.0  0   0.0  0
      11.8         0.1         0.1         0.0
  25.94343    35.65355    85.000  142.54  83.05  0.4500E+12    4.11   1.46  -1  -1    43.46     0  4   0.0  0   0.0  0
       0.1         0.1         0.0         0.0
  25.97715    35.61782    85.000  142.54  83.05  0.4500E+12    5.44   1.46  -1  -1    61.47     0  4   0.0  0   0.0  0
       0.1         0.0         0.0         0.0
  26.01086    35.58209    85.000  142.54  83.05  0.4500E+12    5.71   1.46  -1  -1   -24.85     0  4   0.0  0   0.0  0
       0.0         0.0         0.0         0.0
  25.75072    35.87387    76.066  142.54  83.05  0.4500E+12    6.27   1.46  -1  -1   -24.85     0  4   0.0  0   0.0  0
       0.0         0.0         0.0         0.0
  25.78444    35.83814    76.066  142.54  83.05  0.4500E+12    5.00   1.46  -1  -1   -24.85     0  4   0.0  0   0.0  0
       0.0         0.0         0.0         0.0
  25.81816    35.80242    76.066  142.54  83.05  0.4500E+12    4.10   1.46  -1  -1   -22.32     1  4   0.0  0   0.0  0
       0.2         0.0         0.0         0.0
  25.85187    35.76669    76.066  142.54  83.05  0.4500E+12    3.15   1.46  -1  -1     7.34     2  4   0.0  0   0.0  0
       1.1         0.1         0.0         0.0
  25.88559    35.73096    76.066  142.54  83.05  0.4500E+12    2.61   1.46  -1  -1    48.75    33  4   0.0  0   0.0  0
      22.6         0.0         0.0         0.0
  25.91930    35.69523    76.066  142.54  83.05  0.4500E+12    3.37   1.46  -1  -1    55.81     9  4   0.0  0   0.0  0
       6.3         0.1         0.1         0.1
  25.95302    35.65951    76.066  142.54  83.05  0.4500E+12    4.51   1.46  -1  -1    63.43     4  4   0.0  0   0.0  0
       2.6         0.1         0.0         0.0
  25.98673    35.62378    76.066  142.54  83.05  0.4500E+12    5.47   1.46  -1  -1    59.26     1  4   0.0  0   0.0  0
       0.4         0.1         0.1         0.1
  26.02045    35.58805    76.066  142.54  83.05  0.4500E+12    6.27   1.46  -1  -1   -24.85     0  4   0.0  0   0.0  0
       0.0         0.0         0.0         0.0
  25.76031    35.87983    67.132  142.54  83.05  0.4500E+12    6.54   1.46  -1  -1   -24.85     0  4   0.0  0   0.0  0
       0.0         0.0         0.0         0.0
  25.79403    35.84411    67.132  142.54  83.05  0.4500E+12    6.54   1.46  -1  -1   -24.85     0  4   0.0  0   0.0  0
       0.0         0.0         0.0         0.0
  25.82774    35.80838    67.132  142.54  83.05  0.4500E+12    6.23   1.46  -1  -1    23.89     0  4   0.0  0   0.0  0
       0.0         0.1         0.0         0.1
  25.86146    35.77265    67.132  142.54  83.05  0.4500E+12    6.25   1.46  -1  -1    54.71     0  4   0.0  0   0.0  0
       0.1         0.1         0.0         0.1
  25.89517    35.73692    67.132  142.54  83.05  0.4500E+12    5.59   1.46  -1  -1    63.93     0  4   0.0  0   0.0  0
       0.0         0.1         0.1         0.1
  25.92889    35.70120    67.132  142.54  83.05  0.4500E+12    5.46   1.46  -1  -1    61.84     2  4   0.0  0   0.0  0
       1.3         0.1         0.1         0.0
  25.96261    35.66547    67.132  142.54  83.05  0.4500E+12    5.95   1.46  -1  -1    61.53     0  4   0.0  0   0.0  0
       0.0         0.1         0.1         0.0
  25.99632    35.62974    67.132  142.54  83.05  0.4500E+12    6.54   1.46  -1  -1    64.74     1  4   0.0  0   0.0  0
       0.8         0.0         0.1         0.1
  26.03004    35.59401    67.132  142.54  83.05  0.4500E+12    6.54   1.46  -1  -1   -24.85     0  4   0.0  0   0.0  0
       0.0         0.0         0.0         0.0
  25.76990    35.88580    58.198  142.54  83.05  0.4500E+12    6.54   1.46  -1  -1   -24.85     0  4   0.0  0   0.0  0
       0.0         0.0         0.0         0.0
  25.80361    35.85007    58.198  142.54  83.05  0.4500E+12    6.54   1.46  -1  -1   -24.85     0  4   0.0  0   0.0  0
       0.0         0.0         0.0         0.0
  25.83733    35.81434    58.198  142.54  83.05  0.4500E+12    6.54   1.46  -1  -1    48.04     0  4   0.0  0   0.0  0
       0.1         0.1         0.0         0.1
  25.87105    35.77861    58.198  142.54  83.05  0.4500E+12    6.54   1.46  -1  -1    51.29     1  4   0.0  0   0.0  0
       0.4         0.0         0.0         0.0
  25.90476    35.74289    58.198  142.54  83.05  0.4500E+12    6.54   1.46  -1  -1    64.71     1  4   0.0  0   0.0  0
       0.2         0.0         0.2         0.1
  25.93848    35.70716    58.198  142.54  83.05  0.4500E+12    6.54   1.46  -1  -1    64.76     3  4   0.0  0   0.0  0
       0.2         0.1         1.8         0.0
  25.97219    35.67143    58.198  142.54  83.05  0.4500E+12    6.54   1.46  -1  -1    65.03     5  4   0.0  0   0.0  0
       0.3         0.1         2.8         0.1
  26.00591    35.63570    58.198  142.54  83.05  0.4500E+12    6.54   1.46  -1  -1    65.09     4  4   0.0  0   0.0  0
       1.0         0.1         0.8         0.5
  26.03963    35.59998    58.198  142.54  83.05  0.4500E+12    6.54   1.46  -1  -1   -24.85     0  4   0.0  0   0.0  0
       0.0         0.0         0.0         0.0
