2.0
#
# http://equake-rc.info/static/paper/SRF-Description-Graves_2.0.pdf
# RECTANGULAR fault MODEL
#
# All subfaults are   5.0 km long along strike and
#   9.0 km wide along dip
#
# Model length along strike is   45.0 km
#
# Model width along dip is   45.0 km
#
# Corners of the rectangular dislocation model (lat, lon):
#     54.773  -160.336 : corner 1
#     54.775  -159.634 : corner 2
#     54.617  -159.632 : corner 3
#     54.615  -160.334 : corner 4
#
#
# Number of elementary sliprate
# isoceles triangular functions
# per subfault:   4
#
# Half duration of elementary sliprate
# isoceles triangular functions (s):   1.55
# Triangles are overlapping each other by half
#
# slip rate unit: cm/s
#
#
# Seismic moment is converted into slip
# using a single constant value for the
# shear modulus mu of  0.250E+12 dyne/cm2
# assumed to be constant and characteristic
# of the fault shear zone
#
#
#
# "rake" (degrees) is the slip angle (Aki"s convention,
# e.g. rake=+45 means left-lateral-reverse movement.
#
#
# ************************************************
# Total seismic moment M0=  0.842E+25 dyne.cm
# ************************************************
#
#
PLANE 1
-159.98500    54.77400    9    5    45.000    45.000
 89.70  67.10    22.564     0.000    13.501
POINTS   45
-159.98421    54.72630    35.000   89.70  67.10  0.4500E+12    0.00   1.55  -1  -1    34.60    25  4   0.0  0   0.0  0
      14.4         1.5         0.1         0.1
-160.21736    54.63095    59.872   89.70  67.10  0.4500E+12    7.19   1.55  -1  -1   -11.01     0  4   0.0  0   0.0  0
       0.0         0.0         0.0         0.0
-160.13936    54.63118    59.872   89.70  67.10  0.4500E+12    7.19   1.55  -1  -1    77.88     0  4   0.0  0   0.0  0
       0.1         0.1         0.1         0.0
-160.06136    54.63141    59.872   89.70  67.10  0.4500E+12    7.19   1.55  -1  -1    78.12     0  4   0.0  0   0.0  0
       0.1         0.1         0.1         0.1
-159.98337    54.63165    59.872   89.70  67.10  0.4500E+12    7.19   1.55  -1  -1    78.31     1  4   0.0  0   0.0  0
       0.3         0.1         0.1         0.1
-159.90536    54.63188    59.872   89.70  67.10  0.4500E+12    7.19   1.55  -1  -1    78.71     1  4   0.0  0   0.0  0
       0.4         0.1         0.1         0.1
-159.82736    54.63211    59.872   89.70  67.10  0.4500E+12    7.19   1.55  -1  -1    64.87     0  4   0.0  0   0.0  0
       0.1         0.1         0.1         0.1
-159.74936    54.63234    59.872   89.70  67.10  0.4500E+12    7.19   1.55  -1  -1    76.65     0  4   0.0  0   0.0  0
       0.1         0.0         0.1         0.1
-159.67137    54.63258    59.872   89.70  67.10  0.4500E+12    7.19   1.55  -1  -1   -11.01     0  4   0.0  0   0.0  0
       0.0         0.0         0.0         0.0
-160.29564    54.66227    51.581   89.70  67.10  0.4500E+12    7.19   1.55  -1  -1   -11.01     0  4   0.0  0   0.0  0
       0.0         0.0         0.0         0.0
-160.21764    54.66250    51.581   89.70  67.10  0.4500E+12    6.69   1.55  -1  -1   -11.01     0  4   0.0  0   0.0  0
       0.0         0.0         0.0         0.0
-160.13965    54.66273    51.581   89.70  67.10  0.4500E+12    6.03   1.55  -1  -1    61.72     0  4   0.0  0   0.0  0
       0.1         0.0         0.1         0.1
-160.06165    54.66296    51.581   89.70  67.10  0.4500E+12    6.25   1.55  -1  -1    67.26     0  4   0.0  0   0.0  0
       0.1         0.1         0.1         0.0
-159.98364    54.66320    51.581   89.70  67.10  0.4500E+12    6.42   1.55  -1  -1    77.86     1  4   0.0  0   0.0  0
       0.5         0.1         0.1         0.1
-159.90564    54.66343    51.581   89.70  67.10  0.4500E+12    6.28   1.55  -1  -1    78.54     1  4   0.0  0   0.0  0
       0.3         0.2         0.1         0.1
-159.82765    54.66366    51.581   89.70  67.10  0.4500E+12    6.29   1.55  -1  -1    76.66     2  4   0.0  0   0.0  0
       1.0         0.3         0.1         0.1
-159.74965    54.66389    51.581   89.70  67.10  0.4500E+12    6.72   1.55  -1  -1    78.25     0  4   0.0  0   0.0  0
       0.1         0.1         0.1         0.1
-159.67165    54.66413    51.581   89.70  67.10  0.4500E+12    7.19   1.55  -1  -1   -11.01     0  4   0.0  0   0.0  0
       0.0         0.0         0.0         0.0
-160.29591    54.69382    43.291   89.70  67.10  0.4500E+12    6.27   1.55  -1  -1   -11.01     0  4   0.0  0   0.0  0
       0.0         0.0         0.0         0.0
-160.21793    54.69405    43.291   89.70  67.10  0.4500E+12    5.00   1.55  -1  -1   -11.01     0  4   0.0  0   0.0  0
       0.0         0.0         0.0         0.0
-160.13992    54.69428    43.291   89.70  67.10  0.4500E+12    6.59   1.55  -1  -1    78.11     1  4   0.0  0   0.0  0
       0.4         0.1         0.0         0.1
-160.06192    54.69452    43.291   89.70  67.10  0.4500E+12    6.77   1.55  -1  -1    78.45     1  4   0.0  0   0.0  0
       0.1         0.1         0.1         0.1
-159.98393    54.69475    43.291   89.70  67.10  0.4500E+12    2.62   1.55  -1  -1    19.17     3  4   0.0  0   0.0  0
       1.7         0.1         0.1         0.1
-159.90593    54.69498    43.291   89.70  67.10  0.4500E+12    3.02   1.55  -1  -1    28.02    10  4   0.0  0   0.0  0
       6.0         0.1         0.1         0.1
-159.82793    54.69521    43.291   89.70  67.10  0.4500E+12    3.95   1.55  -1  -1    48.51     8  4   0.0  0   0.0  0
       4.8         0.1         0.1         0.1
-159.74992    54.69545    43.291   89.70  67.10  0.4500E+12    6.42   1.55  -1  -1    75.93     0  4   0.0  0   0.0  0
       0.1         0.1         0.1         0.1
-159.67194    54.69568    43.291   89.70  67.10  0.4500E+12    6.27   1.55  -1  -1   -11.01     0  4   0.0  0   0.0  0
       0.0         0.0         0.0         0.0
-160.29620    54.72537    35.000   89.70  67.10  0.4500E+12    5.71   1.55  -1  -1   -11.01     0  4   0.0  0   0.0  0
       0.0         0.0         0.0         0.0
-160.21820    54.72560    35.000   89.70  67.10  0.4500E+12    4.29   1.55  -1  -1   -11.01     0  4   0.0  0   0.0  0
       0.0         0.0         0.0         0.0
-160.14020    54.72583    35.000   89.70  67.10  0.4500E+12    7.13   1.55  -1  -1    78.55     1  4   0.0  0   0.0  0
       0.1         0.1         0.2         0.1
-160.06221    54.72607    35.000   89.70  67.10  0.4500E+12    1.65   1.55  -1  -1    73.79     6  4   0.0  0   0.0  0
       3.8         0.1         0.1         0.1
-160.29535    54.63072    59.872   89.70  67.10  0.4500E+12    7.19   1.55  -1  -1   -11.01     0  4   0.0  0   0.0  0
       0.0         0.0         0.0         0.0
-159.90620    54.72653    35.000   89.70  67.10  0.4500E+12    2.56   1.55  -1  -1    47.17     2  4   0.0  0   0.0  0
       0.9         0.2         0.1         0.1
-159.82822    54.72676    35.000   89.70  67.10  0.4500E+12    3.47   1.55  -1  -1    28.77     1  4   0.0  0   0.0  0
       0.5         0.2         0.1         0.1
-159.75021    54.72700    35.000   89.70  67.10  0.4500E+12    7.14   1.55  -1  -1    77.83     0  4   0.0  0   0.0  0
       0.1         0.1         0.1         0.1
-159.67221    54.72723    35.000   89.70  67.10  0.4500E+12    5.71   1.55  -1  -1   -11.01     0  4   0.0  0   0.0  0
       0.0         0.0         0.0         0.0
-160.29648    54.75692    26.709   89.70  67.10  0.4500E+12    6.27   1.55  -1  -1   -11.01     0  4   0.0  0   0.0  0
       0.0         0.0         0.0         0.0
-160.21849    54.75715    26.709   89.70  67.10  0.4500E+12    5.00   1.55  -1  -1   -11.01     0  4   0.0  0   0.0  0
       0.0         0.0         0.0         0.0
-160.14049    54.75739    26.709   89.70  67.10  0.4500E+12    6.93   1.55  -1  -1    15.72     3  4   0.0  0   0.0  0
       0.0         0.1         0.1         1.8
-160.06248    54.75762    26.709   89.70  67.10  0.4500E+12    6.98   1.55  -1  -1    24.90     1  4   0.0  0   0.0  0
       0.1         0.0         0.1         0.4
-159.98448    54.75785    26.709   89.70  67.10  0.4500E+12    6.96   1.55  -1  -1    78.02     1  4   0.0  0   0.0  0
       0.1         0.1         0.1         0.4
-159.90649    54.75808    26.709   89.70  67.10  0.4500E+12    7.14   1.55  -1  -1    60.88     1  4   0.0  0   0.0  0
       0.1         0.1         0.1         0.6
-159.82849    54.75832    26.709   89.70  67.10  0.4500E+12    7.18   1.55  -1  -1    61.33     1  4   0.0  0   0.0  0
       0.1         0.1         0.1         0.5
-159.75049    54.75855    26.709   89.70  67.10  0.4500E+12    6.63   1.55  -1  -1    78.35     1  4   0.0  0   0.0  0
       0.1         0.1         0.1         0.7
-159.67250    54.75878    26.709   89.70  67.10  0.4500E+12    6.27   1.55  -1  -1   -11.01     0  4   0.0  0   0.0  0
       0.0         0.0         0.0         0.0
