2.0
#
# http://equake-rc.info/static/paper/SRF-Description-Graves_2.0.pdf
# RECTANGULAR fault MODEL
#
# All subfaults are  14.0 km long along strike and
#  24.0 km wide along dip
#
# Model length along strike is  182.0 km
#
# Model width along dip is  120.0 km
#
# Corners of the rectangular dislocation model (lat, lon):
#    -14.506   167.874 : corner 1
#    -16.127   167.667 : corner 2
#    -16.052   167.032 : corner 3
#    -14.431   167.238 : corner 4
#
#
# Number of elementary sliprate
# isoceles triangular functions
# per subfault:   4
#
# Half duration of elementary sliprate
# isoceles triangular functions (s):   3.60
# Triangles are overlapping each other by half
#
# slip rate unit: cm/s
#
#
# Seismic moment is converted into slip
# using a single constant value for the
# shear modulus mu of  0.250E+12 dyne/cm2
# assumed to be constant and characteristic
# of the fault shear zone
#
#
#
# "rake" (degrees) is the slip angle (Aki"s convention,
# e.g. rake=+45 means left-lateral-reverse movement.
#
#
# ************************************************
# Total seismic moment M0=  0.621E+27 dyne.cm
# ************************************************
#
#
PLANE 1
 167.77051   -15.31650   13    5   182.000   120.000
187.00  55.00    15.191     0.000    83.999
POINTS   65
 167.32570   -15.26390    84.000  187.00  55.00  0.3360E+13    0.00   3.60  -1  -1   137.53    93  4   0.0  0   0.0  0
      25.3         0.1         0.1         0.2
 167.27795   -14.62526   103.660  187.00  55.00  0.3360E+13   21.14   3.60  -1  -1    55.00     0  4   0.0  0   0.0  0
       0.0         0.0         0.0         0.0
 167.26207   -14.74998   103.660  187.00  55.00  0.3360E+13   17.41   3.60  -1  -1    55.00     0  4   0.0  0   0.0  0
       0.0         0.0         0.0         0.0
 167.24620   -14.87469   103.660  187.00  55.00  0.3360E+13   14.46   3.60  -1  -1    57.50     5  4   0.0  0   0.0  0
       0.9         0.2         0.1         0.1
 167.23033   -14.99941   103.660  187.00  55.00  0.3360E+13   13.13   3.60  -1  -1    55.60    15  4   0.0  0   0.0  0
       1.0         1.1         0.9         1.2
 167.21446   -15.12413   103.660  187.00  55.00  0.3360E+13    9.49   3.60  -1  -1    64.40    41  4   0.0  0   0.0  0
       2.6         3.3         3.4         2.1
 167.19858   -15.24884   103.660  187.00  55.00  0.3360E+13   20.31   3.60  -1  -1    55.19    67  4   0.0  0   0.0  0
       6.3         9.2         1.9         1.2
 167.18271   -15.37356   103.660  187.00  55.00  0.3360E+13    8.42   3.60  -1  -1    93.36    68  4   0.0  0   0.0  0
      15.9         0.9         1.3         0.7
 167.16684   -15.49827   103.660  187.00  55.00  0.3360E+13   11.24   3.60  -1  -1   101.47    57  4   0.0  0   0.0  0
      14.1         1.1         0.5         0.2
 167.15097   -15.62299   103.660  187.00  55.00  0.3360E+13   14.66   3.60  -1  -1    93.44    29  4   0.0  0   0.0  0
       7.6         0.2         0.2         0.2
 167.13509   -15.74771   103.660  187.00  55.00  0.3360E+13   17.77   3.60  -1  -1   122.00    27  4   0.0  0   0.0  0
       7.1         0.2         0.1         0.1
 167.11922   -15.87242   103.660  187.00  55.00  0.3360E+13   21.56   3.60  -1  -1   122.65    17  4   0.0  0   0.0  0
       4.4         0.1         0.2         0.1
 167.10335   -15.99714   103.660  187.00  55.00  0.3360E+13   22.69   3.60  -1  -1    55.00     0  4   0.0  0   0.0  0
       0.0         0.0         0.0         0.0
 167.42094   -14.51560    84.000  187.00  55.00  0.3360E+13   22.69   3.60  -1  -1    55.00     0  4   0.0  0   0.0  0
       0.0         0.0         0.0         0.0
 167.40506   -14.64032    84.000  187.00  55.00  0.3360E+13   20.00   3.60  -1  -1    55.00     0  4   0.0  0   0.0  0
       0.0         0.0         0.0         0.0
 167.38919   -14.76504    84.000  187.00  55.00  0.3360E+13   16.00   3.60  -1  -1    55.00     0  4   0.0  0   0.0  0
       0.0         0.0         0.0         0.0
 167.37332   -14.88975    84.000  187.00  55.00  0.3360E+13   13.72   3.60  -1  -1    56.33     2  4   0.0  0   0.0  0
       0.1         0.1         0.1         0.1
 167.35745   -15.01447    84.000  187.00  55.00  0.3360E+13   12.84   3.60  -1  -1    65.61     8  4   0.0  0   0.0  0
       1.7         0.2         0.2         0.3
 167.34157   -15.13918    84.000  187.00  55.00  0.3360E+13    4.64   3.60  -1  -1    76.76    32  4   0.0  0   0.0  0
       2.5         3.8         2.4         0.2
 167.29382   -14.50055   103.660  187.00  55.00  0.3360E+13   22.69   3.60  -1  -1    55.00     0  4   0.0  0   0.0  0
       0.0         0.0         0.0         0.0
 167.30983   -15.38862    84.000  187.00  55.00  0.3360E+13   12.81   3.60  -1  -1   103.94    25  4   0.0  0   0.0  0
       0.8         3.8         1.6         0.9
 167.29395   -15.51333    84.000  187.00  55.00  0.3360E+13   12.82   3.60  -1  -1    83.86    35  4   0.0  0   0.0  0
       4.5         1.8         2.0         1.4
 167.27808   -15.63805    84.000  187.00  55.00  0.3360E+13   15.48   3.60  -1  -1    81.21    16  4   0.0  0   0.0  0
       1.2         0.7         0.9         1.5
 167.26221   -15.76276    84.000  187.00  55.00  0.3360E+13   17.15   3.60  -1  -1    59.64    21  4   0.0  0   0.0  0
       4.0         1.1         0.5         0.2
 167.24634   -15.88748    84.000  187.00  55.00  0.3360E+13   21.99   3.60  -1  -1    93.74     7  4   0.0  0   0.0  0
       1.5         0.1         0.1         0.1
 167.23045   -16.01220    84.000  187.00  55.00  0.3360E+13   22.69   3.60  -1  -1    55.00     0  4   0.0  0   0.0  0
       0.0         0.0         0.0         0.0
 167.54805   -14.53066    64.340  187.00  55.00  0.3360E+13   22.69   3.60  -1  -1    55.00     0  4   0.0  0   0.0  0
       0.0         0.0         0.0         0.0
 167.53218   -14.65538    64.340  187.00  55.00  0.3360E+13   21.14   3.60  -1  -1    55.00     0  4   0.0  0   0.0  0
       0.0         0.0         0.0         0.0
 167.51631   -14.78009    64.340  187.00  55.00  0.3360E+13   17.41   3.60  -1  -1    55.00     0  4   0.0  0   0.0  0
       0.0         0.0         0.0         0.0
 167.50043   -14.90481    64.340  187.00  55.00  0.3360E+13   20.82   3.60  -1  -1    57.54     2  4   0.0  0   0.0  0
       0.1         0.2         0.1         0.3
 167.48456   -15.02952    64.340  187.00  55.00  0.3360E+13   20.03   3.60  -1  -1    74.72     3  4   0.0  0   0.0  0
       0.2         0.2         0.2         0.2
 167.46869   -15.15424    64.340  187.00  55.00  0.3360E+13   11.56   3.60  -1  -1   137.78    10  4   0.0  0   0.0  0
       0.5         2.0         0.2         0.1
 167.45282   -15.27896    64.340  187.00  55.00  0.3360E+13   11.51   3.60  -1  -1   105.97    11  4   0.0  0   0.0  0
       0.5         2.1         0.2         0.1
 167.43694   -15.40367    64.340  187.00  55.00  0.3360E+13   11.63   3.60  -1  -1    74.78     9  4   0.0  0   0.0  0
       0.2         0.4         0.5         1.4
 167.42107   -15.52839    64.340  187.00  55.00  0.3360E+13   20.78   3.60  -1  -1   100.67    13  4   0.0  0   0.0  0
       0.9         1.8         0.8         0.1
 167.40520   -15.65311    64.340  187.00  55.00  0.3360E+13   19.63   3.60  -1  -1    75.65    10  4   0.0  0   0.0  0
       0.6         1.5         0.5         0.2
 167.38933   -15.77782    64.340  187.00  55.00  0.3360E+13   18.17   3.60  -1  -1    79.24     8  4   0.0  0   0.0  0
       0.7         1.1         0.2         0.2
 167.37344   -15.90254    64.340  187.00  55.00  0.3360E+13   22.25   3.60  -1  -1    71.70     6  4   0.0  0   0.0  0
       1.1         0.3         0.2         0.1
 167.35757   -16.02725    64.340  187.00  55.00  0.3360E+13   22.69   3.60  -1  -1    55.00     0  4   0.0  0   0.0  0
       0.0         0.0         0.0         0.0
 167.67517   -14.54572    44.681  187.00  55.00  0.3360E+13   22.69   3.60  -1  -1    55.00     0  4   0.0  0   0.0  0
       0.0         0.0         0.0         0.0
 167.65929   -14.67043    44.681  187.00  55.00  0.3360E+13   22.69   3.60  -1  -1    55.00     0  4   0.0  0   0.0  0
       0.0         0.0         0.0         0.0
 167.64342   -14.79515    44.681  187.00  55.00  0.3360E+13   21.07   3.60  -1  -1    55.00     0  4   0.0  0   0.0  0
       0.0         0.0         0.0         0.0
 167.62755   -14.91987    44.681  187.00  55.00  0.3360E+13   22.64   3.60  -1  -1    60.00     7  4   0.0  0   0.0  0
       0.1         0.1         0.2         1.4
 167.61168   -15.04458    44.681  187.00  55.00  0.3360E+13   18.43   3.60  -1  -1   125.45     3  4   0.0  0   0.0  0
       0.5         0.1         0.1         0.2
 167.59579   -15.16930    44.681  187.00  55.00  0.3360E+13   14.40   3.60  -1  -1   144.14     6  4   0.0  0   0.0  0
       1.1         0.3         0.1         0.2
 167.57993   -15.29401    44.681  187.00  55.00  0.3360E+13   18.62   3.60  -1  -1   128.24     4  4   0.0  0   0.0  0
       0.7         0.2         0.1         0.2
 167.56406   -15.41873    44.681  187.00  55.00  0.3360E+13   21.66   3.60  -1  -1   133.82     5  4   0.0  0   0.0  0
       0.2         0.4         0.6         0.1
 167.54819   -15.54345    44.681  187.00  55.00  0.3360E+13   21.36   3.60  -1  -1   110.85     9  4   0.0  0   0.0  0
       1.0         0.6         0.5         0.4
 167.53230   -15.66816    44.681  187.00  55.00  0.3360E+13   22.55   3.60  -1  -1   108.26     5  4   0.0  0   0.0  0
       0.2         0.3         0.5         0.4
 167.51643   -15.79288    44.681  187.00  55.00  0.3360E+13   22.58   3.60  -1  -1   125.22    10  4   0.0  0   0.0  0
       0.2         0.4         0.8         1.4
 167.50056   -15.91759    44.681  187.00  55.00  0.3360E+13   22.69   3.60  -1  -1    57.13     2  4   0.0  0   0.0  0
       0.2         0.1         0.1         0.1
 167.48470   -16.04231    44.681  187.00  55.00  0.3360E+13   22.69   3.60  -1  -1    55.00     0  4   0.0  0   0.0  0
       0.0         0.0         0.0         0.0
 167.80228   -14.56077    25.021  187.00  55.00  0.3360E+13   22.69   3.60  -1  -1    55.00     0  4   0.0  0   0.0  0
       0.0         0.0         0.0         0.0
 167.78641   -14.68549    25.021  187.00  55.00  0.3360E+13   22.69   3.60  -1  -1    55.00     0  4   0.0  0   0.0  0
       0.0         0.0         0.0         0.0
 167.77054   -14.81021    25.021  187.00  55.00  0.3360E+13   22.69   3.60  -1  -1    55.00     0  4   0.0  0   0.0  0
       0.0         0.0         0.0         0.0
 167.75465   -14.93492    25.021  187.00  55.00  0.3360E+13   22.69   3.60  -1  -1    57.20     5  4   0.0  0   0.0  0
       0.1         0.2         0.2         1.0
 167.73878   -15.05964    25.021  187.00  55.00  0.3360E+13   22.24   3.60  -1  -1   128.57     2  4   0.0  0   0.0  0
       0.1         0.1         0.1         0.1
 167.72292   -15.18435    25.021  187.00  55.00  0.3360E+13   21.96   3.60  -1  -1   143.97     3  4   0.0  0   0.0  0
       0.2         0.4         0.1         0.3
 167.70705   -15.30907    25.021  187.00  55.00  0.3360E+13   21.54   3.60  -1  -1   144.12     7  4   0.0  0   0.0  0
       0.4         0.4         0.3         0.8
 167.69116   -15.43379    25.021  187.00  55.00  0.3360E+13   21.65   3.60  -1  -1   131.60     7  4   0.0  0   0.0  0
       0.9         0.2         0.3         0.8
 167.67529   -15.55850    25.021  187.00  55.00  0.3360E+13   22.56   3.60  -1  -1   144.82     5  4   0.0  0   0.0  0
       0.2         0.2         0.3         0.9
 167.65942   -15.68322    25.021  187.00  55.00  0.3360E+13   22.69   3.60  -1  -1   138.87     4  4   0.0  0   0.0  0
       0.5         0.2         0.2         0.2
 167.64355   -15.80794    25.021  187.00  55.00  0.3360E+13   22.69   3.60  -1  -1   126.87     3  4   0.0  0   0.0  0
       0.2         0.1         0.2         0.2
 167.62767   -15.93265    25.021  187.00  55.00  0.3360E+13   22.69   3.60  -1  -1    55.04    14  4   0.0  0   0.0  0
       3.1         0.5         0.2         0.2
 167.61180   -16.05737    25.021  187.00  55.00  0.3360E+13   22.69   3.60  -1  -1    55.00     0  4   0.0  0   0.0  0
       0.0         0.0         0.0         0.0
