2.0
#
# http://equake-rc.info/static/paper/SRF-Description-Graves_2.0.pdf
# RECTANGULAR fault MODEL
#
# All subfaults are  14.0 km long along strike and
#  24.0 km wide along dip
#
# Model length along strike is  182.0 km
#
# Model width along dip is  120.0 km
#
# Corners of the rectangular dislocation model (lat, lon):
#    -16.175   166.853 : corner 1
#    -14.566   166.557 : corner 2
#    -14.414   167.443 : corner 3
#    -16.022   167.740 : corner 4
#
#
# Number of elementary sliprate
# isoceles triangular functions
# per subfault:   4
#
# Half duration of elementary sliprate
# isoceles triangular functions (s):   3.60
# Triangles are overlapping each other by half
#
# slip rate unit: cm/s
#
#
# Seismic moment is converted into slip
# using a single constant value for the
# shear modulus mu of  0.250E+12 dyne/cm2
# assumed to be constant and characteristic
# of the fault shear zone
#
#
#
# "rake" (degrees) is the slip angle (Aki"s convention,
# e.g. rake=+45 means left-lateral-reverse movement.
#
#
# ************************************************
# Total seismic moment M0=  0.706E+27 dyne.cm
# ************************************************
#
#
PLANE 1
 166.70500   -15.37050   13    5   182.000   120.000
349.91  36.22    34.361     0.000    84.003
POINTS   65
 167.32570   -15.26390    84.000  349.91  36.22  0.3360E+13    0.00   3.60  -1  -1    79.74   128  4   0.0  0   0.0  0
      35.0         0.2         0.2         0.2
 167.61711   -15.85201    98.183  349.91  36.22  0.3360E+13   21.94   3.60  -1  -1    88.22    12  4   0.0  0   0.0  0
       2.0         0.3         0.2         0.8
 167.59430   -15.72830    98.183  349.91  36.22  0.3360E+13   18.00   3.60  -1  -1    80.94     9  4   0.0  0   0.0  0
       1.8         0.3         0.2         0.2
 167.57149   -15.60459    98.183  349.91  36.22  0.3360E+13   14.66   3.60  -1  -1    87.00     8  4   0.0  0   0.0  0
       0.9         0.3         0.7         0.2
 167.54866   -15.48088    98.183  349.91  36.22  0.3360E+13   11.04   3.60  -1  -1    90.47    22  4   0.0  0   0.0  0
       5.2         0.6         0.2         0.1
 167.52585   -15.35717    98.183  349.91  36.22  0.3360E+13    8.37   3.60  -1  -1   115.90    93  4   0.0  0   0.0  0
      24.3         0.2         0.7         0.7
 167.50304   -15.23346    98.183  349.91  36.22  0.3360E+13    7.56   3.60  -1  -1   120.48    39  4   0.0  0   0.0  0
       3.8         1.1         2.4         3.4
 167.48022   -15.10975    98.183  349.91  36.22  0.3360E+13   17.16   3.60  -1  -1   120.20    41  4   0.0  0   0.0  0
       4.8         4.3         0.8         1.5
 167.45741   -14.98604    98.183  349.91  36.22  0.3360E+13   16.82   3.60  -1  -1   121.03    29  4   0.0  0   0.0  0
       2.6         3.0         1.5         0.9
 167.43459   -14.86233    98.183  349.91  36.22  0.3360E+13   13.82   3.60  -1  -1    31.07     0  4   0.0  0   0.0  0
       0.0         0.0         0.0         0.0
 167.41177   -14.73862    98.183  349.91  36.22  0.3360E+13   17.41   3.60  -1  -1    31.07     0  4   0.0  0   0.0  0
       0.0         0.0         0.0         0.0
 167.38896   -14.61491    98.183  349.91  36.22  0.3360E+13   22.41   3.60  -1  -1    82.35     2  4   0.0  0   0.0  0
       0.1         0.1         0.2         0.1
 167.36615   -14.49120    98.183  349.91  36.22  0.3360E+13   22.69   3.60  -1  -1    31.07     0  4   0.0  0   0.0  0
       0.0         0.0         0.0         0.0
 167.46259   -16.00616    84.000  349.91  36.22  0.3360E+13   22.69   3.60  -1  -1    31.07     0  4   0.0  0   0.0  0
       0.0         0.0         0.0         0.0
 167.43977   -15.88245    84.000  349.91  36.22  0.3360E+13   21.97   3.60  -1  -1    42.75    33  4   0.0  0   0.0  0
       7.8         0.9         0.3         0.2
 167.41696   -15.75874    84.000  349.91  36.22  0.3360E+13   22.50   3.60  -1  -1    42.71    26  4   0.0  0   0.0  0
       4.5         2.1         0.6         0.2
 167.39415   -15.63503    84.000  349.91  36.22  0.3360E+13   12.73   3.60  -1  -1    51.69    39  4   0.0  0   0.0  0
       8.6         2.0         0.2         0.1
 167.37132   -15.51132    84.000  349.91  36.22  0.3360E+13    8.38   3.60  -1  -1    72.86    45  4   0.0  0   0.0  0
       9.2         2.4         0.5         0.3
 167.34851   -15.38761    84.000  349.91  36.22  0.3360E+13    6.03   3.60  -1  -1    60.41    52  4   0.0  0   0.0  0
       9.0         3.6         1.1         0.7
 167.63992   -15.97572    98.183  349.91  36.22  0.3360E+13   22.69   3.60  -1  -1    31.07     0  4   0.0  0   0.0  0
       0.0         0.0         0.0         0.0
 167.30289   -15.14019    84.000  349.91  36.22  0.3360E+13    9.33   3.60  -1  -1   114.66    24  4   0.0  0   0.0  0
       0.4         4.0         1.6         0.7
 167.28008   -15.01648    84.000  349.91  36.22  0.3360E+13    8.24   3.60  -1  -1   120.84    12  4   0.0  0   0.0  0
       1.2         1.4         0.6         0.2
 167.25725   -14.89277    84.000  349.91  36.22  0.3360E+13   12.00   3.60  -1  -1    31.07     0  4   0.0  0   0.0  0
       0.0         0.0         0.0         0.0
 167.23444   -14.76906    84.000  349.91  36.22  0.3360E+13   16.00   3.60  -1  -1    31.07     0  4   0.0  0   0.0  0
       0.0         0.0         0.0         0.0
 167.21162   -14.64535    84.000  349.91  36.22  0.3360E+13   22.08   3.60  -1  -1    83.82     2  4   0.0  0   0.0  0
       0.1         0.1         0.1         0.1
 167.18881   -14.52164    84.000  349.91  36.22  0.3360E+13   22.69   3.60  -1  -1    31.07     0  4   0.0  0   0.0  0
       0.0         0.0         0.0         0.0
 167.28525   -16.03660    69.817  349.91  36.22  0.3360E+13   22.69   3.60  -1  -1    31.07     0  4   0.0  0   0.0  0
       0.0         0.0         0.0         0.0
 167.26244   -15.91289    69.817  349.91  36.22  0.3360E+13   22.25   3.60  -1  -1    47.12    12  4   0.0  0   0.0  0
       1.9         0.4         1.0         0.1
 167.23962   -15.78918    69.817  349.91  36.22  0.3360E+13   21.24   3.60  -1  -1    36.97     6  4   0.0  0   0.0  0
       1.1         0.2         0.2         0.3
 167.21681   -15.66547    69.817  349.91  36.22  0.3360E+13   16.01   3.60  -1  -1    56.23    17  4   0.0  0   0.0  0
       3.7         0.6         0.3         0.1
 167.19398   -15.54176    69.817  349.91  36.22  0.3360E+13   16.90   3.60  -1  -1    32.71    10  4   0.0  0   0.0  0
       1.4         0.5         0.7         0.2
 167.17117   -15.41805    69.817  349.91  36.22  0.3360E+13   13.76   3.60  -1  -1    57.48    10  4   0.0  0   0.0  0
       0.7         1.8         0.2         0.2
 167.14836   -15.29434    69.817  349.91  36.22  0.3360E+13   10.73   3.60  -1  -1    59.72     8  4   0.0  0   0.0  0
       0.9         0.5         0.3         0.4
 167.12555   -15.17063    69.817  349.91  36.22  0.3360E+13   15.02   3.60  -1  -1   118.63     5  4   0.0  0   0.0  0
       0.2         0.7         0.2         0.1
 167.10274   -15.04692    69.817  349.91  36.22  0.3360E+13   11.88   3.60  -1  -1   117.11     7  4   0.0  0   0.0  0
       1.1         0.7         0.2         0.1
 167.07991   -14.92321    69.817  349.91  36.22  0.3360E+13   13.82   3.60  -1  -1    31.07     0  4   0.0  0   0.0  0
       0.0         0.0         0.0         0.0
 167.05710   -14.79950    69.817  349.91  36.22  0.3360E+13   17.41   3.60  -1  -1    31.07     0  4   0.0  0   0.0  0
       0.0         0.0         0.0         0.0
 167.03429   -14.67579    69.817  349.91  36.22  0.3360E+13   22.36   3.60  -1  -1    66.78     3  4   0.0  0   0.0  0
       0.1         0.2         0.1         0.4
 167.01147   -14.55208    69.817  349.91  36.22  0.3360E+13   22.69   3.60  -1  -1    31.07     0  4   0.0  0   0.0  0
       0.0         0.0         0.0         0.0
 167.10791   -16.06704    55.634  349.91  36.22  0.3360E+13   22.69   3.60  -1  -1    31.07     0  4   0.0  0   0.0  0
       0.0         0.0         0.0         0.0
 167.08510   -15.94333    55.634  349.91  36.22  0.3360E+13   22.69   3.60  -1  -1    31.19    15  4   0.0  0   0.0  0
       0.1         1.1         1.0         2.1
 167.06229   -15.81962    55.634  349.91  36.22  0.3360E+13   22.52   3.60  -1  -1    37.42     4  4   0.0  0   0.0  0
       0.1         0.3         0.4         0.3
 167.03947   -15.69591    55.634  349.91  36.22  0.3360E+13   19.24   3.60  -1  -1    47.81     3  4   0.0  0   0.0  0
       0.1         0.4         0.1         0.2
 167.01665   -15.57220    55.634  349.91  36.22  0.3360E+13   20.42   3.60  -1  -1    44.19     4  4   0.0  0   0.0  0
       0.5         0.3         0.2         0.1
 166.99384   -15.44849    55.634  349.91  36.22  0.3360E+13   17.89   3.60  -1  -1    38.22     3  4   0.0  0   0.0  0
       0.3         0.3         0.1         0.1
 166.97102   -15.32478    55.634  349.91  36.22  0.3360E+13   16.59   3.60  -1  -1    47.92     5  4   0.0  0   0.0  0
       1.1         0.1         0.2         0.1
 166.94821   -15.20107    55.634  349.91  36.22  0.3360E+13   19.26   3.60  -1  -1    84.11     3  4   0.0  0   0.0  0
       0.6         0.1         0.1         0.1
 166.92540   -15.07736    55.634  349.91  36.22  0.3360E+13   22.60   3.60  -1  -1   120.38     3  4   0.0  0   0.0  0
       0.1         0.1         0.1         0.5
 166.90257   -14.95365    55.634  349.91  36.22  0.3360E+13   18.22   3.60  -1  -1    31.07     0  4   0.0  0   0.0  0
       0.0         0.0         0.0         0.0
 166.87976   -14.82994    55.634  349.91  36.22  0.3360E+13   21.07   3.60  -1  -1    31.07     0  4   0.0  0   0.0  0
       0.0         0.0         0.0         0.0
 166.85695   -14.70623    55.634  349.91  36.22  0.3360E+13   22.69   3.60  -1  -1   100.16     2  4   0.0  0   0.0  0
       0.1         0.1         0.1         0.2
 166.83414   -14.58252    55.634  349.91  36.22  0.3360E+13   22.69   3.60  -1  -1    31.07     0  4   0.0  0   0.0  0
       0.0         0.0         0.0         0.0
 166.93057   -16.09748    41.452  349.91  36.22  0.3360E+13   22.69   3.60  -1  -1    31.07     0  4   0.0  0   0.0  0
       0.0         0.0         0.0         0.0
 166.90776   -15.97376    41.452  349.91  36.22  0.3360E+13   22.69   3.60  -1  -1    31.11    23  4   0.0  0   0.0  0
       3.3         1.0         0.7         1.4
 166.88495   -15.85005    41.452  349.91  36.22  0.3360E+13   22.69   3.60  -1  -1    33.35     8  4   0.0  0   0.0  0
       0.7         0.1         0.1         1.3
 166.86214   -15.72634    41.452  349.91  36.22  0.3360E+13   22.69   3.60  -1  -1    61.12    16  4   0.0  0   0.0  0
       0.3         0.2         0.8         3.2
 166.83931   -15.60263    41.452  349.91  36.22  0.3360E+13   22.37   3.60  -1  -1    39.12    16  4   0.0  0   0.0  0
       1.1         0.6         0.3         2.5
 166.81650   -15.47892    41.452  349.91  36.22  0.3360E+13   21.90   3.60  -1  -1    45.45    12  4   0.0  0   0.0  0
       0.7         0.6         0.5         1.5
 166.79369   -15.35521    41.452  349.91  36.22  0.3360E+13   22.26   3.60  -1  -1    39.19     9  4   0.0  0   0.0  0
       0.3         0.6         0.9         0.8
 166.77087   -15.23150    41.452  349.91  36.22  0.3360E+13   22.64   3.60  -1  -1    46.06     9  4   0.0  0   0.0  0
       0.3         0.2         1.1         0.9
 166.74806   -15.10779    41.452  349.91  36.22  0.3360E+13   22.14   3.60  -1  -1    41.94     3  4   0.0  0   0.0  0
       0.1         0.1         0.1         0.4
 166.72523   -14.98408    41.452  349.91  36.22  0.3360E+13   22.69   3.60  -1  -1    31.07     0  4   0.0  0   0.0  0
       0.0         0.0         0.0         0.0
 166.70242   -14.86037    41.452  349.91  36.22  0.3360E+13   22.69   3.60  -1  -1    31.07     0  4   0.0  0   0.0  0
       0.0         0.0         0.0         0.0
 166.67961   -14.73666    41.452  349.91  36.22  0.3360E+13   22.69   3.60  -1  -1   105.56     8  4   0.0  0   0.0  0
       0.2         0.2         0.5         1.3
 166.65680   -14.61295    41.452  349.91  36.22  0.3360E+13   22.69   3.60  -1  -1    31.07     0  4   0.0  0   0.0  0
       0.0         0.0         0.0         0.0
