2.0
#
# http://equake-rc.info/static/paper/SRF-Description-Graves_2.0.pdf
# RECTANGULAR fault MODEL
#
# All subfaults are   4.0 km long along strike and
#   6.2 km wide along dip
#
# Model length along strike is   36.0 km
#
# Model width along dip is   31.0 km
#
# Corners of the rectangular dislocation model (lat, lon):
#     22.882   120.977 : corner 1
#     22.850   121.327 : corner 2
#     22.818   121.323 : corner 3
#     22.850   120.973 : corner 4
#
#
# Number of elementary sliprate
# isoceles triangular functions
# per subfault:   4
#
# Half duration of elementary sliprate
# isoceles triangular functions (s):   1.33
# Triangles are overlapping each other by half
#
# slip rate unit: cm/s
#
#
# Seismic moment is converted into slip
# using a single constant value for the
# shear modulus mu of  0.250E+12 dyne/cm2
# assumed to be constant and characteristic
# of the fault shear zone
#
#
#
# "rake" (degrees) is the slip angle (Aki"s convention,
# e.g. rake=+45 means left-lateral-reverse movement.
#
#
# ************************************************
# Total seismic moment M0=  0.104E+26 dyne.cm
# ************************************************
#
#
PLANE 1
 121.15200    22.86600    9    5    36.000    31.000
 95.65  83.20     0.209     0.000    15.500
POINTS   45
 121.15000    22.85000    15.600   95.65  83.20  0.2480E+12    0.00   1.33  -1  -1   148.22    47  4   0.0  0   0.0  0
      32.9         2.7         0.1         0.1
 121.03202    22.84749    27.913   95.65  83.20  0.2480E+12    5.40   1.33  -1  -1   175.14     0  4   0.0  0   0.0  0
       0.0         0.1         0.1         0.1
 121.07088    22.84394    27.913   95.65  83.20  0.2480E+12    4.66   1.33  -1  -1   175.61     0  4   0.0  0   0.0  0
       0.2         0.1         0.1         0.1
 121.10973    22.84040    27.913   95.65  83.20  0.2480E+12    4.68   1.33  -1  -1   176.63     0  4   0.0  0   0.0  0
       0.1         0.0         0.1         0.1
 121.14859    22.83685    27.913   95.65  83.20  0.2480E+12    5.55   1.33  -1  -1   174.62     0  4   0.0  0   0.0  0
       0.1         0.1         0.1         0.1
 121.18745    22.83331    27.913   95.65  83.20  0.2480E+12    4.66   1.33  -1  -1   176.49     0  4   0.0  0   0.0  0
       0.1         0.1         0.1         0.1
 121.22630    22.82977    27.913   95.65  83.20  0.2480E+12    4.62   1.33  -1  -1   175.91     1  4   0.0  0   0.0  0
       0.1         0.5         0.0         0.1
 121.26516    22.82622    27.913   95.65  83.20  0.2480E+12    5.55   1.33  -1  -1   173.24     0  4   0.0  0   0.0  0
       0.1         0.1         0.1         0.1
 121.30402    22.82268    27.913   95.65  83.20  0.2480E+12    5.67   1.33  -1  -1    87.56     0  4   0.0  0   0.0  0
       0.0         0.0         0.0         0.0
 120.99387    22.85760    21.756   95.65  83.20  0.2480E+12    4.90   1.33  -1  -1    87.56     0  4   0.0  0   0.0  0
       0.0         0.0         0.0         0.0
 121.03273    22.85406    21.756   95.65  83.20  0.2480E+12    4.64   1.33  -1  -1   175.32     0  4   0.0  0   0.0  0
       0.2         0.0         0.0         0.1
 121.07159    22.85052    21.756   95.65  83.20  0.2480E+12    4.70   1.33  -1  -1   176.90     1  4   0.0  0   0.0  0
       0.2         0.3         0.1         0.1
 121.11044    22.84697    21.756   95.65  83.20  0.2480E+12    2.88   1.33  -1  -1   176.61     1  4   0.0  0   0.0  0
       0.1         0.2         0.2         0.1
 121.14929    22.84343    21.756   95.65  83.20  0.2480E+12    4.70   1.33  -1  -1   176.94     0  4   0.0  0   0.0  0
       0.1         0.1         0.1         0.1
 121.18815    22.83988    21.756   95.65  83.20  0.2480E+12    4.66   1.33  -1  -1   173.74     0  4   0.0  0   0.0  0
       0.1         0.1         0.1         0.1
 121.22701    22.83634    21.756   95.65  83.20  0.2480E+12    4.57   1.33  -1  -1   174.15     0  4   0.0  0   0.0  0
       0.1         0.1         0.1         0.1
 121.26586    22.83280    21.756   95.65  83.20  0.2480E+12    4.62   1.33  -1  -1   176.26     1  4   0.0  0   0.0  0
       0.1         0.2         0.1         0.4
 121.30472    22.82925    21.756   95.65  83.20  0.2480E+12    4.90   1.33  -1  -1    87.56     0  4   0.0  0   0.0  0
       0.0         0.0         0.0         0.0
 120.99458    22.86417    15.600   95.65  83.20  0.2480E+12    4.57   1.33  -1  -1    87.56     0  4   0.0  0   0.0  0
       0.0         0.0         0.0         0.0
 121.03343    22.86063    15.600   95.65  83.20  0.2480E+12    3.70   1.33  -1  -1   172.45     4  4   0.0  0   0.0  0
       2.5         0.1         0.1         0.0
 121.07229    22.85709    15.600   95.65  83.20  0.2480E+12    2.84   1.33  -1  -1   177.21     7  4   0.0  0   0.0  0
       4.3         0.6         0.1         0.1
 121.11115    22.85354    15.600   95.65  83.20  0.2480E+12    1.25   1.33  -1  -1   173.35    15  4   0.0  0   0.0  0
      11.1         0.2         0.2         0.1
 120.99316    22.85103    27.913   95.65  83.20  0.2480E+12    5.67   1.33  -1  -1    87.56     0  4   0.0  0   0.0  0
       0.0         0.0         0.0         0.0
 121.18886    22.84646    15.600   95.65  83.20  0.2480E+12    1.25   1.33  -1  -1   142.42    26  4   0.0  0   0.0  0
      19.0         0.1         0.1         0.1
 121.22771    22.84291    15.600   95.65  83.20  0.2480E+12    2.43   1.33  -1  -1   175.67     1  4   0.0  0   0.0  0
       0.1         0.1         0.1         0.2
 121.26657    22.83937    15.600   95.65  83.20  0.2480E+12    3.46   1.33  -1  -1   141.79     3  4   0.0  0   0.0  0
       1.1         0.1         0.1         0.8
 121.30543    22.83583    15.600   95.65  83.20  0.2480E+12    4.57   1.33  -1  -1    87.56     0  4   0.0  0   0.0  0
       0.0         0.0         0.0         0.0
 120.99529    22.87075     9.444   95.65  83.20  0.2480E+12    4.90   1.33  -1  -1    87.56     0  4   0.0  0   0.0  0
       0.0         0.0         0.0         0.0
 121.03414    22.86720     9.444   95.65  83.20  0.2480E+12    4.49   1.33  -1  -1   175.85     0  4   0.0  0   0.0  0
       0.1         0.1         0.1         0.1
 121.07300    22.86366     9.444   95.65  83.20  0.2480E+12    2.89   1.33  -1  -1   173.25     2  4   0.0  0   0.0  0
       1.5         0.1         0.1         0.1
 121.11185    22.86012     9.444   95.65  83.20  0.2480E+12    2.47   1.33  -1  -1   176.34     8  4   0.0  0   0.0  0
       5.8         0.2         0.1         0.0
 121.15071    22.85657     9.444   95.65  83.20  0.2480E+12    4.60   1.33  -1  -1   173.81     0  4   0.0  0   0.0  0
       0.1         0.1         0.1         0.0
 121.18956    22.85303     9.444   95.65  83.20  0.2480E+12    4.46   1.33  -1  -1   171.11     1  4   0.0  0   0.0  0
       0.3         0.1         0.2         0.1
 121.22842    22.84949     9.444   95.65  83.20  0.2480E+12    3.35   1.33  -1  -1   116.47     4  4   0.0  0   0.0  0
       1.6         1.1         0.0         0.1
 121.26727    22.84594     9.444   95.65  83.20  0.2480E+12    4.69   1.33  -1  -1   136.64     4  4   0.0  0   0.0  0
       2.6         0.1         0.1         0.0
 121.30613    22.84240     9.444   95.65  83.20  0.2480E+12    4.90   1.33  -1  -1    87.56     0  4   0.0  0   0.0  0
       0.0         0.0         0.0         0.0
 120.99599    22.87732     3.287   95.65  83.20  0.2480E+12    5.67   1.33  -1  -1    87.56     0  4   0.0  0   0.0  0
       0.0         0.0         0.0         0.0
 121.03484    22.87378     3.287   95.65  83.20  0.2480E+12    5.40   1.33  -1  -1   161.69     0  4   0.0  0   0.0  0
       0.1         0.1         0.1         0.1
 121.07370    22.87023     3.287   95.65  83.20  0.2480E+12    4.65   1.33  -1  -1   177.47    17  4   0.0  0   0.0  0
      13.0         0.1         0.1         0.1
 121.11256    22.86669     3.287   95.65  83.20  0.2480E+12    3.72   1.33  -1  -1   161.23     4  4   0.0  0   0.0  0
       2.7         0.1         0.0         0.1
 121.15141    22.86315     3.287   95.65  83.20  0.2480E+12    4.46   1.33  -1  -1   176.03     4  4   0.0  0   0.0  0
       0.4         0.1         0.3         2.1
 121.19027    22.85960     3.287   95.65  83.20  0.2480E+12    4.49   1.33  -1  -1   176.35     5  4   0.0  0   0.0  0
       0.1         0.3         0.5         3.1
 121.22913    22.85606     3.287   95.65  83.20  0.2480E+12    5.32   1.33  -1  -1   147.91     2  4   0.0  0   0.0  0
       0.1         1.0         0.1         0.1
 121.26798    22.85251     3.287   95.65  83.20  0.2480E+12    5.56   1.33  -1  -1   162.28     6  4   0.0  0   0.0  0
       4.1         0.1         0.0         0.1
 121.30684    22.84897     3.287   95.65  83.20  0.2480E+12    5.67   1.33  -1  -1    87.56     0  4   0.0  0   0.0  0
       0.0         0.0         0.0         0.0
