2.0
#
# http://equake-rc.info/static/paper/SRF-Description-Graves_2.0.pdf
# RECTANGULAR fault MODEL
#
# All subfaults are   4.0 km long along strike and
#   4.9 km wide along dip
#
# Model length along strike is   36.0 km
#
# Model width along dip is   24.5 km
#
# Corners of the rectangular dislocation model (lat, lon):
#     22.990   121.275 : corner 1
#     22.674   121.196 : corner 2
#     22.710   121.025 : corner 3
#     23.026   121.104 : corner 4
#
#
# Number of elementary sliprate
# isoceles triangular functions
# per subfault:   4
#
# Half duration of elementary sliprate
# isoceles triangular functions (s):   1.33
# Triangles are overlapping each other by half
#
# slip rate unit: cm/s
#
#
# Seismic moment is converted into slip
# using a single constant value for the
# shear modulus mu of  0.250E+12 dyne/cm2
# assumed to be constant and characteristic
# of the fault shear zone
#
#
#
# "rake" (degrees) is the slip angle (Aki"s convention,
# e.g. rake=+45 means left-lateral-reverse movement.
#
#
# ************************************************
# Total seismic moment M0=  0.127E+26 dyne.cm
# ************************************************
#
#
PLANE 1
 121.23550    22.83200    9    5    36.000    24.500
193.00  43.00     0.045     0.000    12.251
POINTS   45
 121.15000    22.85000     8.400  193.00  43.00  0.1960E+12    0.00   1.33  -1  -1     0.73    28  4   0.0  0   0.0  0
      17.4         1.6         2.2         0.2
 121.10818    22.96968    15.084  193.00  43.00  0.1960E+12    5.47   1.33  -1  -1    43.65     0  4   0.0  0   0.0  0
       0.0         0.1         0.1         0.1
 121.09940    22.93462    15.084  193.00  43.00  0.1960E+12    4.67   1.33  -1  -1    22.68     1  4   0.0  0   0.0  0
       0.1         0.1         0.1         0.2
 121.09061    22.89956    15.084  193.00  43.00  0.1960E+12    3.46   1.33  -1  -1    11.82     2  4   0.0  0   0.0  0
       1.4         0.3         0.1         0.1
 121.08183    22.86450    15.084  193.00  43.00  0.1960E+12    3.56   1.33  -1  -1     8.67     2  4   0.0  0   0.0  0
       0.6         0.6         0.1         0.1
 121.07305    22.82944    15.084  193.00  43.00  0.1960E+12    4.80   1.33  -1  -1    -4.46     2  4   0.0  0   0.0  0
       1.7         0.0         0.1         0.0
 121.06426    22.79438    15.084  193.00  43.00  0.1960E+12    3.96   1.33  -1  -1   -26.43     0  4   0.0  0   0.0  0
       0.1         0.1         0.1         0.0
 121.05548    22.75933    15.084  193.00  43.00  0.1960E+12    4.43   1.33  -1  -1   -35.00     0  4   0.0  0   0.0  0
       0.0         0.0         0.0         0.0
 121.04670    22.72427    15.084  193.00  43.00  0.1960E+12    5.36   1.33  -1  -1   -35.00     0  4   0.0  0   0.0  0
       0.0         0.0         0.0         0.0
 121.15105    22.99749    11.742  193.00  43.00  0.1960E+12    5.49   1.33  -1  -1    34.67     0  4   0.0  0   0.0  0
       0.1         0.1         0.1         0.1
 121.14227    22.96243    11.742  193.00  43.00  0.1960E+12    4.58   1.33  -1  -1    26.13     0  4   0.0  0   0.0  0
       0.1         0.1         0.1         0.1
 121.13348    22.92737    11.742  193.00  43.00  0.1960E+12    2.75   1.33  -1  -1    43.40    17  4   0.0  0   0.0  0
      12.8         0.1         0.1         0.1
 121.12470    22.89231    11.742  193.00  43.00  0.1960E+12    1.81   1.33  -1  -1    43.51    21  4   0.0  0   0.0  0
      14.7         0.1         1.0         0.1
 121.11591    22.85725    11.742  193.00  43.00  0.1960E+12    2.15   1.33  -1  -1    11.84     4  4   0.0  0   0.0  0
       1.6         1.3         0.1         0.1
 121.10713    22.82219    11.742  193.00  43.00  0.1960E+12    2.15   1.33  -1  -1     6.99     2  4   0.0  0   0.0  0
       1.1         0.2         0.1         0.1
 121.09835    22.78713    11.742  193.00  43.00  0.1960E+12    4.80   1.33  -1  -1   -15.04     0  4   0.0  0   0.0  0
       0.1         0.0         0.0         0.1
 121.08957    22.75207    11.742  193.00  43.00  0.1960E+12    3.70   1.33  -1  -1   -35.00     0  4   0.0  0   0.0  0
       0.0         0.0         0.0         0.0
 121.08078    22.71701    11.742  193.00  43.00  0.1960E+12    4.78   1.33  -1  -1   -35.00     0  4   0.0  0   0.0  0
       0.0         0.0         0.0         0.0
 121.18513    22.99024     8.400  193.00  43.00  0.1960E+12    4.60   1.33  -1  -1    29.43     6  4   0.0  0   0.0  0
       4.4         0.1         0.1         0.3
 121.17635    22.95518     8.400  193.00  43.00  0.1960E+12    3.48   1.33  -1  -1    26.03     6  4   0.0  0   0.0  0
       1.8         0.1         0.1         2.6
 121.16757    22.92012     8.400  193.00  43.00  0.1960E+12    2.50   1.33  -1  -1    20.17    20  4   0.0  0   0.0  0
      14.1         0.1         0.9         0.1
 121.15878    22.88506     8.400  193.00  43.00  0.1960E+12    1.25   1.33  -1  -1    24.69    29  4   0.0  0   0.0  0
      14.5         0.7         4.0         2.4
 121.11697    23.00474    15.084  193.00  43.00  0.1960E+12    5.45   1.33  -1  -1    26.42     0  4   0.0  0   0.0  0
       0.0         0.0         0.1         0.1
 121.14122    22.81494     8.400  193.00  43.00  0.1960E+12    3.50   1.33  -1  -1    16.76    18  4   0.0  0   0.0  0
      11.3         1.8         0.7         0.1
 121.13243    22.77988     8.400  193.00  43.00  0.1960E+12    2.32   1.33  -1  -1    18.94     4  4   0.0  0   0.0  0
       2.8         0.1         0.1         0.1
 121.12365    22.74482     8.400  193.00  43.00  0.1960E+12    3.43   1.33  -1  -1   -35.00     0  4   0.0  0   0.0  0
       0.0         0.0         0.0         0.0
 121.11487    22.70976     8.400  193.00  43.00  0.1960E+12    4.57   1.33  -1  -1   -35.00     0  4   0.0  0   0.0  0
       0.0         0.0         0.0         0.0
 121.21922    22.98299     5.058  193.00  43.00  0.1960E+12    5.27   1.33  -1  -1   -10.84     4  4   0.0  0   0.0  0
       0.1         0.1         0.1         2.5
 121.21043    22.94793     5.058  193.00  43.00  0.1960E+12    5.63   1.33  -1  -1     9.68     1  4   0.0  0   0.0  0
       0.0         0.2         0.2         0.1
 121.20165    22.91287     5.058  193.00  43.00  0.1960E+12    3.54   1.33  -1  -1    28.88     5  4   0.0  0   0.0  0
       0.1         0.2         3.0         0.2
 121.19287    22.87781     5.058  193.00  43.00  0.1960E+12    1.86   1.33  -1  -1    16.02     8  4   0.0  0   0.0  0
       3.3         0.8         1.7         0.2
 121.18409    22.84275     5.058  193.00  43.00  0.1960E+12    2.23   1.33  -1  -1    27.59     5  4   0.0  0   0.0  0
       0.7         1.0         1.9         0.1
 121.17530    22.80769     5.058  193.00  43.00  0.1960E+12    2.10   1.33  -1  -1    20.25     9  4   0.0  0   0.0  0
       6.4         0.3         0.1         0.1
 121.16652    22.77263     5.058  193.00  43.00  0.1960E+12    4.81   1.33  -1  -1    13.27     1  4   0.0  0   0.0  0
       0.4         0.0         0.1         0.0
 121.15774    22.73757     5.058  193.00  43.00  0.1960E+12    3.70   1.33  -1  -1   -35.00     0  4   0.0  0   0.0  0
       0.0         0.0         0.0         0.0
 121.14896    22.70251     5.058  193.00  43.00  0.1960E+12    4.78   1.33  -1  -1   -35.00     0  4   0.0  0   0.0  0
       0.0         0.0         0.0         0.0
 121.25330    22.97573     1.716  193.00  43.00  0.1960E+12    5.48   1.33  -1  -1     3.95     8  4   0.0  0   0.0  0
       0.1         1.2         4.7         0.4
 121.24452    22.94068     1.716  193.00  43.00  0.1960E+12    4.67   1.33  -1  -1     5.53     8  4   0.0  0   0.0  0
       0.1         1.3         2.6         1.9
 121.23574    22.90562     1.716  193.00  43.00  0.1960E+12    4.62   1.33  -1  -1    19.79    11  4   0.0  0   0.0  0
       1.2         4.1         2.3         0.5
 121.22695    22.87056     1.716  193.00  43.00  0.1960E+12    3.18   1.33  -1  -1    33.49    16  4   0.0  0   0.0  0
      10.5         1.0         0.3         0.2
 121.21817    22.83550     1.716  193.00  43.00  0.1960E+12    4.61   1.33  -1  -1     7.57     6  4   0.0  0   0.0  0
       1.6         0.2         0.1         2.3
 121.20939    22.80044     1.716  193.00  43.00  0.1960E+12    4.81   1.33  -1  -1   -12.63     7  4   0.0  0   0.0  0
       3.3         2.0         0.1         0.1
 121.20061    22.76538     1.716  193.00  43.00  0.1960E+12    4.81   1.33  -1  -1    -6.35     6  4   0.0  0   0.0  0
       3.7         0.1         0.7         0.1
 121.19182    22.73032     1.716  193.00  43.00  0.1960E+12    4.43   1.33  -1  -1   -35.00     0  4   0.0  0   0.0  0
       0.0         0.0         0.0         0.0
 121.18304    22.69526     1.716  193.00  43.00  0.1960E+12    5.36   1.33  -1  -1   -35.00     0  4   0.0  0   0.0  0
       0.0         0.0         0.0         0.0
