2.0
#
# http://equake-rc.info/static/paper/SRF-Description-Graves_2.0.pdf
# RECTANGULAR fault MODEL
#
# All subfaults are   5.0 km long along strike and
#   3.3 km wide along dip
#
# Model length along strike is   45.0 km
#
# Model width along dip is   16.5 km
#
# Corners of the rectangular dislocation model (lat, lon):
#     41.043    28.159 : corner 1
#     40.641    28.220 : corner 2
#     40.640    28.213 : corner 3
#     41.043    28.152 : corner 4
#
#
# Number of elementary sliprate
# isoceles triangular functions
# per subfault:   4
#
# Half duration of elementary sliprate
# isoceles triangular functions (s):   1.55
# Triangles are overlapping each other by half
#
# slip rate unit: cm/s
#
#
# Seismic moment is converted into slip
# using a single constant value for the
# shear modulus mu of  0.250E+12 dyne/cm2
# assumed to be constant and characteristic
# of the fault shear zone
#
#
#
# "rake" (degrees) is the slip angle (Aki"s convention,
# e.g. rake=+45 means left-lateral-reverse movement.
#
#
# ************************************************
# Total seismic moment M0=  0.199E+26 dyne.cm
# ************************************************
#
#
PLANE 1
  28.18950    40.84200    9    5    45.000    16.500
173.45  88.05     0.155     0.000     8.250
POINTS   45
  28.18600    40.84180     8.400  173.45  88.05  0.1650E+12    0.00   1.55  -1  -1     0.75    62  4   0.0  0   0.0  0
      38.6         0.9         0.2         0.1
  28.16298    40.97574    14.996  173.45  88.05  0.1650E+12    4.68   1.55  -1  -1   -31.99     0  4   0.0  0   0.0  0
       0.0         0.0         0.0         0.0
  28.16977    40.93102    14.996  173.45  88.05  0.1650E+12    6.57   1.55  -1  -1    57.92    36  4   0.0  0   0.0  0
       0.1        11.5         9.5         1.9
  28.17656    40.88630    14.996  173.45  88.05  0.1650E+12    4.66   1.55  -1  -1    53.80    14  4   0.0  0   0.0  0
       8.6         0.1         0.2         0.1
  28.18335    40.84157    14.996  173.45  88.05  0.1650E+12    2.79   1.55  -1  -1    49.09    15  4   0.0  0   0.0  0
       9.0         0.2         0.2         0.1
  28.19014    40.79684    14.996  173.45  88.05  0.1650E+12    6.68   1.55  -1  -1    53.43    14  4   0.0  0   0.0  0
       0.1         0.1         0.1         8.6
  28.19692    40.75212    14.996  173.45  88.05  0.1650E+12    5.05   1.55  -1  -1    27.99     4  4   0.0  0   0.0  0
       0.2         0.2         1.1         1.3
  28.20371    40.70740    14.996  173.45  88.05  0.1650E+12    4.68   1.55  -1  -1   -31.99     0  4   0.0  0   0.0  0
       0.0         0.0         0.0         0.0
  28.21050    40.66267    14.996  173.45  88.05  0.1650E+12    6.02   1.55  -1  -1   -31.99     0  4   0.0  0   0.0  0
       0.0         0.0         0.0         0.0
  28.15752    41.02058    11.698  173.45  88.05  0.1650E+12    5.79   1.55  -1  -1   -31.99     0  4   0.0  0   0.0  0
       0.0         0.0         0.0         0.0
  28.16431    40.97586    11.698  173.45  88.05  0.1650E+12    4.39   1.55  -1  -1   -31.99     0  4   0.0  0   0.0  0
       0.0         0.0         0.0         0.0
  28.17110    40.93113    11.698  173.45  88.05  0.1650E+12    5.98   1.55  -1  -1    56.70    12  4   0.0  0   0.0  0
       0.3         0.2         1.8         5.2
  28.17789    40.88641    11.698  173.45  88.05  0.1650E+12    1.88   1.55  -1  -1    52.22    28  4   0.0  0   0.0  0
      17.5         0.1         0.1         0.2
  28.18467    40.84169    11.698  173.45  88.05  0.1650E+12    0.96   1.55  -1  -1    16.84    55  4   0.0  0   0.0  0
      35.4         0.1         0.1         0.1
  28.19146    40.79696    11.698  173.45  88.05  0.1650E+12    1.72   1.55  -1  -1    18.67    27  4   0.0  0   0.0  0
      17.1         0.1         0.1         0.1
  28.19825    40.75224    11.698  173.45  88.05  0.1650E+12    6.57   1.55  -1  -1    47.30    12  4   0.0  0   0.0  0
       0.1         0.1         3.9         3.4
  28.20504    40.70751    11.698  173.45  88.05  0.1650E+12    4.39   1.55  -1  -1   -31.99     0  4   0.0  0   0.0  0
       0.0         0.0         0.0         0.0
  28.21183    40.66279    11.698  173.45  88.05  0.1650E+12    5.79   1.55  -1  -1   -31.99     0  4   0.0  0   0.0  0
       0.0         0.0         0.0         0.0
  28.15885    41.02070     8.400  173.45  88.05  0.1650E+12    5.71   1.55  -1  -1   -31.99     0  4   0.0  0   0.0  0
       0.0         0.0         0.0         0.0
  28.16564    40.97598     8.400  173.45  88.05  0.1650E+12    4.29   1.55  -1  -1   -31.99     0  4   0.0  0   0.0  0
       0.0         0.0         0.0         0.0
  28.17242    40.93125     8.400  173.45  88.05  0.1650E+12    5.98   1.55  -1  -1    57.46     6  4   0.0  0   0.0  0
       0.1         0.5         0.7         2.5
  28.17921    40.88652     8.400  173.45  88.05  0.1650E+12    1.87   1.55  -1  -1    34.92    44  4   0.0  0   0.0  0
      28.4         0.1         0.1         0.1
  28.15619    41.02047    14.996  173.45  88.05  0.1650E+12    6.02   1.55  -1  -1   -31.99     0  4   0.0  0   0.0  0
       0.0         0.0         0.0         0.0
  28.19279    40.79708     8.400  173.45  88.05  0.1650E+12    1.71   1.55  -1  -1     8.96    13  4   0.0  0   0.0  0
       7.6         0.3         0.1         0.1
  28.19958    40.75235     8.400  173.45  88.05  0.1650E+12    4.99   1.55  -1  -1    12.68     8  4   0.0  0   0.0  0
       0.1         0.1         2.1         2.7
  28.20636    40.70763     8.400  173.45  88.05  0.1650E+12    4.29   1.55  -1  -1   -31.99     0  4   0.0  0   0.0  0
       0.0         0.0         0.0         0.0
  28.21315    40.66290     8.400  173.45  88.05  0.1650E+12    5.71   1.55  -1  -1   -31.99     0  4   0.0  0   0.0  0
       0.0         0.0         0.0         0.0
  28.16018    41.02081     5.102  173.45  88.05  0.1650E+12    5.79   1.55  -1  -1   -31.99     0  4   0.0  0   0.0  0
       0.0         0.0         0.0         0.0
  28.16696    40.97609     5.102  173.45  88.05  0.1650E+12    4.39   1.55  -1  -1   -31.99     0  4   0.0  0   0.0  0
       0.0         0.0         0.0         0.0
  28.17375    40.93137     5.102  173.45  88.05  0.1650E+12    5.98   1.55  -1  -1    52.95     3  4   0.0  0   0.0  0
       0.1         0.1         1.0         0.9
  28.18054    40.88664     5.102  173.45  88.05  0.1650E+12    1.87   1.55  -1  -1    30.92    10  4   0.0  0   0.0  0
       6.3         0.2         0.1         0.1
  28.18733    40.84192     5.102  173.45  88.05  0.1650E+12    0.94   1.55  -1  -1    19.08    33  4   0.0  0   0.0  0
      20.1         0.2         0.8         0.2
  28.19411    40.79719     5.102  173.45  88.05  0.1650E+12    3.78   1.55  -1  -1    33.10     2  4   0.0  0   0.0  0
       0.9         0.1         0.0         0.1
  28.20090    40.75247     5.102  173.45  88.05  0.1650E+12    5.58   1.55  -1  -1    17.68     3  4   0.0  0   0.0  0
       0.1         0.8         0.2         1.1
  28.20769    40.70774     5.102  173.45  88.05  0.1650E+12    4.39   1.55  -1  -1   -31.99     0  4   0.0  0   0.0  0
       0.0         0.0         0.0         0.0
  28.21448    40.66302     5.102  173.45  88.05  0.1650E+12    5.79   1.55  -1  -1   -31.99     0  4   0.0  0   0.0  0
       0.0         0.0         0.0         0.0
  28.16150    41.02093     1.804  173.45  88.05  0.1650E+12    6.02   1.55  -1  -1   -31.99     0  4   0.0  0   0.0  0
       0.0         0.0         0.0         0.0
  28.16829    40.97620     1.804  173.45  88.05  0.1650E+12    4.68   1.55  -1  -1   -31.99     0  4   0.0  0   0.0  0
       0.0         0.0         0.0         0.0
  28.17508    40.93148     1.804  173.45  88.05  0.1650E+12    6.92   1.55  -1  -1    23.90     7  4   0.0  0   0.0  0
       0.1         0.1         3.8         0.3
  28.18187    40.88676     1.804  173.45  88.05  0.1650E+12    6.91   1.55  -1  -1    17.96    12  4   0.0  0   0.0  0
       1.3         0.1         0.1         6.5
  28.18865    40.84203     1.804  173.45  88.05  0.1650E+12    2.82   1.55  -1  -1    19.23    35  4   0.0  0   0.0  0
      17.1         4.7         0.2         0.7
  28.19544    40.79731     1.804  173.45  88.05  0.1650E+12    3.77   1.55  -1  -1    18.05    26  4   0.0  0   0.0  0
      14.1         2.6         0.2         0.1
  28.20223    40.75258     1.804  173.45  88.05  0.1650E+12    4.90   1.55  -1  -1     6.41     3  4   0.0  0   0.0  0
       0.1         0.3         1.5         0.1
  28.20902    40.70786     1.804  173.45  88.05  0.1650E+12    4.68   1.55  -1  -1   -31.99     0  4   0.0  0   0.0  0
       0.0         0.0         0.0         0.0
  28.21581    40.66313     1.804  173.45  88.05  0.1650E+12    6.02   1.55  -1  -1   -31.99     0  4   0.0  0   0.0  0
       0.0         0.0         0.0         0.0
