2.0
#
# http://equake-rc.info/static/paper/SRF-Description-Graves_2.0.pdf
# RECTANGULAR fault MODEL
#
# All subfaults are   6.0 km long along strike and
#  11.0 km wide along dip
#
# Model length along strike is   54.0 km
#
# Model width along dip is   55.0 km
#
# Corners of the rectangular dislocation model (lat, lon):
#    -46.989   165.465 : corner 1
#    -47.434   165.743 : corner 2
#    -47.490   165.548 : corner 3
#    -47.045   165.269 : corner 4
#
#
# Number of elementary sliprate
# isoceles triangular functions
# per subfault:   4
#
# Half duration of elementary sliprate
# isoceles triangular functions (s):   1.67
# Triangles are overlapping each other by half
#
# slip rate unit: cm/s
#
#
# Seismic moment is converted into slip
# using a single constant value for the
# shear modulus mu of  0.250E+12 dyne/cm2
# assumed to be constant and characteristic
# of the fault shear zone
#
#
#
# "rake" (degrees) is the slip angle (Aki"s convention,
# e.g. rake=+45 means left-lateral-reverse movement.
#
#
# ************************************************
# Total seismic moment M0=  0.300E+26 dyne.cm
# ************************************************
#
#
PLANE 1
 165.60400   -47.21150    9    5    54.000    55.000
157.00  73.00     3.121     0.000    16.500
POINTS   45
 165.54539   -47.22820    18.900  157.00  73.00  0.6600E+12    0.00   1.67  -1  -1    71.13    45  4   0.0  0   0.0  0
      26.6         0.1         0.1         0.1
 165.33540   -47.11351    50.458  157.00  73.00  0.6600E+12    8.11   1.67  -1  -1   119.47     1  4   0.0  0   0.0  0
       0.1         0.1         0.1         0.1
 165.36633   -47.16300    50.458  157.00  73.00  0.6600E+12    8.11   1.67  -1  -1   119.15     0  4   0.0  0   0.0  0
       0.1         0.1         0.1         0.1
 165.39726   -47.21249    50.458  157.00  73.00  0.6600E+12    8.11   1.67  -1  -1   102.73     0  4   0.0  0   0.0  0
       0.1         0.1         0.1         0.1
 165.42821   -47.26198    50.458  157.00  73.00  0.6600E+12    8.11   1.67  -1  -1    31.19     0  4   0.0  0   0.0  0
       0.1         0.1         0.1         0.1
 165.45914   -47.31147    50.458  157.00  73.00  0.6600E+12    8.11   1.67  -1  -1    48.17     0  4   0.0  0   0.0  0
       0.1         0.1         0.1         0.1
 165.49007   -47.36096    50.458  157.00  73.00  0.6600E+12    8.11   1.67  -1  -1    31.00     0  4   0.0  0   0.0  0
       0.0         0.0         0.0         0.0
 165.52101   -47.41045    50.458  157.00  73.00  0.6600E+12    8.11   1.67  -1  -1    31.37     0  4   0.0  0   0.0  0
       0.1         0.1         0.1         0.1
 165.55194   -47.45994    50.458  157.00  73.00  0.6600E+12    8.11   1.67  -1  -1    32.32     0  4   0.0  0   0.0  0
       0.1         0.1         0.1         0.1
 165.34352   -47.05276    39.939  157.00  73.00  0.6600E+12    8.11   1.67  -1  -1   119.55     1  4   0.0  0   0.0  0
       0.1         0.1         0.1         0.1
 165.37447   -47.10225    39.939  157.00  73.00  0.6600E+12    8.11   1.67  -1  -1   102.63     1  4   0.0  0   0.0  0
       0.1         0.1         0.1         0.1
 165.40540   -47.15174    39.939  157.00  73.00  0.6600E+12    7.18   1.67  -1  -1   102.18     0  4   0.0  0   0.0  0
       0.1         0.1         0.1         0.1
 165.43634   -47.20123    39.939  157.00  73.00  0.6600E+12    6.55   1.67  -1  -1   119.33     0  4   0.0  0   0.0  0
       0.1         0.1         0.1         0.1
 165.46727   -47.25072    39.939  157.00  73.00  0.6600E+12    6.41   1.67  -1  -1   102.84     0  4   0.0  0   0.0  0
       0.1         0.1         0.1         0.1
 165.49820   -47.30021    39.939  157.00  73.00  0.6600E+12    7.97   1.67  -1  -1    48.89     0  4   0.0  0   0.0  0
       0.1         0.1         0.1         0.1
 165.52914   -47.34970    39.939  157.00  73.00  0.6600E+12    7.16   1.67  -1  -1    31.00     0  4   0.0  0   0.0  0
       0.0         0.0         0.0         0.0
 165.56007   -47.39919    39.939  157.00  73.00  0.6600E+12    8.11   1.67  -1  -1    31.30     0  4   0.0  0   0.0  0
       0.1         0.1         0.1         0.1
 165.59100   -47.44868    39.939  157.00  73.00  0.6600E+12    8.11   1.67  -1  -1    31.14     9  4   0.0  0   0.0  0
       0.1         0.1         0.1         5.2
 165.38260   -47.04150    29.419  157.00  73.00  0.6600E+12    7.70   1.67  -1  -1    66.76     0  4   0.0  0   0.0  0
       0.1         0.1         0.1         0.1
 165.41353   -47.09099    29.419  157.00  73.00  0.6600E+12    6.14   1.67  -1  -1    48.19     0  4   0.0  0   0.0  0
       0.1         0.1         0.1         0.1
 165.44446   -47.14048    29.419  157.00  73.00  0.6600E+12    4.67   1.67  -1  -1    31.16     5  4   0.0  0   0.0  0
       3.0         0.1         0.1         0.1
 165.47540   -47.18997    29.419  157.00  73.00  0.6600E+12    3.58   1.67  -1  -1    31.29     1  4   0.0  0   0.0  0
       0.4         0.1         0.1         0.1
 165.50633   -47.23946    29.419  157.00  73.00  0.6600E+12    3.55   1.67  -1  -1    31.90     1  4   0.0  0   0.0  0
       0.1         0.1         0.1         0.1
 165.53726   -47.28895    29.419  157.00  73.00  0.6600E+12    3.59   1.67  -1  -1    47.04     0  4   0.0  0   0.0  0
       0.1         0.1         0.1         0.1
 165.56821   -47.33844    29.419  157.00  73.00  0.6600E+12    4.65   1.67  -1  -1    31.00     0  4   0.0  0   0.0  0
       0.0         0.0         0.0         0.0
 165.59914   -47.38793    29.419  157.00  73.00  0.6600E+12    7.99   1.67  -1  -1    31.12     0  4   0.0  0   0.0  0
       0.1         0.0         0.1         0.1
 165.63007   -47.43742    29.419  157.00  73.00  0.6600E+12    7.89   1.67  -1  -1    33.53     5  4   0.0  0   0.0  0
       0.1         0.1         0.1         2.9
 165.42166   -47.03024    18.900  157.00  73.00  0.6600E+12    7.71   1.67  -1  -1    84.56     4  4   0.0  0   0.0  0
       0.1         0.1         0.1         2.3
 165.45259   -47.07973    18.900  157.00  73.00  0.6600E+12    7.77   1.67  -1  -1    86.42     4  4   0.0  0   0.0  0
       0.1         0.1         1.4         0.7
 165.48352   -47.12922    18.900  157.00  73.00  0.6600E+12    7.85   1.67  -1  -1    83.55     3  4   0.0  0   0.0  0
       0.1         0.1         1.5         0.1
 165.51447   -47.17871    18.900  157.00  73.00  0.6600E+12    1.74   1.67  -1  -1    31.28     9  4   0.0  0   0.0  0
       5.0         0.1         0.1         0.1
 165.30446   -47.06402    50.458  157.00  73.00  0.6600E+12    8.11   1.67  -1  -1   120.48    33  4   0.0  0   0.0  0
      19.3         0.1         0.1         0.1
 165.57632   -47.27769    18.900  157.00  73.00  0.6600E+12    4.69   1.67  -1  -1    57.64     0  4   0.0  0   0.0  0
       0.1         0.1         0.1         0.1
 165.60727   -47.32718    18.900  157.00  73.00  0.6600E+12    3.43   1.67  -1  -1    31.00     0  4   0.0  0   0.0  0
       0.0         0.0         0.0         0.0
 165.63820   -47.37667    18.900  157.00  73.00  0.6600E+12    8.03   1.67  -1  -1    44.96     0  4   0.0  0   0.0  0
       0.1         0.1         0.1         0.1
 165.66913   -47.42616    18.900  157.00  73.00  0.6600E+12    7.57   1.67  -1  -1    32.51     0  4   0.0  0   0.0  0
       0.1         0.1         0.1         0.1
 165.46072   -47.01898     8.381  157.00  73.00  0.6600E+12    7.77   1.67  -1  -1    67.13     5  4   0.0  0   0.0  0
       0.1         0.1         0.1         2.6
 165.49165   -47.06847     8.381  157.00  73.00  0.6600E+12    7.86   1.67  -1  -1    50.23     2  4   0.0  0   0.0  0
       0.1         0.1         0.1         0.7
 165.52258   -47.11796     8.381  157.00  73.00  0.6600E+12    5.36   1.67  -1  -1    51.57     1  4   0.0  0   0.0  0
       0.1         0.1         0.4         0.1
 165.55353   -47.16745     8.381  157.00  73.00  0.6600E+12    8.02   1.67  -1  -1    32.10     0  4   0.0  0   0.0  0
       0.1         0.1         0.1         0.1
 165.58446   -47.21694     8.381  157.00  73.00  0.6600E+12    4.71   1.67  -1  -1    31.38     3  4   0.0  0   0.0  0
       0.9         0.5         0.1         0.1
 165.61539   -47.26643     8.381  157.00  73.00  0.6600E+12    6.83   1.67  -1  -1    31.06     8  4   0.0  0   0.0  0
       3.0         0.1         0.2         1.7
 165.64633   -47.31592     8.381  157.00  73.00  0.6600E+12    4.65   1.67  -1  -1    31.00     0  4   0.0  0   0.0  0
       0.0         0.0         0.0         0.0
 165.67726   -47.36541     8.381  157.00  73.00  0.6600E+12    7.09   1.67  -1  -1    31.16    17  4   0.0  0   0.0  0
       0.1         3.7         6.5         0.1
 165.70819   -47.41490     8.381  157.00  73.00  0.6600E+12    8.08   1.67  -1  -1   120.88    19  4   0.0  0   0.0  0
       0.1         0.1         0.1        11.1
