2.0
#
# http://equake-rc.info/static/paper/SRF-Description-Graves_2.0.pdf
# RECTANGULAR fault MODEL
#
# All subfaults are   7.0 km long along strike and
#  12.0 km wide along dip
#
# Model length along strike is   77.0 km
#
# Model width along dip is   60.0 km
#
# Corners of the rectangular dislocation model (lat, lon):
#     25.007   122.093 : corner 1
#     24.315   122.133 : corner 2
#     24.303   121.892 : corner 3
#     24.995   121.852 : corner 4
#
#
# Number of elementary sliprate
# isoceles triangular functions
# per subfault:   4
#
# Half duration of elementary sliprate
# isoceles triangular functions (s):   2.11
# Triangles are overlapping each other by half
#
# slip rate unit: cm/s
#
#
# Seismic moment is converted into slip
# using a single constant value for the
# shear modulus mu of  0.250E+12 dyne/cm2
# assumed to be constant and characteristic
# of the fault shear zone
#
#
#
# "rake" (degrees) is the slip angle (Aki"s convention,
# e.g. rake=+45 means left-lateral-reverse movement.
#
#
# ************************************************
# Total seismic moment M0=  0.554E+26 dyne.cm
# ************************************************
#
#
PLANE 1
 122.11301    24.66100   11    5    77.000    60.000
177.00  66.00    62.556     0.000    18.002
POINTS   55
 122.04060    24.65740    79.000  177.00  66.00  0.8400E+12    0.00   2.11  -1  -1    46.76   114  4   0.0  0   0.0  0
      53.8         0.1         0.1         0.1
 121.88136    24.90206   111.888  177.00  66.00  0.8400E+12   10.67   2.11  -1  -1    -2.00     0  4   0.0  0   0.0  0
       0.0         0.0         0.0         0.0
 121.88498    24.83917   111.888  177.00  66.00  0.8400E+12   10.67   2.11  -1  -1    -2.00     0  4   0.0  0   0.0  0
       0.0         0.0         0.0         0.0
 121.88860    24.77628   111.888  177.00  66.00  0.8400E+12   10.67   2.11  -1  -1    -0.73     1  4   0.0  0   0.0  0
       0.1         0.1         0.1         0.1
 121.89223    24.71339   111.888  177.00  66.00  0.8400E+12   10.62   2.11  -1  -1     3.43     1  4   0.0  0   0.0  0
       0.1         0.1         0.1         0.1
 121.89586    24.65051   111.888  177.00  66.00  0.8400E+12   10.48   2.11  -1  -1    -0.05     1  4   0.0  0   0.0  0
       0.1         0.1         0.1         0.1
 121.89948    24.58762   111.888  177.00  66.00  0.8400E+12   10.66   2.11  -1  -1     1.57     1  4   0.0  0   0.0  0
       0.1         0.1         0.1         0.1
 121.90311    24.52473   111.888  177.00  66.00  0.8400E+12   10.67   2.11  -1  -1    -0.71     1  4   0.0  0   0.0  0
       0.1         0.1         0.1         0.1
 121.90674    24.46184   111.888  177.00  66.00  0.8400E+12   10.67   2.11  -1  -1    -2.00     0  4   0.0  0   0.0  0
       0.0         0.0         0.0         0.0
 121.91036    24.39895   111.888  177.00  66.00  0.8400E+12   10.67   2.11  -1  -1    12.83     1  4   0.0  0   0.0  0
       0.1         0.1         0.1         0.1
 121.91399    24.33607   111.888  177.00  66.00  0.8400E+12   10.67   2.11  -1  -1    -0.99     1  4   0.0  0   0.0  0
       0.1         0.1         0.1         0.1
 121.92597    24.96724   100.925  177.00  66.00  0.8400E+12   10.67   2.11  -1  -1    -2.00     0  4   0.0  0   0.0  0
       0.0         0.0         0.0         0.0
 121.92960    24.90435   100.925  177.00  66.00  0.8400E+12   10.54   2.11  -1  -1    -2.00     0  4   0.0  0   0.0  0
       0.0         0.0         0.0         0.0
 121.93323    24.84147   100.925  177.00  66.00  0.8400E+12    9.11   2.11  -1  -1    -2.00     0  4   0.0  0   0.0  0
       0.0         0.0         0.0         0.0
 121.93685    24.77858   100.925  177.00  66.00  0.8400E+12    8.88   2.11  -1  -1    14.57     1  4   0.0  0   0.0  0
       0.1         0.1         0.1         0.1
 121.94048    24.71569   100.925  177.00  66.00  0.8400E+12    8.22   2.11  -1  -1    16.46     1  4   0.0  0   0.0  0
       0.1         0.1         0.1         0.1
 121.94411    24.65280   100.925  177.00  66.00  0.8400E+12   10.49   2.11  -1  -1    -1.16     1  4   0.0  0   0.0  0
       0.1         0.1         0.1         0.1
 121.94773    24.58992   100.925  177.00  66.00  0.8400E+12    9.62   2.11  -1  -1     1.85     1  4   0.0  0   0.0  0
       0.1         0.1         0.1         0.1
 121.95136    24.52703   100.925  177.00  66.00  0.8400E+12   10.37   2.11  -1  -1    -0.30     1  4   0.0  0   0.0  0
       0.1         0.1         0.1         0.1
 121.95499    24.46414   100.925  177.00  66.00  0.8400E+12    9.11   2.11  -1  -1    -2.00     0  4   0.0  0   0.0  0
       0.0         0.0         0.0         0.0
 121.95861    24.40125   100.925  177.00  66.00  0.8400E+12   10.61   2.11  -1  -1    -0.56     1  4   0.0  0   0.0  0
       0.1         0.1         0.1         0.1
 121.96224    24.33837   100.925  177.00  66.00  0.8400E+12   10.67   2.11  -1  -1    -0.95     1  4   0.0  0   0.0  0
       0.1         0.1         0.1         0.4
 121.97422    24.96954    89.963  177.00  66.00  0.8400E+12   10.57   2.11  -1  -1    -2.00     0  4   0.0  0   0.0  0
       0.0         0.0         0.0         0.0
 121.97785    24.90665    89.963  177.00  66.00  0.8400E+12    8.70   2.11  -1  -1    -2.00     0  4   0.0  0   0.0  0
       0.0         0.0         0.0         0.0
 121.98148    24.84377    89.963  177.00  66.00  0.8400E+12    6.91   2.11  -1  -1    -2.00     0  4   0.0  0   0.0  0
       0.0         0.0         0.0         0.0
 121.98510    24.78088    89.963  177.00  66.00  0.8400E+12    5.72   2.11  -1  -1    87.46     4  4   0.0  0   0.0  0
       1.4         0.5         0.1         0.1
 121.98873    24.71799    89.963  177.00  66.00  0.8400E+12    4.73   2.11  -1  -1    82.37     5  4   0.0  0   0.0  0
       1.6         0.5         0.1         0.1
 121.99236    24.65510    89.963  177.00  66.00  0.8400E+12    5.10   2.11  -1  -1    87.85    13  4   0.0  0   0.0  0
       5.2         0.6         0.1         0.1
 121.99598    24.59221    89.963  177.00  66.00  0.8400E+12    4.07   2.11  -1  -1    84.54     1  4   0.0  0   0.0  0
       0.3         0.1         0.1         0.1
 121.99961    24.52933    89.963  177.00  66.00  0.8400E+12    5.79   2.11  -1  -1    54.38     1  4   0.0  0   0.0  0
       0.1         0.1         0.1         0.1
 122.00323    24.46644    89.963  177.00  66.00  0.8400E+12    6.91   2.11  -1  -1    -2.00     0  4   0.0  0   0.0  0
       0.0         0.0         0.0         0.0
 122.00686    24.40355    89.963  177.00  66.00  0.8400E+12   10.30   2.11  -1  -1    -1.28     1  4   0.0  0   0.0  0
       0.1         0.1         0.1         0.1
 122.01049    24.34066    89.963  177.00  66.00  0.8400E+12   10.62   2.11  -1  -1    -1.56     1  4   0.0  0   0.0  0
       0.1         0.1         0.1         0.1
 122.02247    24.97184    79.000  177.00  66.00  0.8400E+12   10.00   2.11  -1  -1    -2.00     0  4   0.0  0   0.0  0
       0.0         0.0         0.0         0.0
 122.02610    24.90895    79.000  177.00  66.00  0.8400E+12    8.00   2.11  -1  -1    -2.00     0  4   0.0  0   0.0  0
       0.0         0.0         0.0         0.0
 122.02972    24.84606    79.000  177.00  66.00  0.8400E+12    6.00   2.11  -1  -1    -2.00     0  4   0.0  0   0.0  0
       0.0         0.0         0.0         0.0
 122.03335    24.78318    79.000  177.00  66.00  0.8400E+12    4.05   2.11  -1  -1    85.48     3  4   0.0  0   0.0  0
       1.0         0.1         0.1         0.1
 122.03698    24.72029    79.000  177.00  66.00  0.8400E+12    2.01   2.11  -1  -1    78.86    46  4   0.0  0   0.0  0
      21.7         0.1         0.1         0.1
 121.87772    24.96494   111.888  177.00  66.00  0.8400E+12   10.67   2.11  -1  -1    -2.00     0  4   0.0  0   0.0  0
       0.0         0.0         0.0         0.0
 122.04423    24.59451    79.000  177.00  66.00  0.8400E+12    5.50   2.11  -1  -1    62.49     3  4   0.0  0   0.0  0
       1.3         0.1         0.1         0.1
 122.04786    24.53162    79.000  177.00  66.00  0.8400E+12    4.73   2.11  -1  -1    67.79     1  4   0.0  0   0.0  0
       0.1         0.1         0.1         0.1
 122.05148    24.46874    79.000  177.00  66.00  0.8400E+12    6.00   2.11  -1  -1    -2.00     0  4   0.0  0   0.0  0
       0.0         0.0         0.0         0.0
 122.05511    24.40585    79.000  177.00  66.00  0.8400E+12   10.21   2.11  -1  -1    -1.45     1  4   0.0  0   0.0  0
       0.1         0.1         0.1         0.1
 122.05874    24.34296    79.000  177.00  66.00  0.8400E+12   10.41   2.11  -1  -1    -0.52     1  4   0.0  0   0.0  0
       0.1         0.1         0.1         0.1
 122.07072    24.97414    68.037  177.00  66.00  0.8400E+12   10.57   2.11  -1  -1    -2.00     0  4   0.0  0   0.0  0
       0.0         0.0         0.0         0.0
 122.07435    24.91125    68.037  177.00  66.00  0.8400E+12    8.70   2.11  -1  -1    -2.00     0  4   0.0  0   0.0  0
       0.0         0.0         0.0         0.0
 122.07797    24.84836    68.037  177.00  66.00  0.8400E+12    6.91   2.11  -1  -1    -2.00     0  4   0.0  0   0.0  0
       0.0         0.0         0.0         0.0
 122.08160    24.78547    68.037  177.00  66.00  0.8400E+12    5.63   2.11  -1  -1    82.68     1  4   0.0  0   0.0  0
       0.1         0.1         0.1         0.1
 122.08523    24.72259    68.037  177.00  66.00  0.8400E+12    4.00   2.11  -1  -1    56.19    42  4   0.0  0   0.0  0
      19.7         0.1         0.1         0.1
 122.08885    24.65970    68.037  177.00  66.00  0.8400E+12    3.57   2.11  -1  -1    74.31     1  4   0.0  0   0.0  0
       0.1         0.1         0.1         0.1
 122.09248    24.59681    68.037  177.00  66.00  0.8400E+12    4.43   2.11  -1  -1    86.55     1  4   0.0  0   0.0  0
       0.1         0.1         0.1         0.1
 122.09611    24.53392    68.037  177.00  66.00  0.8400E+12    5.39   2.11  -1  -1    53.27     1  4   0.0  0   0.0  0
       0.1         0.1         0.1         0.1
 122.09973    24.47104    68.037  177.00  66.00  0.8400E+12    6.91   2.11  -1  -1    -2.00     0  4   0.0  0   0.0  0
       0.0         0.0         0.0         0.0
 122.10336    24.40815    68.037  177.00  66.00  0.8400E+12   10.35   2.11  -1  -1    -0.88     1  4   0.0  0   0.0  0
       0.1         0.1         0.1         0.1
 122.10699    24.34526    68.037  177.00  66.00  0.8400E+12   10.66   2.11  -1  -1    -1.84    14  4   0.0  0   0.0  0
       0.1         0.1         1.1         5.4
