2.0
#
# http://equake-rc.info/static/paper/SRF-Description-Graves_2.0.pdf
# RECTANGULAR fault MODEL
#
# All subfaults are  16.0 km long along strike and
#   9.3 km wide along dip
#
# Model length along strike is  208.0 km
#
# Model width along dip is   46.5 km
#
# Corners of the rectangular dislocation model (lat, lon):
#      2.025   126.704 : corner 1
#      0.229   126.189 : corner 2
#      0.297   125.953 : corner 3
#      2.093   126.468 : corner 4
#
#
# Number of elementary sliprate
# isoceles triangular functions
# per subfault:   4
#
# Half duration of elementary sliprate
# isoceles triangular functions (s):   3.89
# Triangles are overlapping each other by half
#
# slip rate unit: cm/s
#
#
# Seismic moment is converted into slip
# using a single constant value for the
# shear modulus mu of  0.250E+12 dyne/cm2
# assumed to be constant and characteristic
# of the fault shear zone
#
#
#
# "rake" (degrees) is the slip angle (Aki"s convention,
# e.g. rake=+45 means left-lateral-reverse movement.
#
#
# ************************************************
# Total seismic moment M0=  0.113E+28 dyne.cm
# ************************************************
#
#
PLANE 1
 126.44650     1.12700   13    5   208.000    46.500
196.00  54.00     0.266     0.000    32.549
POINTS   65
 126.28100     1.17450    26.600  196.00  54.00  0.1488E+13    0.00   3.89  -1  -1   100.44   377  4   0.0  0   0.0  0
      95.9         0.2         0.2         0.8
 126.43193     1.87891    34.124  196.00  54.00  0.1488E+13   23.01   3.89  -1  -1    42.00     0  4   0.0  0   0.0  0
       0.0         0.0         0.0         0.0
 126.39230     1.74074    34.124  196.00  54.00  0.1488E+13   18.48   3.89  -1  -1    42.00     0  4   0.0  0   0.0  0
       0.0         0.0         0.0         0.0
 126.35267     1.60256    34.124  196.00  54.00  0.1488E+13   13.97   3.89  -1  -1    42.00     0  4   0.0  0   0.0  0
       0.0         0.0         0.0         0.0
 126.31304     1.46439    34.124  196.00  54.00  0.1488E+13   25.20   3.89  -1  -1    67.10    88  4   0.0  0   0.0  0
      10.8         0.2         0.7        11.0
 126.27341     1.32621    34.124  196.00  54.00  0.1488E+13    6.66   3.89  -1  -1    68.37   439  4   0.0  0   0.0  0
      66.2        41.3         5.3         0.1
 126.23378     1.18804    34.124  196.00  54.00  0.1488E+13    2.79   3.89  -1  -1   104.70   384  4   0.0  0   0.0  0
      73.5        15.0        10.0         0.2
 126.19415     1.04986    34.124  196.00  54.00  0.1488E+13    7.92   3.89  -1  -1    97.09   260  4   0.0  0   0.0  0
      50.4         2.5        13.8         0.1
 126.15452     0.91169    34.124  196.00  54.00  0.1488E+13    9.52   3.89  -1  -1    42.00     0  4   0.0  0   0.0  0
       0.0         0.0         0.0         0.0
 126.11489     0.77351    34.124  196.00  54.00  0.1488E+13   13.97   3.89  -1  -1    42.00     0  4   0.0  0   0.0  0
       0.0         0.0         0.0         0.0
 126.07526     0.63534    34.124  196.00  54.00  0.1488E+13   18.48   3.89  -1  -1    42.00     0  4   0.0  0   0.0  0
       0.0         0.0         0.0         0.0
 126.03564     0.49716    34.124  196.00  54.00  0.1488E+13   23.01   3.89  -1  -1    42.00     0  4   0.0  0   0.0  0
       0.0         0.0         0.0         0.0
 125.99600     0.35898    34.124  196.00  54.00  0.1488E+13   25.64   3.89  -1  -1    42.00     0  4   0.0  0   0.0  0
       0.0         0.0         0.0         0.0
 126.51878     2.00355    26.600  196.00  54.00  0.1488E+13   25.64   3.89  -1  -1    42.00     0  4   0.0  0   0.0  0
       0.0         0.0         0.0         0.0
 126.47915     1.86538    26.600  196.00  54.00  0.1488E+13   22.86   3.89  -1  -1    42.00     0  4   0.0  0   0.0  0
       0.0         0.0         0.0         0.0
 126.43951     1.72720    26.600  196.00  54.00  0.1488E+13   18.29   3.89  -1  -1    42.00     0  4   0.0  0   0.0  0
       0.0         0.0         0.0         0.0
 126.39989     1.58903    26.600  196.00  54.00  0.1488E+13   13.71   3.89  -1  -1    42.00     0  4   0.0  0   0.0  0
       0.0         0.0         0.0         0.0
 126.36026     1.45085    26.600  196.00  54.00  0.1488E+13    9.20   3.89  -1  -1    88.90    64  4   0.0  0   0.0  0
       0.2         8.4         4.2         3.8
 126.32063     1.31268    26.600  196.00  54.00  0.1488E+13    9.19   3.89  -1  -1    97.69   183  4   0.0  0   0.0  0
      20.7        16.0         9.0         1.2
 126.47156     2.01709    34.124  196.00  54.00  0.1488E+13   25.64   3.89  -1  -1    42.00     0  4   0.0  0   0.0  0
       0.0         0.0         0.0         0.0
 126.24137     1.03632    26.600  196.00  54.00  0.1488E+13    6.47   3.89  -1  -1   131.92   200  4   0.0  0   0.0  0
      11.4        10.0        10.9        19.2
 126.20174     0.89815    26.600  196.00  54.00  0.1488E+13    9.14   3.89  -1  -1    42.00     0  4   0.0  0   0.0  0
       0.0         0.0         0.0         0.0
 126.16211     0.75997    26.600  196.00  54.00  0.1488E+13   13.71   3.89  -1  -1    42.00     0  4   0.0  0   0.0  0
       0.0         0.0         0.0         0.0
 126.12248     0.62180    26.600  196.00  54.00  0.1488E+13   18.29   3.89  -1  -1    42.00     0  4   0.0  0   0.0  0
       0.0         0.0         0.0         0.0
 126.08285     0.48362    26.600  196.00  54.00  0.1488E+13   22.86   3.89  -1  -1    42.00     0  4   0.0  0   0.0  0
       0.0         0.0         0.0         0.0
 126.04322     0.34545    26.600  196.00  54.00  0.1488E+13   25.64   3.89  -1  -1    42.00     0  4   0.0  0   0.0  0
       0.0         0.0         0.0         0.0
 126.56599     1.99002    19.076  196.00  54.00  0.1488E+13   25.64   3.89  -1  -1    42.00     0  4   0.0  0   0.0  0
       0.0         0.0         0.0         0.0
 126.52636     1.85184    19.076  196.00  54.00  0.1488E+13   23.01   3.89  -1  -1    42.00     0  4   0.0  0   0.0  0
       0.0         0.0         0.0         0.0
 126.48673     1.71366    19.076  196.00  54.00  0.1488E+13   18.48   3.89  -1  -1    42.00     0  4   0.0  0   0.0  0
       0.0         0.0         0.0         0.0
 126.44711     1.57549    19.076  196.00  54.00  0.1488E+13   13.97   3.89  -1  -1    42.00     0  4   0.0  0   0.0  0
       0.0         0.0         0.0         0.0
 126.40748     1.43731    19.076  196.00  54.00  0.1488E+13   23.87   3.89  -1  -1    92.99    24  4   0.0  0   0.0  0
       0.6         0.2         0.9         4.6
 126.36784     1.29914    19.076  196.00  54.00  0.1488E+13    7.55   3.89  -1  -1   100.82    57  4   0.0  0   0.0  0
      11.0         0.9         0.2         2.6
 126.32822     1.16096    19.076  196.00  54.00  0.1488E+13    8.94   3.89  -1  -1   126.89   111  4   0.0  0   0.0  0
       3.4        11.2        12.5         1.5
 126.28859     1.02279    19.076  196.00  54.00  0.1488E+13    6.63   3.89  -1  -1   119.78    53  4   0.0  0   0.0  0
       2.5         4.8         5.7         0.5
 126.24895     0.88461    19.076  196.00  54.00  0.1488E+13    9.52   3.89  -1  -1    42.00     0  4   0.0  0   0.0  0
       0.0         0.0         0.0         0.0
 126.20933     0.74644    19.076  196.00  54.00  0.1488E+13   13.97   3.89  -1  -1    42.00     0  4   0.0  0   0.0  0
       0.0         0.0         0.0         0.0
 126.16970     0.60826    19.076  196.00  54.00  0.1488E+13   18.48   3.89  -1  -1    42.00     0  4   0.0  0   0.0  0
       0.0         0.0         0.0         0.0
 126.13007     0.47009    19.076  196.00  54.00  0.1488E+13   23.01   3.89  -1  -1    42.00     0  4   0.0  0   0.0  0
       0.0         0.0         0.0         0.0
 126.09044     0.33191    19.076  196.00  54.00  0.1488E+13   25.64   3.89  -1  -1    42.00     0  4   0.0  0   0.0  0
       0.0         0.0         0.0         0.0
 126.61321     1.97648    11.552  196.00  54.00  0.1488E+13   25.64   3.89  -1  -1    42.00     0  4   0.0  0   0.0  0
       0.0         0.0         0.0         0.0
 126.57358     1.83830    11.552  196.00  54.00  0.1488E+13   23.47   3.89  -1  -1    42.00     0  4   0.0  0   0.0  0
       0.0         0.0         0.0         0.0
 126.53395     1.70013    11.552  196.00  54.00  0.1488E+13   19.04   3.89  -1  -1    42.00     0  4   0.0  0   0.0  0
       0.0         0.0         0.0         0.0
 126.49432     1.56195    11.552  196.00  54.00  0.1488E+13   14.71   3.89  -1  -1    42.00     0  4   0.0  0   0.0  0
       0.0         0.0         0.0         0.0
 126.45469     1.42378    11.552  196.00  54.00  0.1488E+13   19.78   3.89  -1  -1    93.20    38  4   0.0  0   0.0  0
       3.6         3.3         0.2         2.7
 126.41506     1.28560    11.552  196.00  54.00  0.1488E+13    9.61   3.89  -1  -1    69.50    75  4   0.0  0   0.0  0
      13.0         0.3         0.1         5.9
 126.37543     1.14743    11.552  196.00  54.00  0.1488E+13    9.95   3.89  -1  -1    75.59    38  4   0.0  0   0.0  0
       7.8         0.5         0.2         1.4
 126.33580     1.00925    11.552  196.00  54.00  0.1488E+13   10.53   3.89  -1  -1    97.15    37  4   0.0  0   0.0  0
       5.5         0.2         2.8         1.1
 126.29617     0.87108    11.552  196.00  54.00  0.1488E+13   10.57   3.89  -1  -1    42.00     0  4   0.0  0   0.0  0
       0.0         0.0         0.0         0.0
 126.25655     0.73290    11.552  196.00  54.00  0.1488E+13   14.71   3.89  -1  -1    42.00     0  4   0.0  0   0.0  0
       0.0         0.0         0.0         0.0
 126.21692     0.59473    11.552  196.00  54.00  0.1488E+13   19.04   3.89  -1  -1    42.00     0  4   0.0  0   0.0  0
       0.0         0.0         0.0         0.0
 126.17728     0.45655    11.552  196.00  54.00  0.1488E+13   23.47   3.89  -1  -1    42.00     0  4   0.0  0   0.0  0
       0.0         0.0         0.0         0.0
 126.13766     0.31838    11.552  196.00  54.00  0.1488E+13   25.64   3.89  -1  -1    42.00     0  4   0.0  0   0.0  0
       0.0         0.0         0.0         0.0
 126.66043     1.96294     4.028  196.00  54.00  0.1488E+13   25.64   3.89  -1  -1    42.00     0  4   0.0  0   0.0  0
       0.0         0.0         0.0         0.0
 126.62080     1.82477     4.028  196.00  54.00  0.1488E+13   24.21   3.89  -1  -1    42.00     0  4   0.0  0   0.0  0
       0.0         0.0         0.0         0.0
 126.58117     1.68659     4.028  196.00  54.00  0.1488E+13   19.95   3.89  -1  -1    42.00     0  4   0.0  0   0.0  0
       0.0         0.0         0.0         0.0
 126.54154     1.54842     4.028  196.00  54.00  0.1488E+13   15.86   3.89  -1  -1    42.00     0  4   0.0  0   0.0  0
       0.0         0.0         0.0         0.0
 126.50191     1.41024     4.028  196.00  54.00  0.1488E+13   22.44   3.89  -1  -1    82.69   382  4   0.0  0   0.0  0
      18.1        40.4        31.8         7.9
 126.46228     1.27207     4.028  196.00  54.00  0.1488E+13   23.77   3.89  -1  -1   104.41   114  4   0.0  0   0.0  0
       7.2         9.1         9.7         3.3
 126.42265     1.13389     4.028  196.00  54.00  0.1488E+13   18.55   3.89  -1  -1   118.97    43  4   0.0  0   0.0  0
       0.2         1.7         3.3         5.8
 126.38302     0.99571     4.028  196.00  54.00  0.1488E+13   25.08   3.89  -1  -1   110.36    72  4   0.0  0   0.0  0
       8.9         3.3         5.0         1.3
 126.34339     0.85754     4.028  196.00  54.00  0.1488E+13   12.13   3.89  -1  -1    42.00     0  4   0.0  0   0.0  0
       0.0         0.0         0.0         0.0
 126.30376     0.71936     4.028  196.00  54.00  0.1488E+13   15.86   3.89  -1  -1    42.00     0  4   0.0  0   0.0  0
       0.0         0.0         0.0         0.0
 126.26413     0.58119     4.028  196.00  54.00  0.1488E+13   19.95   3.89  -1  -1    42.00     0  4   0.0  0   0.0  0
       0.0         0.0         0.0         0.0
 126.22450     0.44301     4.028  196.00  54.00  0.1488E+13   24.21   3.89  -1  -1    42.00     0  4   0.0  0   0.0  0
       0.0         0.0         0.0         0.0
 126.18488     0.30484     4.028  196.00  54.00  0.1488E+13   25.64   3.89  -1  -1    42.00     0  4   0.0  0   0.0  0
       0.0         0.0         0.0         0.0
