2.0
#
# http://equake-rc.info/static/paper/SRF-Description-Graves_2.0.pdf
# RECTANGULAR fault MODEL
#
# All subfaults are   9.0 km long along strike and
#   8.9 km wide along dip
#
# Model length along strike is   99.0 km
#
# Model width along dip is   44.5 km
#
# Corners of the rectangular dislocation model (lat, lon):
#     37.083     3.017 : corner 1
#     37.314     4.094 : corner 2
#     36.979     4.206 : corner 3
#     36.748     3.129 : corner 4
#
#
# Number of elementary sliprate
# isoceles triangular functions
# per subfault:   4
#
# Half duration of elementary sliprate
# isoceles triangular functions (s):   2.45
# Triangles are overlapping each other by half
#
# slip rate unit: cm/s
#
#
# Seismic moment is converted into slip
# using a single constant value for the
# shear modulus mu of  0.250E+12 dyne/cm2
# assumed to be constant and characteristic
# of the fault shear zone
#
#
#
# "rake" (degrees) is the slip angle (Aki"s convention,
# e.g. rake=+45 means left-lateral-reverse movement.
#
#
# ************************************************
# Total seismic moment M0=  0.192E+27 dyne.cm
# ************************************************
#
#
PLANE 1
   3.55550    37.19850   11    5    99.000    44.500
 75.00  30.00     0.025     0.000    31.153
POINTS   55
   3.63400    36.96400    15.600   75.00  30.00  0.8010E+12    0.00   2.45  -1  -1   118.32    77  4   0.0  0   0.0  0
       4.6        26.8         0.1         0.1
   3.26470    36.81310    20.050   75.00  30.00  0.8010E+12   10.60   2.45  -1  -1    53.00     0  4   0.0  0   0.0  0
       0.0         0.0         0.0         0.0
   3.36265    36.83407    20.050   75.00  30.00  0.8010E+12    8.24   2.45  -1  -1    84.88    11  4   0.0  0   0.0  0
       4.2         0.2         0.1         0.1
   3.46059    36.85504    20.050   75.00  30.00  0.8010E+12    6.19   2.45  -1  -1    77.41    34  4   0.0  0   0.0  0
       9.4         4.3         0.1         0.1
   3.55853    36.87601    20.050   75.00  30.00  0.8010E+12    6.20   2.45  -1  -1    70.27     6  4   0.0  0   0.0  0
       0.7         1.1         0.4         0.2
   3.65648    36.89698    20.050   75.00  30.00  0.8010E+12    2.78   2.45  -1  -1   100.37   131  4   0.0  0   0.0  0
      52.8         0.1         0.3         0.2
   3.75442    36.91795    20.050   75.00  30.00  0.8010E+12    4.49   2.45  -1  -1   113.43     2  4   0.0  0   0.0  0
       0.2         0.1         0.2         0.1
   3.85236    36.93892    20.050   75.00  30.00  0.8010E+12    6.55   2.45  -1  -1   113.21     1  4   0.0  0   0.0  0
       0.1         0.1         0.1         0.1
   3.95030    36.95989    20.050   75.00  30.00  0.8010E+12    9.76   2.45  -1  -1   116.40     1  4   0.0  0   0.0  0
       0.1         0.1         0.1         0.1
   4.04825    36.98086    20.050   75.00  30.00  0.8010E+12   10.60   2.45  -1  -1    53.00     0  4   0.0  0   0.0  0
       0.0         0.0         0.0         0.0
   4.14619    37.00183    20.050   75.00  30.00  0.8010E+12   13.11   2.45  -1  -1    53.00     0  4   0.0  0   0.0  0
       0.0         0.0         0.0         0.0
   3.14429    36.85915    15.600   75.00  30.00  0.8010E+12   12.86   2.45  -1  -1    53.00     0  4   0.0  0   0.0  0
       0.0         0.0         0.0         0.0
   3.24223    36.88012    15.600   75.00  30.00  0.8010E+12   10.29   2.45  -1  -1    53.00     0  4   0.0  0   0.0  0
       0.0         0.0         0.0         0.0
   3.34017    36.90109    15.600   75.00  30.00  0.8010E+12    8.79   2.45  -1  -1    87.93     1  4   0.0  0   0.0  0
       0.1         0.2         0.2         0.1
   3.43811    36.92206    15.600   75.00  30.00  0.8010E+12    6.92   2.45  -1  -1    93.62     1  4   0.0  0   0.0  0
       0.1         0.1         0.2         0.1
   3.53606    36.94303    15.600   75.00  30.00  0.8010E+12    6.85   2.45  -1  -1    88.36     2  4   0.0  0   0.0  0
       0.1         0.3         0.4         0.1
   3.16676    36.79214    20.050   75.00  30.00  0.8010E+12   13.11   2.45  -1  -1    53.00     0  4   0.0  0   0.0  0
       0.0         0.0         0.0         0.0
   3.73194    36.98497    15.600   75.00  30.00  0.8010E+12    2.80   2.45  -1  -1   120.00    61  4   0.0  0   0.0  0
      24.1         0.1         0.3         0.4
   3.82989    37.00594    15.600   75.00  30.00  0.8010E+12    7.18   2.45  -1  -1   136.90     3  4   0.0  0   0.0  0
       0.1         0.2         0.6         0.4
   3.92783    37.02691    15.600   75.00  30.00  0.8010E+12   10.49   2.45  -1  -1   135.59     1  4   0.0  0   0.0  0
       0.1         0.1         0.2         0.1
   4.02577    37.04788    15.600   75.00  30.00  0.8010E+12   10.29   2.45  -1  -1    53.00     0  4   0.0  0   0.0  0
       0.0         0.0         0.0         0.0
   4.12371    37.06885    15.600   75.00  30.00  0.8010E+12   12.86   2.45  -1  -1    53.00     0  4   0.0  0   0.0  0
       0.0         0.0         0.0         0.0
   3.12181    36.92617    11.150   75.00  30.00  0.8010E+12   13.11   2.45  -1  -1    53.00     0  4   0.0  0   0.0  0
       0.0         0.0         0.0         0.0
   3.21975    36.94714    11.150   75.00  30.00  0.8010E+12   10.60   2.45  -1  -1    53.00     0  4   0.0  0   0.0  0
       0.0         0.0         0.0         0.0
   3.31770    36.96811    11.150   75.00  30.00  0.8010E+12   13.27   2.45  -1  -1    78.68     1  4   0.0  0   0.0  0
       0.1         0.2         0.1         0.1
   3.41564    36.98908    11.150   75.00  30.00  0.8010E+12   11.84   2.45  -1  -1    84.00     2  4   0.0  0   0.0  0
       0.2         0.1         0.2         0.2
   3.51358    37.01005    11.150   75.00  30.00  0.8010E+12    9.97   2.45  -1  -1    93.53     3  4   0.0  0   0.0  0
       0.2         0.4         0.5         0.2
   3.61152    37.03102    11.150   75.00  30.00  0.8010E+12    7.03   2.45  -1  -1   122.26     5  4   0.0  0   0.0  0
       0.2         0.1         0.9         0.7
   3.70947    37.05199    11.150   75.00  30.00  0.8010E+12    9.48   2.45  -1  -1   121.58    17  4   0.0  0   0.0  0
       0.1         2.1         2.5         2.1
   3.80741    37.07296    11.150   75.00  30.00  0.8010E+12   10.50   2.45  -1  -1   130.51    19  4   0.0  0   0.0  0
       0.1         1.3         3.4         2.8
   3.90535    37.09393    11.150   75.00  30.00  0.8010E+12   12.94   2.45  -1  -1   131.29     6  4   0.0  0   0.0  0
       0.1         1.5         0.4         0.3
   4.00330    37.11490    11.150   75.00  30.00  0.8010E+12   10.60   2.45  -1  -1    53.00     0  4   0.0  0   0.0  0
       0.0         0.0         0.0         0.0
   4.10124    37.13586    11.150   75.00  30.00  0.8010E+12   13.11   2.45  -1  -1    53.00     0  4   0.0  0   0.0  0
       0.0         0.0         0.0         0.0
   3.09934    36.99319     6.700   75.00  30.00  0.8010E+12   13.59   2.45  -1  -1    53.00     0  4   0.0  0   0.0  0
       0.0         0.0         0.0         0.0
   3.19728    37.01416     6.700   75.00  30.00  0.8010E+12   11.47   2.45  -1  -1    53.00     0  4   0.0  0   0.0  0
       0.0         0.0         0.0         0.0
   3.29522    37.03513     6.700   75.00  30.00  0.8010E+12   13.56   2.45  -1  -1    87.33    13  4   0.0  0   0.0  0
       0.1         0.1         0.2         4.8
   3.39316    37.05610     6.700   75.00  30.00  0.8010E+12   13.52   2.45  -1  -1    88.98     8  4   0.0  0   0.0  0
       0.3         0.3         0.1         2.6
   3.49111    37.07707     6.700   75.00  30.00  0.8010E+12   11.23   2.45  -1  -1   104.25     3  4   0.0  0   0.0  0
       0.1         0.5         0.2         0.3
   3.58905    37.09804     6.700   75.00  30.00  0.8010E+12   12.64   2.45  -1  -1   119.84     3  4   0.0  0   0.0  0
       0.1         0.4         0.2         0.2
   3.68699    37.11901     6.700   75.00  30.00  0.8010E+12   12.73   2.45  -1  -1   116.51    11  4   0.0  0   0.0  0
       0.1         0.8         2.6         1.0
   3.78494    37.13998     6.700   75.00  30.00  0.8010E+12   13.12   2.45  -1  -1   117.60    17  4   0.0  0   0.0  0
       0.1         0.1         2.6         4.0
   3.88288    37.16095     6.700   75.00  30.00  0.8010E+12   13.03   2.45  -1  -1   137.10    17  4   0.0  0   0.0  0
       0.1         0.2         3.9         2.7
   3.98082    37.18192     6.700   75.00  30.00  0.8010E+12   11.47   2.45  -1  -1    53.00     0  4   0.0  0   0.0  0
       0.0         0.0         0.0         0.0
   4.07876    37.20288     6.700   75.00  30.00  0.8010E+12   13.59   2.45  -1  -1    53.00     0  4   0.0  0   0.0  0
       0.0         0.0         0.0         0.0
   3.07686    37.06021     2.250   75.00  30.00  0.8010E+12   13.59   2.45  -1  -1    53.00     0  4   0.0  0   0.0  0
       0.0         0.0         0.0         0.0
   3.17480    37.08118     2.250   75.00  30.00  0.8010E+12   12.81   2.45  -1  -1    53.00     0  4   0.0  0   0.0  0
       0.0         0.0         0.0         0.0
   3.27275    37.10215     2.250   75.00  30.00  0.8010E+12   13.51   2.45  -1  -1    71.39   119  4   0.0  0   0.0  0
       3.8         0.3         0.6        43.8
   3.37069    37.12312     2.250   75.00  30.00  0.8010E+12   12.06   2.45  -1  -1    93.90   107  4   0.0  0   0.0  0
      22.5         6.1         0.4        14.8
   3.46863    37.14409     2.250   75.00  30.00  0.8010E+12   11.95   2.45  -1  -1   109.39   104  4   0.0  0   0.0  0
      23.6        16.3         1.9         0.7
   3.56657    37.16506     2.250   75.00  30.00  0.8010E+12   13.54   2.45  -1  -1    91.44    84  4   0.0  0   0.0  0
       6.3         2.8         0.6        24.4
   3.66452    37.18603     2.250   75.00  30.00  0.8010E+12   13.54   2.45  -1  -1   110.90    54  4   0.0  0   0.0  0
       3.6         2.7         2.0        13.6
   3.76246    37.20700     2.250   75.00  30.00  0.8010E+12    9.73   2.45  -1  -1   132.62    22  4   0.0  0   0.0  0
       0.3         1.4         1.5         5.6
   3.86040    37.22797     2.250   75.00  30.00  0.8010E+12   11.30   2.45  -1  -1   141.81    16  4   0.0  0   0.0  0
       0.1         0.9         2.9         2.6
   3.95835    37.24894     2.250   75.00  30.00  0.8010E+12   12.81   2.45  -1  -1    53.00     0  4   0.0  0   0.0  0
       0.0         0.0         0.0         0.0
   4.05629    37.26991     2.250   75.00  30.00  0.8010E+12   13.59   2.45  -1  -1    53.00     0  4   0.0  0   0.0  0
       0.0         0.0         0.0         0.0
