2.0
#
# http://equake-rc.info/static/paper/SRF-Description-Graves_2.0.pdf
# RECTANGULAR fault MODEL
#
# All subfaults are   9.0 km long along strike and
#   9.1 km wide along dip
#
# Model length along strike is   99.0 km
#
# Model width along dip is   45.5 km
#
# Corners of the rectangular dislocation model (lat, lon):
#     37.091     4.174 : corner 1
#     36.726     3.157 : corner 2
#     36.911     3.053 : corner 3
#     37.276     4.070 : corner 4
#
#
# Number of elementary sliprate
# isoceles triangular functions
# per subfault:   4
#
# Half duration of elementary sliprate
# isoceles triangular functions (s):   2.45
# Triangles are overlapping each other by half
#
# slip rate unit: cm/s
#
#
# Seismic moment is converted into slip
# using a single constant value for the
# shear modulus mu of  0.250E+12 dyne/cm2
# assumed to be constant and characteristic
# of the fault shear zone
#
#
#
# "rake" (degrees) is the slip angle (Aki"s convention,
# e.g. rake=+45 means left-lateral-reverse movement.
#
#
# ************************************************
# Total seismic moment M0=  0.192E+27 dyne.cm
# ************************************************
#
#
PLANE 1
   3.66550    36.90850   11    5    99.000    45.500
245.78  60.32     0.141     0.000    13.651
POINTS   55
   3.63400    36.96400    12.000  245.78  60.32  0.8190E+12    0.00   2.45  -1  -1    75.87     1  4   0.0  0   0.0  0
       0.1         0.2         0.1         0.1
   3.94143    37.20791    35.719  245.78  60.32  0.8190E+12   12.91   2.45  -1  -1    40.41     0  4   0.0  0   0.0  0
       0.0         0.0         0.0         0.0
   3.84895    37.17467    35.719  245.78  60.32  0.8190E+12   13.33   2.45  -1  -1    41.88     1  4   0.0  0   0.0  0
       0.1         0.1         0.1         0.1
   3.75648    37.14144    35.719  245.78  60.32  0.8190E+12   10.19   2.45  -1  -1    58.60     1  4   0.0  0   0.0  0
       0.1         0.1         0.1         0.1
   3.66400    37.10821    35.719  245.78  60.32  0.8190E+12   12.10   2.45  -1  -1   109.22     1  4   0.0  0   0.0  0
       0.1         0.1         0.1         0.1
   3.57153    37.07497    35.719  245.78  60.32  0.8190E+12   10.64   2.45  -1  -1   127.74     1  4   0.0  0   0.0  0
       0.1         0.1         0.1         0.1
   3.47906    37.04174    35.719  245.78  60.32  0.8190E+12   11.91   2.45  -1  -1   122.94     4  4   0.0  0   0.0  0
       1.5         0.1         0.1         0.1
   3.38658    37.00851    35.719  245.78  60.32  0.8190E+12    9.96   2.45  -1  -1   106.27     1  4   0.0  0   0.0  0
       0.1         0.1         0.1         0.1
   3.29411    36.97527    35.719  245.78  60.32  0.8190E+12   11.21   2.45  -1  -1   109.11     1  4   0.0  0   0.0  0
       0.1         0.1         0.1         0.1
   3.20163    36.94204    35.719  245.78  60.32  0.8190E+12   13.21   2.45  -1  -1    78.53     1  4   0.0  0   0.0  0
       0.1         0.1         0.1         0.1
   3.10916    36.90880    35.719  245.78  60.32  0.8190E+12   13.59   2.45  -1  -1    40.41     0  4   0.0  0   0.0  0
       0.0         0.0         0.0         0.0
   4.05472    37.20415    27.812  245.78  60.32  0.8190E+12   13.59   2.45  -1  -1    40.41     0  4   0.0  0   0.0  0
       0.0         0.0         0.0         0.0
   3.96225    37.17092    27.812  245.78  60.32  0.8190E+12   11.52   2.45  -1  -1    40.41     0  4   0.0  0   0.0  0
       0.0         0.0         0.0         0.0
   3.86978    37.13768    27.812  245.78  60.32  0.8190E+12   12.81   2.45  -1  -1    42.20     1  4   0.0  0   0.0  0
       0.1         0.1         0.1         0.1
   3.77730    37.10445    27.812  245.78  60.32  0.8190E+12   12.60   2.45  -1  -1    59.95     1  4   0.0  0   0.0  0
       0.1         0.1         0.1         0.2
   3.68483    37.07122    27.812  245.78  60.32  0.8190E+12    5.91   2.45  -1  -1    94.72    32  4   0.0  0   0.0  0
      12.8         0.1         0.1         0.1
   3.59235    37.03798    27.812  245.78  60.32  0.8190E+12    5.36   2.45  -1  -1   110.49   116  4   0.0  0   0.0  0
      46.8         0.1         0.1         0.2
   3.49988    37.00475    27.812  245.78  60.32  0.8190E+12    5.85   2.45  -1  -1    91.76    80  4   0.0  0   0.0  0
      32.2         0.1         0.1         0.1
   3.40741    36.97152    27.812  245.78  60.32  0.8190E+12    7.39   2.45  -1  -1   102.55     5  4   0.0  0   0.0  0
       1.8         0.1         0.1         0.1
   3.31493    36.93828    27.812  245.78  60.32  0.8190E+12    9.42   2.45  -1  -1   112.87     1  4   0.0  0   0.0  0
       0.2         0.1         0.1         0.1
   3.22246    36.90504    27.812  245.78  60.32  0.8190E+12   11.71   2.45  -1  -1   106.29     1  4   0.0  0   0.0  0
       0.1         0.1         0.1         0.1
   3.12998    36.87181    27.812  245.78  60.32  0.8190E+12   13.59   2.45  -1  -1    40.41     0  4   0.0  0   0.0  0
       0.0         0.0         0.0         0.0
   4.07555    37.16716    19.906  245.78  60.32  0.8190E+12   13.12   2.45  -1  -1    40.41     0  4   0.0  0   0.0  0
       0.0         0.0         0.0         0.0
   3.98307    37.13393    19.906  245.78  60.32  0.8190E+12   10.61   2.45  -1  -1    40.41     0  4   0.0  0   0.0  0
       0.0         0.0         0.0         0.0
   3.89060    37.10069    19.906  245.78  60.32  0.8190E+12   13.19   2.45  -1  -1    74.36     1  4   0.0  0   0.0  0
       0.1         0.1         0.1         0.2
   3.79812    37.06746    19.906  245.78  60.32  0.8190E+12   12.43   2.45  -1  -1   104.81     1  4   0.0  0   0.0  0
       0.1         0.1         0.1         0.2
   3.70565    37.03423    19.906  245.78  60.32  0.8190E+12    9.80   2.45  -1  -1    81.41     1  4   0.0  0   0.0  0
       0.1         0.2         0.1         0.1
   3.61318    37.00099    19.906  245.78  60.32  0.8190E+12    2.76   2.45  -1  -1   113.36   126  4   0.0  0   0.0  0
      50.9         0.1         0.1         0.1
   3.52070    36.96776    19.906  245.78  60.32  0.8190E+12    6.52   2.45  -1  -1    82.41     2  4   0.0  0   0.0  0
       0.1         0.1         0.3         0.2
   3.42823    36.93452    19.906  245.78  60.32  0.8190E+12    6.03   2.45  -1  -1   101.13     3  4   0.0  0   0.0  0
       0.4         0.6         0.2         0.1
   3.33575    36.90129    19.906  245.78  60.32  0.8190E+12    8.50   2.45  -1  -1   116.52    16  4   0.0  0   0.0  0
       5.9         0.4         0.1         0.1
   3.24328    36.86806    19.906  245.78  60.32  0.8190E+12   10.88   2.45  -1  -1    89.15     1  4   0.0  0   0.0  0
       0.2         0.1         0.1         0.1
   3.15081    36.83482    19.906  245.78  60.32  0.8190E+12   13.12   2.45  -1  -1    40.41     0  4   0.0  0   0.0  0
       0.0         0.0         0.0         0.0
   4.09637    37.13017    12.000  245.78  60.32  0.8190E+12   12.86   2.45  -1  -1    40.41     0  4   0.0  0   0.0  0
       0.0         0.0         0.0         0.0
   4.00390    37.09694    12.000  245.78  60.32  0.8190E+12   10.29   2.45  -1  -1    40.41     0  4   0.0  0   0.0  0
       0.0         0.0         0.0         0.0
   3.91142    37.06370    12.000  245.78  60.32  0.8190E+12   12.62   2.45  -1  -1   114.36     5  4   0.0  0   0.0  0
       0.2         1.1         0.7         0.3
   3.81895    37.03047    12.000  245.78  60.32  0.8190E+12   12.67   2.45  -1  -1   111.33     7  4   0.0  0   0.0  0
       0.2         1.2         1.3         0.2
   3.72647    36.99723    12.000  245.78  60.32  0.8190E+12    7.17   2.45  -1  -1   104.53    17  4   0.0  0   0.0  0
       0.1         0.1         4.7         2.1
   4.03390    37.24114    35.719  245.78  60.32  0.8190E+12   13.59   2.45  -1  -1    40.41     0  4   0.0  0   0.0  0
       0.0         0.0         0.0         0.0
   3.54153    36.93077    12.000  245.78  60.32  0.8190E+12    4.12   2.45  -1  -1   107.30    27  4   0.0  0   0.0  0
       0.2         0.8         7.6         2.2
   3.44905    36.89753    12.000  245.78  60.32  0.8190E+12    6.32   2.45  -1  -1    93.15    54  4   0.0  0   0.0  0
      10.6        10.9         0.5         0.1
   3.35658    36.86430    12.000  245.78  60.32  0.8190E+12    8.01   2.45  -1  -1    96.41    32  4   0.0  0   0.0  0
      12.2         0.5         0.2         0.1
   3.26410    36.83107    12.000  245.78  60.32  0.8190E+12   11.60   2.45  -1  -1    61.36     1  4   0.0  0   0.0  0
       0.1         0.1         0.1         0.1
   3.17163    36.79783    12.000  245.78  60.32  0.8190E+12   12.86   2.45  -1  -1    40.41     0  4   0.0  0   0.0  0
       0.0         0.0         0.0         0.0
   4.11719    37.09318     4.094  245.78  60.32  0.8190E+12   13.12   2.45  -1  -1    40.41     0  4   0.0  0   0.0  0
       0.0         0.0         0.0         0.0
   4.02472    37.05994     4.094  245.78  60.32  0.8190E+12   10.61   2.45  -1  -1    40.41     0  4   0.0  0   0.0  0
       0.0         0.0         0.0         0.0
   3.93225    37.02671     4.094  245.78  60.32  0.8190E+12   12.48   2.45  -1  -1   109.69    35  4   0.0  0   0.0  0
       2.0         8.3         2.0         2.2
   3.83977    36.99348     4.094  245.78  60.32  0.8190E+12   12.24   2.45  -1  -1   110.62    63  4   0.0  0   0.0  0
      15.6         7.0         2.9         0.3
   3.74730    36.96024     4.094  245.78  60.32  0.8190E+12   12.62   2.45  -1  -1    74.53    41  4   0.0  0   0.0  0
       0.1         3.9         2.7        10.2
   3.65482    36.92701     4.094  245.78  60.32  0.8190E+12    3.84   2.45  -1  -1   108.81    37  4   0.0  0   0.0  0
       0.5         5.4         5.5         3.8
   3.56235    36.89378     4.094  245.78  60.32  0.8190E+12    8.66   2.45  -1  -1    71.80    54  4   0.0  0   0.0  0
       5.2         6.5         2.8         7.7
   3.46988    36.86054     4.094  245.78  60.32  0.8190E+12   13.06   2.45  -1  -1    61.17    52  4   0.0  0   0.0  0
       4.1         5.1         6.9         5.2
   3.37740    36.82731     4.094  245.78  60.32  0.8190E+12   10.33   2.45  -1  -1    57.54    62  4   0.0  0   0.0  0
       7.3         8.1         7.6         2.1
   3.28493    36.79408     4.094  245.78  60.32  0.8190E+12   12.59   2.45  -1  -1    51.77    49  4   0.0  0   0.0  0
       6.7         8.1         5.0         0.2
   3.19245    36.76084     4.094  245.78  60.32  0.8190E+12   13.12   2.45  -1  -1    40.41     0  4   0.0  0   0.0  0
       0.0         0.0         0.0         0.0
