2.0
#
# http://equake-rc.info/static/paper/SRF-Description-Graves_2.0.pdf
# RECTANGULAR fault MODEL
#
# All subfaults are   8.0 km long along strike and
#   3.6 km wide along dip
#
# Model length along strike is   72.0 km
#
# Model width along dip is   18.0 km
#
# Corners of the rectangular dislocation model (lat, lon):
#      4.785   -72.967 : corner 1
#      4.207   -73.257 : corner 2
#      4.229   -73.303 : corner 3
#      4.808   -73.013 : corner 4
#
#
# Number of elementary sliprate
# isoceles triangular functions
# per subfault:   4
#
# Half duration of elementary sliprate
# isoceles triangular functions (s):   1.91
# Triangles are overlapping each other by half
#
# slip rate unit: cm/s
#
#
# Seismic moment is converted into slip
# using a single constant value for the
# shear modulus mu of  0.250E+12 dyne/cm2
# assumed to be constant and characteristic
# of the fault shear zone
#
#
#
# "rake" (degrees) is the slip angle (Aki"s convention,
# e.g. rake=+45 means left-lateral-reverse movement.
#
#
# ************************************************
# Total seismic moment M0=  0.939E+26 dyne.cm
# ************************************************
#
#
PLANE 1
 -73.11200     4.49600    9    5    72.000    18.000
206.53  71.54     0.049     0.000    12.599
POINTS   45
 -73.14400     4.51200    12.000  206.53  71.54  0.2880E+12    0.00   1.91  -1  -1    85.04    71  4   0.0  0   0.0  0
      37.0         0.1         0.1         0.1
 -73.05658     4.70953    15.415  206.53  71.54  0.2880E+12    6.93   1.91  -1  -1    37.17     0  4   0.0  0   0.0  0
       0.0         0.0         0.0         0.0
 -73.08878     4.64521    15.415  206.53  71.54  0.2880E+12    4.69   1.91  -1  -1    37.17     0  4   0.0  0   0.0  0
       0.0         0.0         0.0         0.0
 -73.12099     4.58089    15.415  206.53  71.54  0.2880E+12    4.84   1.91  -1  -1    95.59    16  4   0.0  0   0.0  0
       4.3         0.1         1.6         2.3
 -73.15319     4.51657    15.415  206.53  71.54  0.2880E+12    1.85   1.91  -1  -1    77.03    27  4   0.0  0   0.0  0
       6.3         6.7         1.0         0.1
 -73.18539     4.45226    15.415  206.53  71.54  0.2880E+12    2.58   1.91  -1  -1    94.18    73  4   0.0  0   0.0  0
      37.9         0.1         0.1         0.3
 -73.21760     4.38794    15.415  206.53  71.54  0.2880E+12    6.47   1.91  -1  -1    38.01    22  4   0.0  0   0.0  0
       7.1         4.3         0.1         0.1
 -73.24980     4.32362    15.415  206.53  71.54  0.2880E+12    8.15   1.91  -1  -1    72.27    58  4   0.0  0   0.0  0
      28.5         0.9         1.1         0.1
 -73.28201     4.25930    15.415  206.53  71.54  0.2880E+12    9.79   1.91  -1  -1    72.76     1  4   0.0  0   0.0  0
       0.1         0.1         0.1         0.1
 -73.01518     4.76928    12.000  206.53  71.54  0.2880E+12    9.14   1.91  -1  -1    37.17     0  4   0.0  0   0.0  0
       0.0         0.0         0.0         0.0
 -73.04739     4.70496    12.000  206.53  71.54  0.2880E+12    6.86   1.91  -1  -1    37.17     0  4   0.0  0   0.0  0
       0.0         0.0         0.0         0.0
 -73.07959     4.64064    12.000  206.53  71.54  0.2880E+12    4.57   1.91  -1  -1    37.17     0  4   0.0  0   0.0  0
       0.0         0.0         0.0         0.0
 -73.11179     4.57632    12.000  206.53  71.54  0.2880E+12    7.33   1.91  -1  -1   119.15    16  4   0.0  0   0.0  0
       0.4         3.8         3.9         0.2
 -73.02438     4.77385    15.415  206.53  71.54  0.2880E+12    9.20   1.91  -1  -1    37.17     0  4   0.0  0   0.0  0
       0.0         0.0         0.0         0.0
 -73.17620     4.44768    12.000  206.53  71.54  0.2880E+12    2.31   1.91  -1  -1    78.50    85  4   0.0  0   0.0  0
      35.1         0.1         0.1         9.1
 -73.20840     4.38336    12.000  206.53  71.54  0.2880E+12    4.58   1.91  -1  -1    76.32    26  4   0.0  0   0.0  0
      10.2         3.2         0.1         0.1
 -73.24061     4.31904    12.000  206.53  71.54  0.2880E+12    8.33   1.91  -1  -1    55.42    91  4   0.0  0   0.0  0
      36.4        10.9         0.1         0.1
 -73.27281     4.25472    12.000  206.53  71.54  0.2880E+12    9.34   1.91  -1  -1    93.89     1  4   0.0  0   0.0  0
       0.5         0.1         0.1         0.1
 -73.00599     4.76470     8.585  206.53  71.54  0.2880E+12    9.20   1.91  -1  -1    37.17     0  4   0.0  0   0.0  0
       0.0         0.0         0.0         0.0
 -73.03819     4.70038     8.585  206.53  71.54  0.2880E+12    6.93   1.91  -1  -1    37.17     0  4   0.0  0   0.0  0
       0.0         0.0         0.0         0.0
 -73.07040     4.63606     8.585  206.53  71.54  0.2880E+12    4.69   1.91  -1  -1    37.17     0  4   0.0  0   0.0  0
       0.0         0.0         0.0         0.0
 -73.10260     4.57174     8.585  206.53  71.54  0.2880E+12    3.77   1.91  -1  -1    99.00    10  4   0.0  0   0.0  0
       0.5         1.4         0.1         3.0
 -73.13480     4.50743     8.585  206.53  71.54  0.2880E+12    1.85   1.91  -1  -1    81.66    45  4   0.0  0   0.0  0
      22.1         0.8         0.4         0.1
 -73.16701     4.44311     8.585  206.53  71.54  0.2880E+12    2.54   1.91  -1  -1    77.65    26  4   0.0  0   0.0  0
      13.0         0.1         0.1         0.6
 -73.19921     4.37879     8.585  206.53  71.54  0.2880E+12    7.49   1.91  -1  -1    70.56    42  4   0.0  0   0.0  0
       0.2         2.8         0.1        18.7
 -73.23141     4.31447     8.585  206.53  71.54  0.2880E+12    9.40   1.91  -1  -1   102.89    60  4   0.0  0   0.0  0
       8.6         0.2        15.5         7.0
 -73.26362     4.25015     8.585  206.53  71.54  0.2880E+12    9.38   1.91  -1  -1   111.96    44  4   0.0  0   0.0  0
      10.6         0.1         0.1        12.4
 -72.99680     4.76013     5.171  206.53  71.54  0.2880E+12    9.37   1.91  -1  -1    37.17     0  4   0.0  0   0.0  0
       0.0         0.0         0.0         0.0
 -73.02900     4.69581     5.171  206.53  71.54  0.2880E+12    7.16   1.91  -1  -1    37.17     0  4   0.0  0   0.0  0
       0.0         0.0         0.0         0.0
 -73.06120     4.63149     5.171  206.53  71.54  0.2880E+12    5.01   1.91  -1  -1    37.17     0  4   0.0  0   0.0  0
       0.0         0.0         0.0         0.0
 -73.09341     4.56717     5.171  206.53  71.54  0.2880E+12    5.61   1.91  -1  -1    68.91    25  4   0.0  0   0.0  0
       1.6         0.1         0.1        11.4
 -73.12561     4.50285     5.171  206.53  71.54  0.2880E+12    5.69   1.91  -1  -1    61.19    38  4   0.0  0   0.0  0
       0.1        15.7         4.3         0.1
 -73.15781     4.43853     5.171  206.53  71.54  0.2880E+12    9.94   1.91  -1  -1    66.73    28  4   0.0  0   0.0  0
       5.9         0.1         0.2         8.5
 -73.19002     4.37421     5.171  206.53  71.54  0.2880E+12    9.76   1.91  -1  -1    75.82    89  4   0.0  0   0.0  0
       0.1        14.2        21.4        10.8
 -73.22222     4.30989     5.171  206.53  71.54  0.2880E+12    9.41   1.91  -1  -1    95.72    65  4   0.0  0   0.0  0
       1.0         7.1        13.0        12.8
 -73.25443     4.24557     5.171  206.53  71.54  0.2880E+12    9.39   1.91  -1  -1    72.97    33  4   0.0  0   0.0  0
       0.1         0.1         0.1        17.1
 -72.98760     4.75555     1.756  206.53  71.54  0.2880E+12    9.65   1.91  -1  -1    37.17     0  4   0.0  0   0.0  0
       0.0         0.0         0.0         0.0
 -73.01981     4.69123     1.756  206.53  71.54  0.2880E+12    7.52   1.91  -1  -1    37.17     0  4   0.0  0   0.0  0
       0.0         0.0         0.0         0.0
 -73.05201     4.62691     1.756  206.53  71.54  0.2880E+12    5.52   1.91  -1  -1    37.17     0  4   0.0  0   0.0  0
       0.0         0.0         0.0         0.0
 -73.08421     4.56259     1.756  206.53  71.54  0.2880E+12    6.57   1.91  -1  -1    90.07    55  4   0.0  0   0.0  0
       8.0         0.1        13.1         7.8
 -73.11642     4.49828     1.756  206.53  71.54  0.2880E+12    9.38   1.91  -1  -1    80.42    43  4   0.0  0   0.0  0
       7.2         0.1         3.1        12.4
 -73.14862     4.43396     1.756  206.53  71.54  0.2880E+12    7.08   1.91  -1  -1    89.86    59  4   0.0  0   0.0  0
       0.1         0.1        27.1         3.7
 -73.18082     4.36964     1.756  206.53  71.54  0.2880E+12    7.64   1.91  -1  -1    64.62    78  4   0.0  0   0.0  0
       0.1         5.4        15.7        19.9
 -73.21303     4.30532     1.756  206.53  71.54  0.2880E+12    9.86   1.91  -1  -1   101.42    54  4   0.0  0   0.0  0
       0.1         0.1         0.1        28.1
 -73.24523     4.24100     1.756  206.53  71.54  0.2880E+12    9.86   1.91  -1  -1   105.06    23  4   0.0  0   0.0  0
       0.1         3.5         0.1         8.4
