2.0
#
# http://equake-rc.info/static/paper/SRF-Description-Graves_2.0.pdf
# RECTANGULAR fault MODEL
#
# All subfaults are   5.0 km long along strike and
#   3.4 km wide along dip
#
# Model length along strike is   45.0 km
#
# Model width along dip is   17.0 km
#
# Corners of the rectangular dislocation model (lat, lon):
#    -48.061   165.099 : corner 1
#    -48.276   165.611 : corner 2
#    -48.304   165.585 : corner 3
#    -48.089   165.073 : corner 4
#
#
# Number of elementary sliprate
# isoceles triangular functions
# per subfault:   4
#
# Half duration of elementary sliprate
# isoceles triangular functions (s):   1.55
# Triangles are overlapping each other by half
#
# slip rate unit: cm/s
#
#
# Seismic moment is converted into slip
# using a single constant value for the
# shear modulus mu of  0.250E+12 dyne/cm2
# assumed to be constant and characteristic
# of the fault shear zone
#
#
#
# "rake" (degrees) is the slip angle (Aki"s convention,
# e.g. rake=+45 means left-lateral-reverse movement.
#
#
# ************************************************
# Total seismic moment M0=  0.127E+26 dyne.cm
# ************************************************
#
#
PLANE 1
 165.35500   -48.16850    9    5    45.000    17.000
122.14  77.58     0.099     0.000     8.500
POINTS   45
 165.34200   -48.18260     8.400  122.14  77.58  0.1700E+12    0.00   1.55  -1  -1    20.62    29  4   0.0  0   0.0  0
       8.5         9.9         0.1         0.1
 165.16084   -48.12220    15.041  122.14  77.58  0.1700E+12    5.29   1.55  -1  -1     1.96     2  4   0.0  0   0.0  0
       1.1         0.1         0.1         0.1
 165.21774   -48.14603    15.041  122.14  77.58  0.1700E+12    3.72   1.55  -1  -1    -2.94     0  4   0.0  0   0.0  0
       0.1         0.1         0.1         0.1
 165.27464   -48.16986    15.041  122.14  77.58  0.1700E+12    2.45   1.55  -1  -1     6.82    21  4   0.0  0   0.0  0
      13.0         0.3         0.1         0.1
 165.33154   -48.19370    15.041  122.14  77.58  0.1700E+12    2.16   1.55  -1  -1     0.78    35  4   0.0  0   0.0  0
      21.6         0.7         0.1         0.1
 165.38843   -48.21753    15.041  122.14  77.58  0.1700E+12    2.42   1.55  -1  -1     7.63     3  4   0.0  0   0.0  0
       1.7         0.2         0.2         0.1
 165.44533   -48.24136    15.041  122.14  77.58  0.1700E+12    3.46   1.55  -1  -1   -62.42     0  4   0.0  0   0.0  0
       0.0         0.0         0.0         0.0
 165.50223   -48.26520    15.041  122.14  77.58  0.1700E+12    4.71   1.55  -1  -1   -62.42     0  4   0.0  0   0.0  0
       0.0         0.0         0.0         0.0
 165.55913   -48.28903    15.041  122.14  77.58  0.1700E+12    6.04   1.55  -1  -1   -62.42     0  4   0.0  0   0.0  0
       0.0         0.0         0.0         0.0
 165.10918   -48.09282    11.720  122.14  77.58  0.1700E+12    6.13   1.55  -1  -1   -18.98     1  4   0.0  0   0.0  0
       0.1         0.1         0.1         0.1
 165.16608   -48.11665    11.720  122.14  77.58  0.1700E+12    5.99   1.55  -1  -1   -15.08     1  4   0.0  0   0.0  0
       0.1         0.2         0.1         0.1
 165.22298   -48.14048    11.720  122.14  77.58  0.1700E+12    4.28   1.55  -1  -1    22.81     1  4   0.0  0   0.0  0
       0.2         0.1         0.2         0.3
 165.27988   -48.16431    11.720  122.14  77.58  0.1700E+12    5.54   1.55  -1  -1    24.93     3  4   0.0  0   0.0  0
       0.6         0.2         0.9         0.2
 165.33676   -48.18815    11.720  122.14  77.58  0.1700E+12    1.02   1.55  -1  -1    -8.72    27  4   0.0  0   0.0  0
      16.9         0.1         0.3         0.3
 165.39366   -48.21198    11.720  122.14  77.58  0.1700E+12    4.76   1.55  -1  -1     8.43    12  4   0.0  0   0.0  0
       6.3         0.1         0.1         1.0
 165.45056   -48.23581    11.720  122.14  77.58  0.1700E+12    3.02   1.55  -1  -1   -62.42     0  4   0.0  0   0.0  0
       0.0         0.0         0.0         0.0
 165.50746   -48.25965    11.720  122.14  77.58  0.1700E+12    4.39   1.55  -1  -1   -62.42     0  4   0.0  0   0.0  0
       0.0         0.0         0.0         0.0
 165.56435   -48.28348    11.720  122.14  77.58  0.1700E+12    5.80   1.55  -1  -1   -62.42     0  4   0.0  0   0.0  0
       0.0         0.0         0.0         0.0
 165.11441   -48.08727     8.400  122.14  77.58  0.1700E+12    6.23   1.55  -1  -1   -49.02     1  4   0.0  0   0.0  0
       0.1         0.1         0.1         0.1
 165.17131   -48.11110     8.400  122.14  77.58  0.1700E+12    5.52   1.55  -1  -1   -19.84     1  4   0.0  0   0.0  0
       0.2         0.1         0.1         0.1
 165.22820   -48.13493     8.400  122.14  77.58  0.1700E+12    6.00   1.55  -1  -1   -36.84     1  4   0.0  0   0.0  0
       0.1         0.2         0.1         0.1
 165.28510   -48.15876     8.400  122.14  77.58  0.1700E+12    4.71   1.55  -1  -1     1.39     3  4   0.0  0   0.0  0
       1.4         0.0         0.1         0.2
 165.10396   -48.09837    15.041  122.14  77.58  0.1700E+12    6.83   1.55  -1  -1   -20.40     1  4   0.0  0   0.0  0
       0.1         0.1         0.1         0.1
 165.39890   -48.20643     8.400  122.14  77.58  0.1700E+12    1.50   1.55  -1  -1    13.91    16  4   0.0  0   0.0  0
       9.8         0.1         0.1         0.1
 165.45580   -48.23026     8.400  122.14  77.58  0.1700E+12    2.86   1.55  -1  -1   -62.42     0  4   0.0  0   0.0  0
       0.0         0.0         0.0         0.0
 165.51268   -48.25410     8.400  122.14  77.58  0.1700E+12    4.29   1.55  -1  -1   -62.42     0  4   0.0  0   0.0  0
       0.0         0.0         0.0         0.0
 165.56958   -48.27793     8.400  122.14  77.58  0.1700E+12    5.71   1.55  -1  -1   -62.42     0  4   0.0  0   0.0  0
       0.0         0.0         0.0         0.0
 165.11964   -48.08172     5.080  122.14  77.58  0.1700E+12    6.64   1.55  -1  -1   -37.40     1  4   0.0  0   0.0  0
       0.1         0.1         0.1         0.1
 165.17653   -48.10555     5.080  122.14  77.58  0.1700E+12    6.02   1.55  -1  -1   -41.46     2  4   0.0  0   0.0  0
       0.1         0.1         1.0         0.1
 165.23343   -48.12938     5.080  122.14  77.58  0.1700E+12    4.33   1.55  -1  -1   -42.41     1  4   0.0  0   0.0  0
       0.1         0.1         0.1         0.1
 165.29033   -48.15322     5.080  122.14  77.58  0.1700E+12    5.99   1.55  -1  -1    -0.85     2  4   0.0  0   0.0  0
       0.0         0.2         0.7         0.3
 165.34723   -48.17705     5.080  122.14  77.58  0.1700E+12    1.00   1.55  -1  -1    16.02     6  4   0.0  0   0.0  0
       3.4         0.2         0.0         0.1
 165.40411   -48.20088     5.080  122.14  77.58  0.1700E+12    5.51   1.55  -1  -1    -6.57     2  4   0.0  0   0.0  0
       0.3         0.1         0.6         0.2
 165.46101   -48.22472     5.080  122.14  77.58  0.1700E+12    3.02   1.55  -1  -1   -62.42     0  4   0.0  0   0.0  0
       0.0         0.0         0.0         0.0
 165.51791   -48.24855     5.080  122.14  77.58  0.1700E+12    4.39   1.55  -1  -1   -62.42     0  4   0.0  0   0.0  0
       0.0         0.0         0.0         0.0
 165.57481   -48.27238     5.080  122.14  77.58  0.1700E+12    5.80   1.55  -1  -1   -62.42     0  4   0.0  0   0.0  0
       0.0         0.0         0.0         0.0
 165.12486   -48.07617     1.759  122.14  77.58  0.1700E+12    7.14   1.55  -1  -1   -62.38    49  4   0.0  0   0.0  0
       0.1         0.4         0.3        31.1
 165.18176   -48.10000     1.759  122.14  77.58  0.1700E+12    7.09   1.55  -1  -1   -62.08    18  4   0.0  0   0.0  0
       0.1         0.2         0.7        10.6
 165.23866   -48.12383     1.759  122.14  77.58  0.1700E+12    6.28   1.55  -1  -1   -59.25     5  4   0.0  0   0.0  0
       0.1         0.3         0.9         1.9
 165.29556   -48.14767     1.759  122.14  77.58  0.1700E+12    5.95   1.55  -1  -1   -56.95    14  4   0.0  0   0.0  0
       0.1         2.8         2.5         3.4
 165.35245   -48.17150     1.759  122.14  77.58  0.1700E+12    5.96   1.55  -1  -1   -41.05    16  4   0.0  0   0.0  0
       0.1         0.4         3.7         6.4
 165.40935   -48.19533     1.759  122.14  77.58  0.1700E+12    5.97   1.55  -1  -1   -48.96    30  4   0.0  0   0.0  0
       0.1         0.5         2.3        16.1
 165.46625   -48.21917     1.759  122.14  77.58  0.1700E+12    3.46   1.55  -1  -1   -62.42     0  4   0.0  0   0.0  0
       0.0         0.0         0.0         0.0
 165.52315   -48.24300     1.759  122.14  77.58  0.1700E+12    4.71   1.55  -1  -1   -62.42     0  4   0.0  0   0.0  0
       0.0         0.0         0.0         0.0
 165.58003   -48.26683     1.759  122.14  77.58  0.1700E+12    6.04   1.55  -1  -1   -62.42     0  4   0.0  0   0.0  0
       0.0         0.0         0.0         0.0
