2.0
#
# http://equake-rc.info/static/paper/SRF-Description-Graves_2.0.pdf
# RECTANGULAR fault MODEL
#
# All subfaults are   7.0 km long along strike and
#   3.4 km wide along dip
#
# Model length along strike is   77.0 km
#
# Model width along dip is   17.0 km
#
# Corners of the rectangular dislocation model (lat, lon):
#     16.851   -59.679 : corner 1
#     16.189   -59.468 : corner 2
#     16.168   -59.539 : corner 3
#     16.830   -59.751 : corner 4
#
#
# Number of elementary sliprate
# isoceles triangular functions
# per subfault:   4
#
# Half duration of elementary sliprate
# isoceles triangular functions (s):   1.95
# Triangles are overlapping each other by half
#
# slip rate unit: cm/s
#
#
# Seismic moment is converted into slip
# using a single constant value for the
# shear modulus mu of  0.250E+12 dyne/cm2
# assumed to be constant and characteristic
# of the fault shear zone
#
#
#
# "rake" (degrees) is the slip angle (Aki"s convention,
# e.g. rake=+45 means left-lateral-reverse movement.
#
#
# ************************************************
# Total seismic moment M0=  0.898E+26 dyne.cm
# ************************************************
#
#
PLANE 1
 -59.57350    16.52000   11    5    77.000    17.000
163.00  62.00     0.195     0.000     8.499
POINTS   55
 -59.60920    16.50920     7.700  163.00  62.00  0.2380E+12    0.00   1.95  -1  -1   -81.56    84  4   0.0  0   0.0  0
      40.9         0.7         0.1         1.3
 -59.71461    16.74158    13.704  163.00  62.00  0.2380E+12    8.32   1.95  -1  -1  -104.20     3  4   0.0  0   0.0  0
       1.2         0.1         0.1         0.1
 -59.69542    16.68139    13.704  163.00  62.00  0.2380E+12    7.34   1.95  -1  -1   -85.80     6  4   0.0  0   0.0  0
       1.2         1.5         0.2         0.2
 -59.67622    16.62119    13.704  163.00  62.00  0.2380E+12    8.20   1.95  -1  -1   -95.37    10  4   0.0  0   0.0  0
       4.2         0.5         0.2         0.1
 -59.65703    16.56100    13.704  163.00  62.00  0.2380E+12    5.59   1.95  -1  -1   -83.44    19  4   0.0  0   0.0  0
       0.6         4.5         4.3         0.5
 -59.63783    16.50081    13.704  163.00  62.00  0.2380E+12    3.63   1.95  -1  -1   -86.41    19  4   0.0  0   0.0  0
       0.2         0.7         3.4         5.4
 -59.61864    16.44061    13.704  163.00  62.00  0.2380E+12    7.96   1.95  -1  -1   -98.29    20  4   0.0  0   0.0  0
       1.4         6.2         2.4         0.4
 -59.59944    16.38042    13.704  163.00  62.00  0.2380E+12    5.77   1.95  -1  -1   -85.84    27  4   0.0  0   0.0  0
       3.6         4.7         3.7         2.0
 -59.58025    16.32022    13.704  163.00  62.00  0.2380E+12    6.33   1.95  -1  -1   -74.25    27  4   0.0  0   0.0  0
       9.8         1.9         1.9         0.1
 -59.56105    16.26003    13.704  163.00  62.00  0.2380E+12    8.67   1.95  -1  -1   -83.65    11  4   0.0  0   0.0  0
       4.4         0.4         0.5         0.2
 -59.54186    16.19983    13.704  163.00  62.00  0.2380E+12   10.19   1.95  -1  -1  -132.00     0  4   0.0  0   0.0  0
       0.0         0.0         0.0         0.0
 -59.71949    16.80598    10.702  163.00  62.00  0.2380E+12   10.05   1.95  -1  -1  -132.00     0  4   0.0  0   0.0  0
       0.0         0.0         0.0         0.0
 -59.70029    16.74578    10.702  163.00  62.00  0.2380E+12    8.12   1.95  -1  -1  -108.27     7  4   0.0  0   0.0  0
       3.1         0.2         0.1         0.1
 -59.68110    16.68559    10.702  163.00  62.00  0.2380E+12    6.75   1.95  -1  -1  -115.44    12  4   0.0  0   0.0  0
       4.9         0.3         0.7         0.1
 -59.66190    16.62539    10.702  163.00  62.00  0.2380E+12    9.06   1.95  -1  -1   -98.31    17  4   0.0  0   0.0  0
       0.8         0.2         2.2         5.6
 -59.64271    16.56520    10.702  163.00  62.00  0.2380E+12    7.43   1.95  -1  -1   -88.27    21  4   0.0  0   0.0  0
       1.7         2.3         1.6         5.0
 -59.62352    16.50500    10.702  163.00  62.00  0.2380E+12    1.10   1.95  -1  -1   -82.28    39  4   0.0  0   0.0  0
      18.8         0.2         0.5         0.7
 -59.60432    16.44481    10.702  163.00  62.00  0.2380E+12    3.09   1.95  -1  -1   -71.76    41  4   0.0  0   0.0  0
       3.8         9.5         6.3         1.2
 -59.58512    16.38461    10.702  163.00  62.00  0.2380E+12    7.28   1.95  -1  -1   -77.48    47  4   0.0  0   0.0  0
       8.4         6.1         2.8         7.0
 -59.56593    16.32442    10.702  163.00  62.00  0.2380E+12    9.90   1.95  -1  -1   -86.08    43  4   0.0  0   0.0  0
       3.0         1.7        11.0         6.6
 -59.54674    16.26422    10.702  163.00  62.00  0.2380E+12    9.01   1.95  -1  -1   -82.00    24  4   0.0  0   0.0  0
       1.9         1.2         4.3         4.8
 -59.52754    16.20403    10.702  163.00  62.00  0.2380E+12   10.05   1.95  -1  -1  -132.00     0  4   0.0  0   0.0  0
       0.0         0.0         0.0         0.0
 -59.70517    16.81017     7.700  163.00  62.00  0.2380E+12   10.00   1.95  -1  -1  -132.00     0  4   0.0  0   0.0  0
       0.0         0.0         0.0         0.0
 -59.68598    16.74998     7.700  163.00  62.00  0.2380E+12    8.96   1.95  -1  -1  -116.07    14  4   0.0  0   0.0  0
       2.0         0.9         3.9         0.3
 -59.66678    16.68978     7.700  163.00  62.00  0.2380E+12    8.48   1.95  -1  -1  -103.52    27  4   0.0  0   0.0  0
       7.8         0.5         4.6         1.1
 -59.64759    16.62959     7.700  163.00  62.00  0.2380E+12   10.29   1.95  -1  -1  -104.48    33  4   0.0  0   0.0  0
       2.1         5.9         6.4         2.5
 -59.62840    16.56939     7.700  163.00  62.00  0.2380E+12    6.77   1.95  -1  -1   -98.42    48  4   0.0  0   0.0  0
       2.6         6.3         0.4        15.2
 -59.73381    16.80178    13.704  163.00  62.00  0.2380E+12   10.19   1.95  -1  -1  -132.00     0  4   0.0  0   0.0  0
       0.0         0.0         0.0         0.0
 -59.59000    16.44901     7.700  163.00  62.00  0.2380E+12    6.98   1.95  -1  -1   -79.34    70  4   0.0  0   0.0  0
      10.8         7.6         2.3        15.5
 -59.57081    16.38881     7.700  163.00  62.00  0.2380E+12    4.14   1.95  -1  -1   -85.32    74  4   0.0  0   0.0  0
      19.3         1.6        11.2         5.8
 -59.55162    16.32862     7.700  163.00  62.00  0.2380E+12    6.53   1.95  -1  -1   -77.05    49  4   0.0  0   0.0  0
      10.6         2.4         2.7         9.6
 -59.53242    16.26842     7.700  163.00  62.00  0.2380E+12    9.53   1.95  -1  -1   -76.44    28  4   0.0  0   0.0  0
       6.1         4.6         1.7         2.1
 -59.51323    16.20823     7.700  163.00  62.00  0.2380E+12   10.00   1.95  -1  -1  -132.00     0  4   0.0  0   0.0  0
       0.0         0.0         0.0         0.0
 -59.69086    16.81437     4.698  163.00  62.00  0.2380E+12   10.05   1.95  -1  -1  -132.00     0  4   0.0  0   0.0  0
       0.0         0.0         0.0         0.0
 -59.67166    16.75418     4.698  163.00  62.00  0.2380E+12    9.02   1.95  -1  -1   -90.89     4  4   0.0  0   0.0  0
       0.2         0.3         1.1         0.3
 -59.65247    16.69398     4.698  163.00  62.00  0.2380E+12    6.76   1.95  -1  -1  -104.36    14  4   0.0  0   0.0  0
       3.5         0.4         1.0         2.2
 -59.63327    16.63379     4.698  163.00  62.00  0.2380E+12    5.39   1.95  -1  -1  -105.05    27  4   0.0  0   0.0  0
      13.2         0.3         0.2         0.4
 -59.61408    16.57359     4.698  163.00  62.00  0.2380E+12    7.06   1.95  -1  -1   -95.39    41  4   0.0  0   0.0  0
       9.1         3.4         0.5         8.0
 -59.59488    16.51340     4.698  163.00  62.00  0.2380E+12    1.37   1.95  -1  -1   -78.62    88  4   0.0  0   0.0  0
      43.5         0.4         0.6         0.7
 -59.57569    16.45320     4.698  163.00  62.00  0.2380E+12    3.38   1.95  -1  -1   -81.14    68  4   0.0  0   0.0  0
      21.5         6.6         0.5         6.1
 -59.55650    16.39301     4.698  163.00  62.00  0.2380E+12    9.73   1.95  -1  -1   -81.23    57  4   0.0  0   0.0  0
      13.3         1.9         1.3        12.8
 -59.53730    16.33281     4.698  163.00  62.00  0.2380E+12    9.90   1.95  -1  -1   -68.32    24  4   0.0  0   0.0  0
       0.5         0.6         1.7         9.5
 -59.51810    16.27262     4.698  163.00  62.00  0.2380E+12    9.02   1.95  -1  -1   -73.63     9  4   0.0  0   0.0  0
       1.0         0.3         1.2         2.1
 -59.49891    16.21242     4.698  163.00  62.00  0.2380E+12   10.05   1.95  -1  -1  -132.00     0  4   0.0  0   0.0  0
       0.0         0.0         0.0         0.0
 -59.67654    16.81857     1.696  163.00  62.00  0.2380E+12   10.19   1.95  -1  -1  -132.00     0  4   0.0  0   0.0  0
       0.0         0.0         0.0         0.0
 -59.65734    16.75837     1.696  163.00  62.00  0.2380E+12    8.94   1.95  -1  -1  -106.26    11  4   0.0  0   0.0  0
       2.9         2.0         0.4         0.3
 -59.63815    16.69818     1.696  163.00  62.00  0.2380E+12    9.56   1.95  -1  -1   -96.61    21  4   0.0  0   0.0  0
       5.2         4.0         0.8         0.6
 -59.61896    16.63798     1.696  163.00  62.00  0.2380E+12    9.56   1.95  -1  -1   -85.38    36  4   0.0  0   0.0  0
      10.0         5.8         1.3         1.1
 -59.59976    16.57779     1.696  163.00  62.00  0.2380E+12    3.49   1.95  -1  -1   -85.15    60  4   0.0  0   0.0  0
       9.6        11.2         6.9         3.1
 -59.58057    16.51759     1.696  163.00  62.00  0.2380E+12    2.15   1.95  -1  -1   -91.27    88  4   0.0  0   0.0  0
      20.5         0.1        18.8         5.5
 -59.56137    16.45740     1.696  163.00  62.00  0.2380E+12    3.16   1.95  -1  -1   -78.97    70  4   0.0  0   0.0  0
      18.1         6.4         4.5         6.7
 -59.54218    16.39720     1.696  163.00  62.00  0.2380E+12    9.80   1.95  -1  -1   -88.05    37  4   0.0  0   0.0  0
       8.4         8.0         0.9         1.7
 -59.52298    16.33701     1.696  163.00  62.00  0.2380E+12    9.53   1.95  -1  -1   -88.42    31  4   0.0  0   0.0  0
      14.4         1.0         0.3         0.2
 -59.50379    16.27681     1.696  163.00  62.00  0.2380E+12    9.89   1.95  -1  -1   -80.76     4  4   0.0  0   0.0  0
       0.7         0.1         0.1         1.0
 -59.48459    16.21662     1.696  163.00  62.00  0.2380E+12   10.19   1.95  -1  -1  -132.00     0  4   0.0  0   0.0  0
       0.0         0.0         0.0         0.0
