2.0
#
# http://equake-rc.info/static/paper/SRF-Description-Graves_2.0.pdf
# RECTANGULAR fault MODEL
#
# All subfaults are   7.0 km long along strike and
#   4.6 km wide along dip
#
# Model length along strike is   77.0 km
#
# Model width along dip is   23.0 km
#
# Corners of the rectangular dislocation model (lat, lon):
#     16.141   -59.588 : corner 1
#     16.776   -59.875 : corner 2
#     16.849   -59.700 : corner 3
#     16.213   -59.414 : corner 4
#
#
# Number of elementary sliprate
# isoceles triangular functions
# per subfault:   4
#
# Half duration of elementary sliprate
# isoceles triangular functions (s):   1.95
# Triangles are overlapping each other by half
#
# slip rate unit: cm/s
#
#
# Seismic moment is converted into slip
# using a single constant value for the
# shear modulus mu of  0.250E+12 dyne/cm2
# assumed to be constant and characteristic
# of the fault shear zone
#
#
#
# "rake" (degrees) is the slip angle (Aki"s convention,
# e.g. rake=+45 means left-lateral-reverse movement.
#
#
# ************************************************
# Total seismic moment M0=  0.915E+26 dyne.cm
# ************************************************
#
#
PLANE 1
 -59.73150    16.45850   11    5    77.000    23.000
336.63  28.15     0.105     0.000    16.099
POINTS   55
 -59.60920    16.50920     7.700  336.63  28.15  0.3220E+12    0.00   1.95  -1  -1  -102.81    83  4   0.0  0   0.0  0
      37.2         3.1         2.0         0.3
 -59.47012    16.29254     9.870  336.63  28.15  0.3220E+12    9.54   1.95  -1  -1   -91.98    20  4   0.0  0   0.0  0
       5.9         4.1         0.3         0.1
 -59.49615    16.35032     9.870  336.63  28.15  0.3220E+12    7.56   1.95  -1  -1   -92.35    27  4   0.0  0   0.0  0
       6.1         2.2         3.0         2.8
 -59.52220    16.40810     9.870  336.63  28.15  0.3220E+12    5.03   1.95  -1  -1   -92.32    55  4   0.0  0   0.0  0
       9.1        11.5         6.7         1.1
 -59.54824    16.46589     9.870  336.63  28.15  0.3220E+12    3.38   1.95  -1  -1   -87.77    67  4   0.0  0   0.0  0
      15.5         3.8         6.4         8.4
 -59.57428    16.52367     9.870  336.63  28.15  0.3220E+12    2.09   1.95  -1  -1   -91.41    66  4   0.0  0   0.0  0
      17.6         3.4         6.6         6.5
 -59.60032    16.58145     9.870  336.63  28.15  0.3220E+12    5.97   1.95  -1  -1   -92.64    42  4   0.0  0   0.0  0
       8.3         1.2         4.0         8.1
 -59.62636    16.63923     9.870  336.63  28.15  0.3220E+12    6.00   1.95  -1  -1   -93.62    23  4   0.0  0   0.0  0
       7.4         0.3         2.3         1.5
 -59.65240    16.69701     9.870  336.63  28.15  0.3220E+12    9.58   1.95  -1  -1  -108.29     6  4   0.0  0   0.0  0
       1.0         1.7         0.4         0.1
 -59.67844    16.75479     9.870  336.63  28.15  0.3220E+12    8.48   1.95  -1  -1  -116.99     6  4   0.0  0   0.0  0
       1.3         0.2         1.2         0.3
 -59.70449    16.81257     9.870  336.63  28.15  0.3220E+12   10.09   1.95  -1  -1  -140.62     0  4   0.0  0   0.0  0
       0.0         0.0         0.0         0.0
 -59.47899    16.22029     7.700  336.63  28.15  0.3220E+12   10.00   1.95  -1  -1  -140.62     0  4   0.0  0   0.0  0
       0.0         0.0         0.0         0.0
 -59.50504    16.27807     7.700  336.63  28.15  0.3220E+12    9.14   1.95  -1  -1   -83.21    15  4   0.0  0   0.0  0
       0.7         0.3         6.7         0.1
 -59.53107    16.33586     7.700  336.63  28.15  0.3220E+12    6.77   1.95  -1  -1   -94.29    36  4   0.0  0   0.0  0
       7.6         0.6         0.6         9.9
 -59.55712    16.39364     7.700  336.63  28.15  0.3220E+12    9.84   1.95  -1  -1   -94.01    50  4   0.0  0   0.0  0
      10.3         3.6         7.3         4.6
 -59.58316    16.45142     7.700  336.63  28.15  0.3220E+12    3.09   1.95  -1  -1   -91.76    68  4   0.0  0   0.0  0
      24.0         2.8         0.9         7.3
 -59.44407    16.23476     9.870  336.63  28.15  0.3220E+12   10.09   1.95  -1  -1  -140.62     0  4   0.0  0   0.0  0
       0.0         0.0         0.0         0.0
 -59.63524    16.56698     7.700  336.63  28.15  0.3220E+12    6.77   1.95  -1  -1   -91.93    40  4   0.0  0   0.0  0
       3.3         5.6         1.7        10.1
 -59.66128    16.62476     7.700  336.63  28.15  0.3220E+12   10.07   1.95  -1  -1  -110.50    29  4   0.0  0   0.0  0
       2.8         0.3         8.5         3.0
 -59.68732    16.68254     7.700  336.63  28.15  0.3220E+12    9.04   1.95  -1  -1  -118.85    15  4   0.0  0   0.0  0
       2.2         1.0         0.5         4.2
 -59.71336    16.74032     7.700  336.63  28.15  0.3220E+12    9.04   1.95  -1  -1  -130.16    16  4   0.0  0   0.0  0
       0.6         0.3         5.3         1.9
 -59.73941    16.79811     7.700  336.63  28.15  0.3220E+12   10.00   1.95  -1  -1  -140.62     0  4   0.0  0   0.0  0
       0.0         0.0         0.0         0.0
 -59.51391    16.20582     5.530  336.63  28.15  0.3220E+12   10.09   1.95  -1  -1  -140.62     0  4   0.0  0   0.0  0
       0.0         0.0         0.0         0.0
 -59.53996    16.26361     5.530  336.63  28.15  0.3220E+12    9.89   1.95  -1  -1   -72.89     4  4   0.0  0   0.0  0
       0.1         0.2         0.1         1.7
 -59.56599    16.32139     5.530  336.63  28.15  0.3220E+12    6.42   1.95  -1  -1  -103.53     9  4   0.0  0   0.0  0
       3.1         0.3         0.1         1.2
 -59.59204    16.37917     5.530  336.63  28.15  0.3220E+12    9.81   1.95  -1  -1   -96.67    31  4   0.0  0   0.0  0
       6.3         0.2         1.4         8.0
 -59.61808    16.43695     5.530  336.63  28.15  0.3220E+12    3.16   1.95  -1  -1   -85.96    28  4   0.0  0   0.0  0
       8.9         0.9         1.8         2.6
 -59.64412    16.49473     5.530  336.63  28.15  0.3220E+12    1.32   1.95  -1  -1  -104.13    62  4   0.0  0   0.0  0
      30.8         0.2         0.3         0.6
 -59.67016    16.55251     5.530  336.63  28.15  0.3220E+12    5.55   1.95  -1  -1   -88.79     7  4   0.0  0   0.0  0
       0.4         0.6         1.8         0.9
 -59.69620    16.61029     5.530  336.63  28.15  0.3220E+12    9.09   1.95  -1  -1  -110.25     7  4   0.0  0   0.0  0
       0.3         0.3         0.2         2.6
 -59.72224    16.66808     5.530  336.63  28.15  0.3220E+12   10.03   1.95  -1  -1   -99.27     3  4   0.0  0   0.0  0
       0.7         0.4         0.3         0.2
 -59.74828    16.72586     5.530  336.63  28.15  0.3220E+12    8.97   1.95  -1  -1  -103.87     2  4   0.0  0   0.0  0
       0.3         0.2         0.2         0.3
 -59.77433    16.78364     5.530  336.63  28.15  0.3220E+12   10.09   1.95  -1  -1  -140.62     0  4   0.0  0   0.0  0
       0.0         0.0         0.0         0.0
 -59.54883    16.19136     3.360  336.63  28.15  0.3220E+12   10.31   1.95  -1  -1  -140.62     0  4   0.0  0   0.0  0
       0.0         0.0         0.0         0.0
 -59.57487    16.24914     3.360  336.63  28.15  0.3220E+12    8.59   1.95  -1  -1   -92.90     2  4   0.0  0   0.0  0
       0.8         0.1         0.1         0.2
 -59.60091    16.30692     3.360  336.63  28.15  0.3220E+12    6.63   1.95  -1  -1   -92.91    12  4   0.0  0   0.0  0
       5.1         0.2         0.5         0.4
 -59.62696    16.36470     3.360  336.63  28.15  0.3220E+12    5.11   1.95  -1  -1   -98.55    14  4   0.0  0   0.0  0
       3.9         1.2         1.7         0.5
 -59.65300    16.42248     3.360  336.63  28.15  0.3220E+12    9.40   1.95  -1  -1   -88.99    19  4   0.0  0   0.0  0
       4.6         1.1         1.7         2.5
 -59.67904    16.48026     3.360  336.63  28.15  0.3220E+12    9.09   1.95  -1  -1   -93.54    22  4   0.0  0   0.0  0
       3.3         0.8         2.4         5.0
 -59.70508    16.53805     3.360  336.63  28.15  0.3220E+12    9.68   1.95  -1  -1   -94.64    17  4   0.0  0   0.0  0
       2.3         0.4         2.7         3.1
 -59.73112    16.59583     3.360  336.63  28.15  0.3220E+12    9.23   1.95  -1  -1  -102.09    19  4   0.0  0   0.0  0
       0.3         0.3         3.3         5.8
 -59.75716    16.65361     3.360  336.63  28.15  0.3220E+12   10.26   1.95  -1  -1  -100.63     9  4   0.0  0   0.0  0
       0.8         0.4         2.0         1.6
 -59.78320    16.71139     3.360  336.63  28.15  0.3220E+12    9.19   1.95  -1  -1  -105.25     8  4   0.0  0   0.0  0
       2.4         0.8         0.2         0.5
 -59.80925    16.76917     3.360  336.63  28.15  0.3220E+12   10.31   1.95  -1  -1  -140.62     0  4   0.0  0   0.0  0
       0.0         0.0         0.0         0.0
 -59.58375    16.17689     1.190  336.63  28.15  0.3220E+12   10.31   1.95  -1  -1  -140.62     0  4   0.0  0   0.0  0
       0.0         0.0         0.0         0.0
 -59.60979    16.23467     1.190  336.63  28.15  0.3220E+12    9.37   1.95  -1  -1  -101.69    10  4   0.0  0   0.0  0
       3.6         0.9         0.5         0.1
 -59.63583    16.29245     1.190  336.63  28.15  0.3220E+12    9.36   1.95  -1  -1   -97.43    18  4   0.0  0   0.0  0
       4.8         2.0         1.7         1.0
 -59.66188    16.35023     1.190  336.63  28.15  0.3220E+12    8.64   1.95  -1  -1   -93.82    18  4   0.0  0   0.0  0
       3.3         2.8         2.0         1.3
 -59.68792    16.40802     1.190  336.63  28.15  0.3220E+12    9.63   1.95  -1  -1   -88.59    21  4   0.0  0   0.0  0
       1.6         2.6         0.9         5.4
 -59.71396    16.46580     1.190  336.63  28.15  0.3220E+12    4.07   1.95  -1  -1  -100.28    31  4   0.0  0   0.0  0
       8.0         1.6         4.7         1.6
 -59.74000    16.52358     1.190  336.63  28.15  0.3220E+12    4.49   1.95  -1  -1   -83.98    44  4   0.0  0   0.0  0
      15.3         0.3         4.8         2.0
 -59.76604    16.58136     1.190  336.63  28.15  0.3220E+12   10.27   1.95  -1  -1   -92.79    23  4   0.0  0   0.0  0
       1.4         1.6         4.1         4.8
 -59.79208    16.63914     1.190  336.63  28.15  0.3220E+12    9.73   1.95  -1  -1  -107.15    15  4   0.0  0   0.0  0
       0.6         1.8         1.4         3.9
 -59.81812    16.69692     1.190  336.63  28.15  0.3220E+12    9.33   1.95  -1  -1  -112.35    14  4   0.0  0   0.0  0
       2.6         0.8         0.6         3.2
 -59.84417    16.75471     1.190  336.63  28.15  0.3220E+12   10.31   1.95  -1  -1  -140.62     0  4   0.0  0   0.0  0
       0.0         0.0         0.0         0.0
