2.0
#
# http://equake-rc.info/static/paper/SRF-Description-Graves_2.0.pdf
# RECTANGULAR fault MODEL
#
# All subfaults are   4.0 km long along strike and
#   3.8 km wide along dip
#
# Model length along strike is   36.0 km
#
# Model width along dip is   19.0 km
#
# Corners of the rectangular dislocation model (lat, lon):
#     19.552  -155.688 : corner 1
#     19.258  -155.833 : corner 2
#     19.302  -155.932 : corner 3
#     19.595  -155.787 : corner 4
#
#
# Number of elementary sliprate
# isoceles triangular functions
# per subfault:   4
#
# Half duration of elementary sliprate
# isoceles triangular functions (s):   1.23
# Triangles are overlapping each other by half
#
# slip rate unit: cm/s
#
#
# Seismic moment is converted into slip
# using a single constant value for the
# shear modulus mu of  0.250E+12 dyne/cm2
# assumed to be constant and characteristic
# of the fault shear zone
#
#
#
# "rake" (degrees) is the slip angle (Aki"s convention,
# e.g. rake=+45 means left-lateral-reverse movement.
#
#
# ************************************************
# Total seismic moment M0=  0.767E+25 dyne.cm
# ************************************************
#
#
PLANE 1
-155.76050    19.40500    9    5    36.000    19.000
205.00  53.00     0.113     0.000     9.499
POINTS   45
-155.81030    19.42660     7.700  205.00  53.00  0.1520E+12    0.00   1.23  -1  -1    93.38    21  4   0.0  0   0.0  0
      16.6         0.1         0.0         0.1
-155.80147    19.54180    13.770  205.00  53.00  0.1520E+12    4.06   1.23  -1  -1    48.00     0  4   0.0  0   0.0  0
       0.0         0.0         0.0         0.0
-155.81760    19.50919    13.770  205.00  53.00  0.1520E+12    3.15   1.23  -1  -1    48.00     0  4   0.0  0   0.0  0
       0.0         0.0         0.0         0.0
-155.83371    19.47659    13.770  205.00  53.00  0.1520E+12    3.03   1.23  -1  -1   133.67     0  4   0.0  0   0.0  0
       0.1         0.0         0.0         0.1
-155.84984    19.44398    13.770  205.00  53.00  0.1520E+12    2.41   1.23  -1  -1   134.15     0  4   0.0  0   0.0  0
       0.1         0.0         0.0         0.1
-155.86595    19.41138    13.770  205.00  53.00  0.1520E+12    3.52   1.23  -1  -1   114.16     0  4   0.0  0   0.0  0
       0.0         0.0         0.0         0.0
-155.88208    19.37878    13.770  205.00  53.00  0.1520E+12    4.83   1.23  -1  -1    82.46     3  4   0.0  0   0.0  0
       0.0         0.0         0.1         2.2
-155.89819    19.34617    13.770  205.00  53.00  0.1520E+12    4.84   1.23  -1  -1    48.25    14  4   0.0  0   0.0  0
       0.0         0.0         0.0        11.3
-155.91432    19.31357    13.770  205.00  53.00  0.1520E+12    5.03   1.23  -1  -1    48.00     0  4   0.0  0   0.0  0
       0.0         0.0         0.0         0.0
-155.76558    19.56571    10.735  205.00  53.00  0.1520E+12    4.70   1.23  -1  -1    48.00     0  4   0.0  0   0.0  0
       0.0         0.0         0.0         0.0
-155.78171    19.53310    10.735  205.00  53.00  0.1520E+12    3.60   1.23  -1  -1    48.00     0  4   0.0  0   0.0  0
       0.0         0.0         0.0         0.0
-155.79782    19.50050    10.735  205.00  53.00  0.1520E+12    2.53   1.23  -1  -1    48.00     0  4   0.0  0   0.0  0
       0.0         0.0         0.0         0.0
-155.81395    19.46790    10.735  205.00  53.00  0.1520E+12    2.53   1.23  -1  -1   117.63     0  4   0.0  0   0.0  0
       0.2         0.0         0.0         0.1
-155.83006    19.43529    10.735  205.00  53.00  0.1520E+12    1.70   1.23  -1  -1    79.04    26  4   0.0  0   0.0  0
      20.9         0.1         0.0         0.0
-155.84619    19.40269    10.735  205.00  53.00  0.1520E+12    1.70   1.23  -1  -1    72.24    37  4   0.0  0   0.0  0
      30.3         0.0         0.0         0.0
-155.86230    19.37008    10.735  205.00  53.00  0.1520E+12    2.54   1.23  -1  -1   124.84    11  4   0.0  0   0.0  0
       9.1         0.0         0.0         0.0
-155.87843    19.33748    10.735  205.00  53.00  0.1520E+12    4.88   1.23  -1  -1    61.28     3  4   0.0  0   0.0  0
       0.1         0.0         0.1         2.3
-155.89455    19.30487    10.735  205.00  53.00  0.1520E+12    4.70   1.23  -1  -1    48.00     0  4   0.0  0   0.0  0
       0.0         0.0         0.0         0.0
-155.74582    19.55702     7.700  205.00  53.00  0.1520E+12    4.57   1.23  -1  -1    48.00     0  4   0.0  0   0.0  0
       0.0         0.0         0.0         0.0
-155.76193    19.52441     7.700  205.00  53.00  0.1520E+12    3.43   1.23  -1  -1    48.00     0  4   0.0  0   0.0  0
       0.0         0.0         0.0         0.0
-155.77806    19.49181     7.700  205.00  53.00  0.1520E+12    2.29   1.23  -1  -1    48.00     0  4   0.0  0   0.0  0
       0.0         0.0         0.0         0.0
-155.79417    19.45920     7.700  205.00  53.00  0.1520E+12    2.66   1.23  -1  -1   124.45     2  4   0.0  0   0.0  0
       0.1         0.1         1.1         0.2
-155.78535    19.57440    13.770  205.00  53.00  0.1520E+12    5.03   1.23  -1  -1    48.00     0  4   0.0  0   0.0  0
       0.0         0.0         0.0         0.0
-155.82643    19.39400     7.700  205.00  53.00  0.1520E+12    2.55   1.23  -1  -1    64.53    19  4   0.0  0   0.0  0
      15.0         0.2         0.0         0.0
-155.84254    19.36139     7.700  205.00  53.00  0.1520E+12    2.39   1.23  -1  -1    71.83    34  4   0.0  0   0.0  0
      27.9         0.0         0.0         0.0
-155.85867    19.32879     7.700  205.00  53.00  0.1520E+12    4.21   1.23  -1  -1    54.37     0  4   0.0  0   0.0  0
       0.1         0.0         0.0         0.0
-155.87479    19.29618     7.700  205.00  53.00  0.1520E+12    4.57   1.23  -1  -1    48.00     0  4   0.0  0   0.0  0
       0.0         0.0         0.0         0.0
-155.72606    19.54832     4.665  205.00  53.00  0.1520E+12    4.70   1.23  -1  -1    48.00     0  4   0.0  0   0.0  0
       0.0         0.0         0.0         0.0
-155.74217    19.51572     4.665  205.00  53.00  0.1520E+12    3.60   1.23  -1  -1    48.00     0  4   0.0  0   0.0  0
       0.0         0.0         0.0         0.0
-155.75830    19.48312     4.665  205.00  53.00  0.1520E+12    2.53   1.23  -1  -1    48.00     0  4   0.0  0   0.0  0
       0.0         0.0         0.0         0.0
-155.77441    19.45051     4.665  205.00  53.00  0.1520E+12    2.27   1.23  -1  -1   135.74     2  4   0.0  0   0.0  0
       0.1         0.1         0.1         1.8
-155.79054    19.41791     4.665  205.00  53.00  0.1520E+12    1.32   1.23  -1  -1    96.90     0  4   0.0  0   0.0  0
       0.0         0.1         0.1         0.0
-155.80666    19.38530     4.665  205.00  53.00  0.1520E+12    1.62   1.23  -1  -1   103.80     0  4   0.0  0   0.0  0
       0.1         0.0         0.1         0.0
-155.82278    19.35270     4.665  205.00  53.00  0.1520E+12    2.53   1.23  -1  -1    70.06     0  4   0.0  0   0.0  0
       0.1         0.0         0.0         0.0
-155.83890    19.32010     4.665  205.00  53.00  0.1520E+12    3.60   1.23  -1  -1    58.45     0  4   0.0  0   0.0  0
       0.0         0.0         0.0         0.0
-155.85503    19.28749     4.665  205.00  53.00  0.1520E+12    4.70   1.23  -1  -1    48.00     0  4   0.0  0   0.0  0
       0.0         0.0         0.0         0.0
-155.70628    19.53963     1.630  205.00  53.00  0.1520E+12    5.03   1.23  -1  -1    48.00     0  4   0.0  0   0.0  0
       0.0         0.0         0.0         0.0
-155.72241    19.50703     1.630  205.00  53.00  0.1520E+12    4.06   1.23  -1  -1    48.00     0  4   0.0  0   0.0  0
       0.0         0.0         0.0         0.0
-155.73853    19.47442     1.630  205.00  53.00  0.1520E+12    3.15   1.23  -1  -1    48.00     0  4   0.0  0   0.0  0
       0.0         0.0         0.0         0.0
-155.75465    19.44182     1.630  205.00  53.00  0.1520E+12    4.58   1.23  -1  -1   137.94    26  4   0.0  0   0.0  0
       0.1         0.1         8.3        12.5
-155.77077    19.40922     1.630  205.00  53.00  0.1520E+12    4.20   1.23  -1  -1   134.76     0  4   0.0  0   0.0  0
       0.1         0.0         0.1         0.1
-155.78690    19.37661     1.630  205.00  53.00  0.1520E+12    2.54   1.23  -1  -1   104.69     0  4   0.0  0   0.0  0
       0.0         0.0         0.1         0.0
-155.80301    19.34401     1.630  205.00  53.00  0.1520E+12    3.22   1.23  -1  -1    69.70     0  4   0.0  0   0.0  0
       0.0         0.1         0.0         0.0
-155.81914    19.31140     1.630  205.00  53.00  0.1520E+12    4.13   1.23  -1  -1    65.18     0  4   0.0  0   0.0  0
       0.0         0.0         0.0         0.0
-155.83525    19.27880     1.630  205.00  53.00  0.1520E+12    5.03   1.23  -1  -1    48.00     0  4   0.0  0   0.0  0
       0.0         0.0         0.0         0.0
