2.0
#
# http://equake-rc.info/static/paper/SRF-Description-Graves_2.0.pdf
# RECTANGULAR fault MODEL
#
# All subfaults are   4.0 km long along strike and
#   7.0 km wide along dip
#
# Model length along strike is   36.0 km
#
# Model width along dip is   35.0 km
#
# Corners of the rectangular dislocation model (lat, lon):
#     19.300  -155.944 : corner 1
#     19.604  -155.827 : corner 2
#     19.519  -155.576 : corner 3
#     19.214  -155.694 : corner 4
#
#
# Number of elementary sliprate
# isoceles triangular functions
# per subfault:   4
#
# Half duration of elementary sliprate
# isoceles triangular functions (s):   1.23
# Triangles are overlapping each other by half
#
# slip rate unit: cm/s
#
#
# Seismic moment is converted into slip
# using a single constant value for the
# shear modulus mu of  0.250E+12 dyne/cm2
# assumed to be constant and characteristic
# of the fault shear zone
#
#
#
# "rake" (degrees) is the slip angle (Aki"s convention,
# e.g. rake=+45 means left-lateral-reverse movement.
#
#
# ************************************************
# Total seismic moment M0=  0.856E+25 dyne.cm
# ************************************************
#
#
PLANE 1
-155.88550    19.45200    9    5    36.000    35.000
 20.02  37.10     1.366     0.000    10.498
POINTS   45
-155.81030    19.42660     7.700   20.02  37.10  0.2800E+12    0.00   1.23  -1  -1    65.97    10  4   0.0  0   0.0  0
       8.1         0.1         0.1         0.1
-155.69942    19.27362    20.369   20.02  37.10  0.2800E+12    5.03   1.23  -1  -1    54.17    13  4   0.0  0   0.0  0
       0.1         0.1         2.3         7.8
-155.68636    19.30742    20.369   20.02  37.10  0.2800E+12    5.03   1.23  -1  -1    76.36     0  4   0.0  0   0.0  0
       0.0         0.1         0.1         0.1
-155.67329    19.34122    20.369   20.02  37.10  0.2800E+12    5.03   1.23  -1  -1   122.53     2  4   0.0  0   0.0  0
       0.0         0.1         0.1         1.1
-155.66023    19.37502    20.369   20.02  37.10  0.2800E+12    5.03   1.23  -1  -1   129.77     6  4   0.0  0   0.0  0
       0.0         0.1         4.4         0.1
-155.64717    19.40882    20.369   20.02  37.10  0.2800E+12    5.03   1.23  -1  -1    41.03     0  4   0.0  0   0.0  0
       0.0         0.0         0.0         0.0
-155.63411    19.44263    20.369   20.02  37.10  0.2800E+12    5.03   1.23  -1  -1    41.03     0  4   0.0  0   0.0  0
       0.0         0.0         0.0         0.0
-155.62105    19.47643    20.369   20.02  37.10  0.2800E+12    5.03   1.23  -1  -1   125.44     0  4   0.0  0   0.0  0
       0.1         0.1         0.0         0.0
-155.60799    19.51023    20.369   20.02  37.10  0.2800E+12    5.03   1.23  -1  -1    41.03     0  4   0.0  0   0.0  0
       0.0         0.0         0.0         0.0
-155.76250    19.25702    16.146   20.02  37.10  0.2800E+12    5.03   1.23  -1  -1    41.03     0  4   0.0  0   0.0  0
       0.0         0.0         0.0         0.0
-155.74944    19.29082    16.146   20.02  37.10  0.2800E+12    5.03   1.23  -1  -1    64.91     0  4   0.0  0   0.0  0
       0.1         0.1         0.1         0.0
-155.73637    19.32462    16.146   20.02  37.10  0.2800E+12    4.65   1.23  -1  -1   120.67     0  4   0.0  0   0.0  0
       0.0         0.0         0.0         0.0
-155.72331    19.35842    16.146   20.02  37.10  0.2800E+12    4.37   1.23  -1  -1   129.35     0  4   0.0  0   0.0  0
       0.0         0.0         0.0         0.1
-155.71025    19.39222    16.146   20.02  37.10  0.2800E+12    4.74   1.23  -1  -1   130.84    19  4   0.0  0   0.0  0
       0.1         5.1        10.3         0.0
-155.69719    19.42602    16.146   20.02  37.10  0.2800E+12    4.16   1.23  -1  -1    41.03     0  4   0.0  0   0.0  0
       0.0         0.0         0.0         0.0
-155.68413    19.45982    16.146   20.02  37.10  0.2800E+12    4.61   1.23  -1  -1    41.03     0  4   0.0  0   0.0  0
       0.0         0.0         0.0         0.0
-155.67107    19.49362    16.146   20.02  37.10  0.2800E+12    5.03   1.23  -1  -1   130.74     2  4   0.0  0   0.0  0
       1.4         0.1         0.0         0.0
-155.65800    19.52742    16.146   20.02  37.10  0.2800E+12    5.03   1.23  -1  -1    41.03     0  4   0.0  0   0.0  0
       0.0         0.0         0.0         0.0
-155.81253    19.27421    11.923   20.02  37.10  0.2800E+12    4.99   1.23  -1  -1    41.03     0  4   0.0  0   0.0  0
       0.0         0.0         0.0         0.0
-155.79947    19.30801    11.923   20.02  37.10  0.2800E+12    4.04   1.23  -1  -1    50.12     0  4   0.0  0   0.0  0
       0.0         0.0         0.0         0.0
-155.78641    19.34181    11.923   20.02  37.10  0.2800E+12    3.05   1.23  -1  -1   113.06     1  4   0.0  0   0.0  0
       0.8         0.0         0.0         0.0
-155.77335    19.37561    11.923   20.02  37.10  0.2800E+12    2.53   1.23  -1  -1   116.98     1  4   0.0  0   0.0  0
       0.9         0.0         0.0         0.0
-155.76028    19.40941    11.923   20.02  37.10  0.2800E+12    2.28   1.23  -1  -1   127.52     0  4   0.0  0   0.0  0
       0.1         0.1         0.1         0.1
-155.74722    19.44321    11.923   20.02  37.10  0.2800E+12    2.30   1.23  -1  -1    41.03     0  4   0.0  0   0.0  0
       0.0         0.0         0.0         0.0
-155.73416    19.47701    11.923   20.02  37.10  0.2800E+12    3.04   1.23  -1  -1    41.03     0  4   0.0  0   0.0  0
       0.0         0.0         0.0         0.0
-155.72110    19.51081    11.923   20.02  37.10  0.2800E+12    4.35   1.23  -1  -1   130.88     4  4   0.0  0   0.0  0
       0.1         2.0         1.5         0.0
-155.70804    19.54461    11.923   20.02  37.10  0.2800E+12    4.99   1.23  -1  -1    41.03     0  4   0.0  0   0.0  0
       0.0         0.0         0.0         0.0
-155.86255    19.29140     7.700   20.02  37.10  0.2800E+12    4.57   1.23  -1  -1    41.03     0  4   0.0  0   0.0  0
       0.0         0.0         0.0         0.0
-155.84949    19.32520     7.700   20.02  37.10  0.2800E+12    3.45   1.23  -1  -1    73.90     0  4   0.0  0   0.0  0
       0.1         0.0         0.0         0.0
-155.83643    19.35900     7.700   20.02  37.10  0.2800E+12    2.35   1.23  -1  -1    77.36    35  4   0.0  0   0.0  0
      28.1         0.0         0.0         0.0
-155.82336    19.39280     7.700   20.02  37.10  0.2800E+12    1.31   1.23  -1  -1    75.03    19  4   0.0  0   0.0  0
      14.6         1.0         0.0         0.0
-155.71248    19.23982    20.369   20.02  37.10  0.2800E+12    5.03   1.23  -1  -1    41.03     0  4   0.0  0   0.0  0
       0.0         0.0         0.0         0.0
-155.79724    19.46040     7.700   20.02  37.10  0.2800E+12    1.14   1.23  -1  -1    41.03     0  4   0.0  0   0.0  0
       0.0         0.0         0.0         0.0
-155.78418    19.49420     7.700   20.02  37.10  0.2800E+12    2.29   1.23  -1  -1    41.03     0  4   0.0  0   0.0  0
       0.0         0.0         0.0         0.0
-155.77112    19.52800     7.700   20.02  37.10  0.2800E+12    3.88   1.23  -1  -1   130.38     6  4   0.0  0   0.0  0
       0.1         3.7         1.0         0.1
-155.75806    19.56180     7.700   20.02  37.10  0.2800E+12    4.57   1.23  -1  -1    41.03     0  4   0.0  0   0.0  0
       0.0         0.0         0.0         0.0
-155.91257    19.30859     3.477   20.02  37.10  0.2800E+12    4.99   1.23  -1  -1    41.03     0  4   0.0  0   0.0  0
       0.0         0.0         0.0         0.0
-155.89951    19.34239     3.477   20.02  37.10  0.2800E+12    5.01   1.23  -1  -1    71.00     1  4   0.0  0   0.0  0
       0.0         0.0         0.0         0.5
-155.88644    19.37619     3.477   20.02  37.10  0.2800E+12    4.78   1.23  -1  -1    57.49     0  4   0.0  0   0.0  0
       0.0         0.0         0.1         0.0
-155.87338    19.40999     3.477   20.02  37.10  0.2800E+12    2.32   1.23  -1  -1    95.24     0  4   0.0  0   0.0  0
       0.0         0.0         0.1         0.0
-155.86032    19.44379     3.477   20.02  37.10  0.2800E+12    2.21   1.23  -1  -1   110.20     0  4   0.0  0   0.0  0
       0.0         0.0         0.0         0.1
-155.84726    19.47759     3.477   20.02  37.10  0.2800E+12    2.30   1.23  -1  -1    41.03     0  4   0.0  0   0.0  0
       0.0         0.0         0.0         0.0
-155.83420    19.51139     3.477   20.02  37.10  0.2800E+12    3.04   1.23  -1  -1    41.03     0  4   0.0  0   0.0  0
       0.0         0.0         0.0         0.0
-155.82114    19.54519     3.477   20.02  37.10  0.2800E+12    4.24   1.23  -1  -1   129.82     1  4   0.0  0   0.0  0
       0.5         0.1         0.0         0.0
-155.80807    19.57899     3.477   20.02  37.10  0.2800E+12    4.99   1.23  -1  -1    41.03     0  4   0.0  0   0.0  0
       0.0         0.0         0.0         0.0
