2.0
#
# http://equake-rc.info/static/paper/SRF-Description-Graves_2.0.pdf
# RECTANGULAR fault MODEL
#
# All subfaults are   4.0 km long along strike and
#   3.4 km wide along dip
#
# Model length along strike is   36.0 km
#
# Model width along dip is   17.0 km
#
# Corners of the rectangular dislocation model (lat, lon):
#     39.016    28.226 : corner 1
#     39.331    28.128 : corner 2
#     39.346    28.205 : corner 3
#     39.031    28.303 : corner 4
#
#
# Number of elementary sliprate
# isoceles triangular functions
# per subfault:   4
#
# Half duration of elementary sliprate
# isoceles triangular functions (s):   1.33
# Triangles are overlapping each other by half
#
# slip rate unit: cm/s
#
#
# Seismic moment is converted into slip
# using a single constant value for the
# shear modulus mu of  0.250E+12 dyne/cm2
# assumed to be constant and characteristic
# of the fault shear zone
#
#
#
# "rake" (degrees) is the slip angle (Aki"s convention,
# e.g. rake=+45 means left-lateral-reverse movement.
#
#
# ************************************************
# Total seismic moment M0=  0.140E+26 dyne.cm
# ************************************************
#
#
PLANE 1
  28.17700    39.17350    9    5    36.000    17.000
346.37  66.45     0.292     0.000    11.899
POINTS   45
  28.23080    39.18390    11.200  346.37  66.45  0.1360E+12    0.00   1.33  -1  -1   -40.12    41  4   0.0  0   0.0  0
      30.5         0.2         0.1         0.1
  28.27899    39.08179    14.317  346.37  66.45  0.1360E+12    4.04   1.33  -1  -1   -48.15     1  4   0.0  0   0.0  0
       0.3         0.3         0.1         0.1
  28.26804    39.11679    14.317  346.37  66.45  0.1360E+12    2.69   1.33  -1  -1   -39.40     0  4   0.0  0   0.0  0
       0.1         0.1         0.0         0.1
  28.25709    39.15178    14.317  346.37  66.45  0.1360E+12    5.22   1.33  -1  -1   -26.49     1  4   0.0  0   0.0  0
       0.1         0.2         0.1         0.0
  28.24614    39.18678    14.317  346.37  66.45  0.1360E+12    1.00   1.33  -1  -1     2.27     2  4   0.0  0   0.0  0
       1.0         0.1         0.1         0.1
  28.23519    39.22178    14.317  346.37  66.45  0.1360E+12    5.21   1.33  -1  -1   -15.53     0  4   0.0  0   0.0  0
       0.0         0.1         0.1         0.1
  28.22424    39.25677    14.317  346.37  66.45  0.1360E+12    2.65   1.33  -1  -1   -17.46     0  4   0.0  0   0.0  0
       0.1         0.1         0.1         0.1
  28.21329    39.29177    14.317  346.37  66.45  0.1360E+12    3.56   1.33  -1  -1   -65.80     0  4   0.0  0   0.0  0
       0.0         0.0         0.0         0.0
  28.20234    39.32677    14.317  346.37  66.45  0.1360E+12    4.67   1.33  -1  -1   -65.80     0  4   0.0  0   0.0  0
       0.0         0.0         0.0         0.0
  28.27460    39.04391    11.200  346.37  66.45  0.1360E+12    5.32   1.33  -1  -1   -48.77     1  4   0.0  0   0.0  0
       0.3         0.4         0.1         0.1
  28.26365    39.07891    11.200  346.37  66.45  0.1360E+12    4.49   1.33  -1  -1   -39.50     0  4   0.0  0   0.0  0
       0.1         0.1         0.1         0.1
  28.25270    39.11390    11.200  346.37  66.45  0.1360E+12    5.41   1.33  -1  -1   -28.35     1  4   0.0  0   0.0  0
       0.1         0.1         0.1         0.4
  28.24175    39.14890    11.200  346.37  66.45  0.1360E+12    1.17   1.33  -1  -1    -2.22    27  4   0.0  0   0.0  0
      19.8         0.2         0.1         0.0
  28.28994    39.04679    14.317  346.37  66.45  0.1360E+12    5.33   1.33  -1  -1   -44.44     1  4   0.0  0   0.0  0
       0.2         0.1         0.1         0.0
  28.21985    39.21889    11.200  346.37  66.45  0.1360E+12    1.20   1.33  -1  -1   -15.62    40  4   0.0  0   0.0  0
      30.1         0.1         0.0         0.1
  28.20890    39.25389    11.200  346.37  66.45  0.1360E+12    2.36   1.33  -1  -1   -26.29     0  4   0.0  0   0.0  0
       0.1         0.1         0.1         0.0
  28.19795    39.28889    11.200  346.37  66.45  0.1360E+12    3.43   1.33  -1  -1   -65.80     0  4   0.0  0   0.0  0
       0.0         0.0         0.0         0.0
  28.18700    39.32389    11.200  346.37  66.45  0.1360E+12    4.57   1.33  -1  -1   -65.80     0  4   0.0  0   0.0  0
       0.0         0.0         0.0         0.0
  28.25927    39.04103     8.083  346.37  66.45  0.1360E+12    5.43   1.33  -1  -1   -28.34     4  4   0.0  0   0.0  0
       0.1         0.1         0.6         2.0
  28.24832    39.07602     8.083  346.37  66.45  0.1360E+12    3.66   1.33  -1  -1   -37.55     0  4   0.0  0   0.0  0
       0.1         0.1         0.1         0.1
  28.23737    39.11102     8.083  346.37  66.45  0.1360E+12    2.71   1.33  -1  -1   -41.68     1  4   0.0  0   0.0  0
       0.8         0.1         0.0         0.1
  28.22642    39.14602     8.083  346.37  66.45  0.1360E+12    1.73   1.33  -1  -1    -3.60    21  4   0.0  0   0.0  0
      15.4         0.1         0.1         0.1
  28.21547    39.18102     8.083  346.37  66.45  0.1360E+12    0.97   1.33  -1  -1    -7.26    73  4   0.0  0   0.0  0
      32.9        22.1         0.1         0.0
  28.20452    39.21601     8.083  346.37  66.45  0.1360E+12    1.56   1.33  -1  -1   -25.33    35  4   0.0  0   0.0  0
      26.4         0.1         0.1         0.0
  28.19357    39.25101     8.083  346.37  66.45  0.1360E+12    4.50   1.33  -1  -1   -61.57     0  4   0.0  0   0.0  0
       0.1         0.1         0.1         0.1
  28.18262    39.28601     8.083  346.37  66.45  0.1360E+12    3.56   1.33  -1  -1   -65.80     0  4   0.0  0   0.0  0
       0.0         0.0         0.0         0.0
  28.17167    39.32101     8.083  346.37  66.45  0.1360E+12    4.67   1.33  -1  -1   -65.80     0  4   0.0  0   0.0  0
       0.0         0.0         0.0         0.0
  28.24393    39.03814     4.966  346.37  66.45  0.1360E+12    5.03   1.33  -1  -1   -49.16     1  4   0.0  0   0.0  0
       0.3         0.1         0.3         0.2
  28.23298    39.07314     4.966  346.37  66.45  0.1360E+12    4.13   1.33  -1  -1   -58.78     1  4   0.0  0   0.0  0
       0.2         0.1         0.3         0.1
  28.22203    39.10814     4.966  346.37  66.45  0.1360E+12    3.24   1.33  -1  -1   -38.46     0  4   0.0  0   0.0  0
       0.1         0.1         0.1         0.0
  28.21108    39.14314     4.966  346.37  66.45  0.1360E+12    5.26   1.33  -1  -1   -36.97     1  4   0.0  0   0.0  0
       0.1         0.1         0.1         0.2
  28.20013    39.17813     4.966  346.37  66.45  0.1360E+12    1.95   1.33  -1  -1    -9.38    34  4   0.0  0   0.0  0
      25.6         0.2         0.1         0.1
  28.18918    39.21313     4.966  346.37  66.45  0.1360E+12    2.49   1.33  -1  -1     1.13    31  4   0.0  0   0.0  0
      22.7         0.1         0.0         0.8
  28.17823    39.24813     4.966  346.37  66.45  0.1360E+12    3.66   1.33  -1  -1   -25.42     0  4   0.0  0   0.0  0
       0.1         0.1         0.1         0.1
  28.16728    39.28313     4.966  346.37  66.45  0.1360E+12    3.94   1.33  -1  -1   -65.80     0  4   0.0  0   0.0  0
       0.0         0.0         0.0         0.0
  28.15633    39.31812     4.966  346.37  66.45  0.1360E+12    4.97   1.33  -1  -1   -65.80     0  4   0.0  0   0.0  0
       0.0         0.0         0.0         0.0
  28.22859    39.03526     1.850  346.37  66.45  0.1360E+12    5.50   1.33  -1  -1   -55.93    51  4   0.0  0   0.0  0
      17.7        20.7         0.2         0.1
  28.21764    39.07026     1.850  346.37  66.45  0.1360E+12    4.51   1.33  -1  -1   -27.74    14  4   0.0  0   0.0  0
      10.6         0.1         0.1         0.1
  28.20669    39.10526     1.850  346.37  66.45  0.1360E+12    4.44   1.33  -1  -1   -32.23     1  4   0.0  0   0.0  0
       0.4         0.1         0.0         0.1
  28.19574    39.14025     1.850  346.37  66.45  0.1360E+12    5.07   1.33  -1  -1   -24.82     2  4   0.0  0   0.0  0
       0.2         0.1         0.4         0.5
  28.18479    39.17525     1.850  346.37  66.45  0.1360E+12    4.62   1.33  -1  -1     9.89    17  4   0.0  0   0.0  0
       4.5         0.0         0.1         7.9
  28.17384    39.21025     1.850  346.37  66.45  0.1360E+12    3.18   1.33  -1  -1   -31.55     5  4   0.0  0   0.0  0
       3.8         0.1         0.1         0.1
  28.16289    39.24524     1.850  346.37  66.45  0.1360E+12    4.55   1.33  -1  -1   -30.03     2  4   0.0  0   0.0  0
       1.0         0.1         0.1         0.1
  28.15194    39.28024     1.850  346.37  66.45  0.1360E+12    4.50   1.33  -1  -1   -65.80     0  4   0.0  0   0.0  0
       0.0         0.0         0.0         0.0
  28.14099    39.31524     1.850  346.37  66.45  0.1360E+12    5.42   1.33  -1  -1   -65.80     0  4   0.0  0   0.0  0
       0.0         0.0         0.0         0.0
