2.0
#
# http://equake-rc.info/static/paper/SRF-Description-Graves_2.0.pdf
# RECTANGULAR fault MODEL
#
# All subfaults are   4.0 km long along strike and
#   3.3 km wide along dip
#
# Model length along strike is   36.0 km
#
# Model width along dip is   16.5 km
#
# Corners of the rectangular dislocation model (lat, lon):
#     39.204    28.019 : corner 1
#     39.232    28.435 : corner 2
#     39.184    28.441 : corner 3
#     39.155    28.024 : corner 4
#
#
# Number of elementary sliprate
# isoceles triangular functions
# per subfault:   4
#
# Half duration of elementary sliprate
# isoceles triangular functions (s):   1.33
# Triangles are overlapping each other by half
#
# slip rate unit: cm/s
#
#
# Seismic moment is converted into slip
# using a single constant value for the
# shear modulus mu of  0.250E+12 dyne/cm2
# assumed to be constant and characteristic
# of the fault shear zone
#
#
#
# "rake" (degrees) is the slip angle (Aki"s convention,
# e.g. rake=+45 means left-lateral-reverse movement.
#
#
# ************************************************
# Total seismic moment M0=  0.129E+26 dyne.cm
# ************************************************
#
#
PLANE 1
  28.22700    39.21800    9    5    36.000    16.500
 85.00  71.00     0.279     0.000    11.550
POINTS   45
  28.23080    39.18390    11.200   85.00  71.00  0.1320E+12    0.00   1.33  -1  -1  -159.90    55  4   0.0  0   0.0  0
      32.8         8.1         0.1         0.1
  28.09304    39.16485    14.320   85.00  71.00  0.1320E+12    4.06   1.33  -1  -1  -119.61     1  4   0.0  0   0.0  0
       0.1         0.1         0.2         0.1
  28.13932    39.16798    14.320   85.00  71.00  0.1320E+12    2.50   1.33  -1  -1  -140.00     5  4   0.0  0   0.0  0
       3.8         0.2         0.1         0.1
  28.18561    39.17112    14.320   85.00  71.00  0.1320E+12    2.01   1.33  -1  -1  -141.51    13  4   0.0  0   0.0  0
       9.4         0.2         0.0         0.1
  28.23189    39.17426    14.320   85.00  71.00  0.1320E+12    1.22   1.33  -1  -1   166.29    27  4   0.0  0   0.0  0
      19.5         0.9         0.1         0.1
  28.27817    39.17740    14.320   85.00  71.00  0.1320E+12    1.51   1.33  -1  -1  -173.27     9  4   0.0  0   0.0  0
       6.5         0.1         0.1         0.1
  28.32445    39.18054    14.320   85.00  71.00  0.1320E+12    3.04   1.33  -1  -1  -166.08     1  4   0.0  0   0.0  0
       0.1         0.1         0.1         0.1
  28.37074    39.18368    14.320   85.00  71.00  0.1320E+12    3.56   1.33  -1  -1   160.00     0  4   0.0  0   0.0  0
       0.0         0.0         0.0         0.0
  28.41702    39.18682    14.320   85.00  71.00  0.1320E+12    5.17   1.33  -1  -1  -157.20     0  4   0.0  0   0.0  0
       0.1         0.0         0.1         0.0
  28.04567    39.17134    11.200   85.00  71.00  0.1320E+12    4.57   1.33  -1  -1   160.00     0  4   0.0  0   0.0  0
       0.0         0.0         0.0         0.0
  28.09195    39.17448    11.200   85.00  71.00  0.1320E+12    3.72   1.33  -1  -1  -162.89     0  4   0.0  0   0.0  0
       0.1         0.0         0.1         0.1
  28.13824    39.17762    11.200   85.00  71.00  0.1320E+12    2.40   1.33  -1  -1  -149.98    18  4   0.0  0   0.0  0
      13.5         0.1         0.1         0.1
  28.18452    39.18076    11.200   85.00  71.00  0.1320E+12    1.17   1.33  -1  -1  -144.57    44  4   0.0  0   0.0  0
      32.8         0.3         0.1         0.1
  28.04676    39.16171    14.320   85.00  71.00  0.1320E+12    4.67   1.33  -1  -1   160.00     0  4   0.0  0   0.0  0
       0.0         0.0         0.0         0.0
  28.27708    39.18704    11.200   85.00  71.00  0.1320E+12    1.15   1.33  -1  -1  -165.77    27  4   0.0  0   0.0  0
      19.8         0.2         0.1         0.0
  28.32337    39.19018    11.200   85.00  71.00  0.1320E+12    4.15   1.33  -1  -1  -153.46     1  4   0.0  0   0.0  0
       0.1         0.1         0.2         0.1
  28.36965    39.19331    11.200   85.00  71.00  0.1320E+12    3.43   1.33  -1  -1   160.00     0  4   0.0  0   0.0  0
       0.0         0.0         0.0         0.0
  28.41593    39.19645    11.200   85.00  71.00  0.1320E+12    4.69   1.33  -1  -1  -173.90     0  4   0.0  0   0.0  0
       0.1         0.0         0.1         0.1
  28.04458    39.18098     8.080   85.00  71.00  0.1320E+12    4.67   1.33  -1  -1   160.00     0  4   0.0  0   0.0  0
       0.0         0.0         0.0         0.0
  28.09086    39.18412     8.080   85.00  71.00  0.1320E+12    4.94   1.33  -1  -1  -162.25     2  4   0.0  0   0.0  0
       1.0         0.0         0.1         0.1
  28.13715    39.18726     8.080   85.00  71.00  0.1320E+12    2.49   1.33  -1  -1  -175.29    22  4   0.0  0   0.0  0
      16.0         0.1         0.1         0.1
  28.18343    39.19040     8.080   85.00  71.00  0.1320E+12    1.50   1.33  -1  -1  -135.29    35  4   0.0  0   0.0  0
      26.4         0.0         0.1         0.1
  28.22971    39.19353     8.080   85.00  71.00  0.1320E+12    1.04   1.33  -1  -1  -156.45    59  4   0.0  0   0.0  0
      32.9        11.3         0.1         0.1
  28.27600    39.19667     8.080   85.00  71.00  0.1320E+12    1.58   1.33  -1  -1  -178.05    15  4   0.0  0   0.0  0
      10.7         0.1         0.1         0.2
  28.32228    39.19981     8.080   85.00  71.00  0.1320E+12    5.41   1.33  -1  -1  -153.22     1  4   0.0  0   0.0  0
       0.1         0.2         0.1         0.2
  28.36856    39.20295     8.080   85.00  71.00  0.1320E+12    3.56   1.33  -1  -1   160.00     0  4   0.0  0   0.0  0
       0.0         0.0         0.0         0.0
  28.41484    39.20609     8.080   85.00  71.00  0.1320E+12    5.65   1.33  -1  -1  -164.23     1  4   0.0  0   0.0  0
       0.2         0.1         0.6         0.1
  28.04349    39.19062     4.960   85.00  71.00  0.1320E+12    4.95   1.33  -1  -1   160.00     0  4   0.0  0   0.0  0
       0.0         0.0         0.0         0.0
  28.08978    39.19376     4.960   85.00  71.00  0.1320E+12    4.19   1.33  -1  -1  -148.46     0  4   0.0  0   0.0  0
       0.1         0.1         0.0         0.1
  28.13606    39.19689     4.960   85.00  71.00  0.1320E+12    5.47   1.33  -1  -1  -155.35     0  4   0.0  0   0.0  0
       0.1         0.0         0.1         0.1
  28.18234    39.20003     4.960   85.00  71.00  0.1320E+12    2.50   1.33  -1  -1  -164.67    24  4   0.0  0   0.0  0
      17.5         0.1         0.1         0.7
  28.22863    39.20317     4.960   85.00  71.00  0.1320E+12    2.06   1.33  -1  -1  -155.26     6  4   0.0  0   0.0  0
       4.0         0.1         0.1         0.1
  28.27491    39.20631     4.960   85.00  71.00  0.1320E+12    5.51   1.33  -1  -1  -132.99     0  4   0.0  0   0.0  0
       0.1         0.1         0.1         0.1
  28.32119    39.20945     4.960   85.00  71.00  0.1320E+12    5.19   1.33  -1  -1  -164.27     1  4   0.0  0   0.0  0
       0.1         0.5         0.1         0.2
  28.36747    39.21259     4.960   85.00  71.00  0.1320E+12    3.91   1.33  -1  -1   160.00     0  4   0.0  0   0.0  0
       0.0         0.0         0.0         0.0
  28.41376    39.21572     4.960   85.00  71.00  0.1320E+12    5.57   1.33  -1  -1  -167.20     0  4   0.0  0   0.0  0
       0.1         0.1         0.1         0.1
  28.04241    39.20025     1.839   85.00  71.00  0.1320E+12    5.38   1.33  -1  -1   160.00     0  4   0.0  0   0.0  0
       0.0         0.0         0.0         0.0
  28.08869    39.20339     1.839   85.00  71.00  0.1320E+12    4.97   1.33  -1  -1  -151.03     1  4   0.0  0   0.0  0
       0.2         0.2         0.1         0.1
  28.13497    39.20653     1.839   85.00  71.00  0.1320E+12    5.56   1.33  -1  -1  -132.66     1  4   0.0  0   0.0  0
       0.1         0.1         0.1         0.1
  28.18126    39.20967     1.839   85.00  71.00  0.1320E+12    5.30   1.33  -1  -1  -159.12     5  4   0.0  0   0.0  0
       0.1         0.1         0.1         3.5
  28.22754    39.21281     1.839   85.00  71.00  0.1320E+12    4.55   1.33  -1  -1  -170.34     5  4   0.0  0   0.0  0
       0.0         0.0         0.1         3.4
  28.27382    39.21595     1.839   85.00  71.00  0.1320E+12    4.55   1.33  -1  -1   172.16     2  4   0.0  0   0.0  0
       0.0         0.1         0.2         1.4
  28.32010    39.21908     1.839   85.00  71.00  0.1320E+12    5.47   1.33  -1  -1  -145.19     1  4   0.0  0   0.0  0
       0.4         0.0         0.2         0.1
  28.36639    39.22222     1.839   85.00  71.00  0.1320E+12    4.44   1.33  -1  -1   160.00     0  4   0.0  0   0.0  0
       0.0         0.0         0.0         0.0
  28.41267    39.22536     1.839   85.00  71.00  0.1320E+12    5.41   1.33  -1  -1  -132.20    10  4   0.0  0   0.0  0
       7.1         0.1         0.1         0.1
