2.0
#
# http://equake-rc.info/static/paper/SRF-Description-Graves_2.0.pdf
# RECTANGULAR fault MODEL
#
# All subfaults are  71.0 km long along strike and
#  36.9 km wide along dip
#
# Model length along strike is 1349.0 km
#
# Model width along dip is  184.5 km
#
# Corners of the rectangular dislocation model (lat, lon):
#     58.126   164.400 : corner 1
#     46.569   158.219 : corner 2
#     47.057   155.744 : corner 3
#     58.614   161.926 : corner 4
#
#
# Number of elementary sliprate
# isoceles triangular functions
# per subfault:   4
#
# Half duration of elementary sliprate
# isoceles triangular functions (s):  11.39
# Triangles are overlapping each other by half
#
# slip rate unit: cm/s
#
#
# Seismic moment is converted into slip
# using a single constant value for the
# shear modulus mu of  0.250E+12 dyne/cm2
# assumed to be constant and characteristic
# of the fault shear zone
#
#
#
# "rake" (degrees) is the slip angle (Aki"s convention,
# e.g. rake=+45 means left-lateral-reverse movement.
#
#
# ************************************************
# Total seismic moment M0=  0.495E+29 dyne.cm
# ************************************************
#
#
PLANE 1
 161.30949    52.34750   19    5  1349.000   184.500
198.00  18.00     0.094     0.000    92.248
POINTS   95
 160.07230    52.59140    28.600  198.00  18.00  0.2620E+14    0.00  11.39  -1  -1    69.77   272  4   0.0  0   0.0  0
       1.0         2.3        15.8         4.8
 161.68513    57.65292    51.405  198.00  18.00  0.2620E+14  144.44  11.39  -1  -1     6.00     0  4   0.0  0   0.0  0
       0.0         0.0         0.0         0.0
 161.35980    57.04465    51.405  198.00  18.00  0.2620E+14  143.56  11.39  -1  -1     6.00     0  4   0.0  0   0.0  0
       0.0         0.0         0.0         0.0
 161.03447    56.43638    51.405  198.00  18.00  0.2620E+14  140.87  11.39  -1  -1    60.06    62  4   0.0  0   0.0  0
       0.9         0.7         1.1         2.7
 160.70914    55.82811    51.405  198.00  18.00  0.2620E+14  110.22  11.39  -1  -1    43.62    37  4   0.0  0   0.0  0
       0.4         0.7         1.3         0.8
 160.38380    55.21984    51.405  198.00  18.00  0.2620E+14  103.16  11.39  -1  -1    77.78    54  4   0.0  0   0.0  0
       0.6         2.1         0.7         1.3
 160.05847    54.61158    51.405  198.00  18.00  0.2620E+14  106.19  11.39  -1  -1     6.66    88  4   0.0  0   0.0  0
       2.0         2.6         1.2         1.9
 159.73314    54.00331    51.405  198.00  18.00  0.2620E+14  101.52  11.39  -1  -1    18.56    96  4   0.0  0   0.0  0
       2.2         2.9         2.2         1.2
 159.40781    53.39505    51.405  198.00  18.00  0.2620E+14   50.41  11.39  -1  -1    76.95    48  4   0.0  0   0.0  0
       1.5         1.7         0.5         0.5
 159.08247    52.78678    51.405  198.00  18.00  0.2620E+14   53.58  11.39  -1  -1    93.85    68  4   0.0  0   0.0  0
       1.9         2.5         1.1         0.4
 158.75714    52.17851    51.405  198.00  18.00  0.2620E+14   50.99  11.39  -1  -1    76.92    54  4   0.0  0   0.0  0
       1.8         1.8         0.6         0.5
 158.43181    51.57024    51.405  198.00  18.00  0.2620E+14   63.83  11.39  -1  -1    87.70    49  4   0.0  0   0.0  0
       1.4         0.8         1.0         1.0
 158.10648    50.96198    51.405  198.00  18.00  0.2620E+14   92.38  11.39  -1  -1    69.51    88  4   0.0  0   0.0  0
       2.7         2.0         1.7         1.3
 157.78114    50.35371    51.405  198.00  18.00  0.2620E+14   85.33  11.39  -1  -1    68.40    92  4   0.0  0   0.0  0
       2.3         3.4         1.8         0.7
 157.45581    49.74544    51.405  198.00  18.00  0.2620E+14  105.75  11.39  -1  -1    61.03   105  4   0.0  0   0.0  0
       3.4         2.1         2.5         1.3
 157.13048    49.13718    51.405  198.00  18.00  0.2620E+14  126.42  11.39  -1  -1    78.61    98  4   0.0  0   0.0  0
       2.0         2.2         2.6         1.7
 156.80515    48.52891    51.405  198.00  18.00  0.2620E+14  143.69  11.39  -1  -1    55.26    95  4   0.0  0   0.0  0
       3.9         2.6         1.3         0.6
 156.47981    47.92064    51.405  198.00  18.00  0.2620E+14  144.44  11.39  -1  -1    22.36    84  4   0.0  0   0.0  0
       3.4         3.2         0.5         0.4
 156.15448    47.31237    51.405  198.00  18.00  0.2620E+14  144.44  11.39  -1  -1     6.05    52  4   0.0  0   0.0  0
       1.6         2.2         0.4         0.4
 162.50539    58.16349    40.003  198.00  18.00  0.2620E+14  144.44  11.39  -1  -1     6.00     0  4   0.0  0   0.0  0
       0.0         0.0         0.0         0.0
 162.18005    57.55523    40.003  198.00  18.00  0.2620E+14  144.44  11.39  -1  -1     6.00     0  4   0.0  0   0.0  0
       0.0         0.0         0.0         0.0
 161.85472    56.94696    40.003  198.00  18.00  0.2620E+14  142.39  11.39  -1  -1     6.00     0  4   0.0  0   0.0  0
       0.0         0.0         0.0         0.0
 161.52939    56.33869    40.003  198.00  18.00  0.2620E+14  122.87  11.39  -1  -1    24.61    32  4   0.0  0   0.0  0
       0.4         0.8         1.2         0.5
 161.20406    55.73042    40.003  198.00  18.00  0.2620E+14  121.26  11.39  -1  -1    14.32    34  4   0.0  0   0.0  0
       0.5         0.5         0.8         1.1
 160.87872    55.12216    40.003  198.00  18.00  0.2620E+14   82.01  11.39  -1  -1    75.42    56  4   0.0  0   0.0  0
       0.6         1.7         0.6         2.0
 160.55339    54.51389    40.003  198.00  18.00  0.2620E+14   71.19  11.39  -1  -1    34.98    44  4   0.0  0   0.0  0
       1.2         0.7         0.5         1.4
 160.22806    53.90562    40.003  198.00  18.00  0.2620E+14   89.19  11.39  -1  -1     9.35    79  4   0.0  0   0.0  0
       1.7         1.8         1.8         1.6
 159.90273    53.29736    40.003  198.00  18.00  0.2620E+14   24.39  11.39  -1  -1    30.99    67  4   0.0  0   0.0  0
       2.3         0.7         1.5         1.3
 159.57739    52.68909    40.003  198.00  18.00  0.2620E+14   17.52  11.39  -1  -1    74.19   107  4   0.0  0   0.0  0
       5.1         2.9         0.4         1.0
 159.25206    52.08082    40.003  198.00  18.00  0.2620E+14   54.19  11.39  -1  -1    80.51    70  4   0.0  0   0.0  0
       1.5         2.5         1.2         0.9
 158.92673    51.47255    40.003  198.00  18.00  0.2620E+14   53.36  11.39  -1  -1    78.58    83  4   0.0  0   0.0  0
       2.3         1.1         1.8         2.1
 158.60139    50.86429    40.003  198.00  18.00  0.2620E+14   83.16  11.39  -1  -1    74.00    73  4   0.0  0   0.0  0
       2.0         2.0         1.3         1.0
 158.27606    50.25602    40.003  198.00  18.00  0.2620E+14  141.52  11.39  -1  -1    64.52   119  4   0.0  0   0.0  0
       1.7         4.7         2.6         1.5
 157.95073    49.64775    40.003  198.00  18.00  0.2620E+14  144.39  11.39  -1  -1    29.52    79  4   0.0  0   0.0  0
       1.9         1.5         1.3         2.2
 157.62540    49.03949    40.003  198.00  18.00  0.2620E+14  134.14  11.39  -1  -1    83.05    50  4   0.0  0   0.0  0
       0.9         1.9         1.0         0.6
 157.30006    48.43122    40.003  198.00  18.00  0.2620E+14  144.33  11.39  -1  -1     6.47    38  4   0.0  0   0.0  0
       0.7         1.2         0.6         0.9
 156.97473    47.82295    40.003  198.00  18.00  0.2620E+14  144.44  11.39  -1  -1     8.76    23  4   0.0  0   0.0  0
       0.8         0.4         0.5         0.4
 156.64940    47.21468    40.003  198.00  18.00  0.2620E+14  144.44  11.39  -1  -1     6.01    22  4   0.0  0   0.0  0
       0.4         0.5         0.4         0.6
 163.00029    58.06580    28.600  198.00  18.00  0.2620E+14  144.44  11.39  -1  -1     6.00     0  4   0.0  0   0.0  0
       0.0         0.0         0.0         0.0
 162.67496    57.45754    28.600  198.00  18.00  0.2620E+14  144.44  11.39  -1  -1     6.00     0  4   0.0  0   0.0  0
       0.0         0.0         0.0         0.0
 162.34962    56.84927    28.600  198.00  18.00  0.2620E+14  142.00  11.39  -1  -1     6.00     0  4   0.0  0   0.0  0
       0.0         0.0         0.0         0.0
 162.02429    56.24100    28.600  198.00  18.00  0.2620E+14  142.01  11.39  -1  -1    55.20    35  4   0.0  0   0.0  0
       0.6         0.5         0.6         1.3
 161.69896    55.63274    28.600  198.00  18.00  0.2620E+14  115.15  11.39  -1  -1    26.15    58  4   0.0  0   0.0  0
       0.6         1.6         1.3         1.6
 161.37363    55.02447    28.600  198.00  18.00  0.2620E+14  104.36  11.39  -1  -1    54.51    37  4   0.0  0   0.0  0
       0.8         0.5         0.7         1.2
 161.04829    54.41620    28.600  198.00  18.00  0.2620E+14  112.03  11.39  -1  -1    66.49    61  4   0.0  0   0.0  0
       1.7         0.6         1.3         1.6
 160.72296    53.80793    28.600  198.00  18.00  0.2620E+14   72.09  11.39  -1  -1     9.33    86  4   0.0  0   0.0  0
       1.6         2.3         1.6         2.0
 160.39763    53.19967    28.600  198.00  18.00  0.2620E+14   20.88  11.39  -1  -1    32.69   151  4   0.0  0   0.0  0
       4.4         3.1         2.6         3.3
 162.01047    58.26118    51.405  198.00  18.00  0.2620E+14  144.44  11.39  -1  -1     6.00     0  4   0.0  0   0.0  0
       0.0         0.0         0.0         0.0
 159.74696    51.98313    28.600  198.00  18.00  0.2620E+14   54.78  11.39  -1  -1    73.26    83  4   0.0  0   0.0  0
       1.3         2.8         1.1         2.0
 159.42163    51.37487    28.600  198.00  18.00  0.2620E+14  141.79  11.39  -1  -1    67.22    91  4   0.0  0   0.0  0
       2.9         1.1         2.4         1.6
 159.09630    50.76660    28.600  198.00  18.00  0.2620E+14   72.74  11.39  -1  -1    75.49   129  4   0.0  0   0.0  0
       4.8         2.7         2.8         1.1
 158.77097    50.15833    28.600  198.00  18.00  0.2620E+14   94.32  11.39  -1  -1    74.78   114  4   0.0  0   0.0  0
       4.8         2.9         1.2         1.0
 158.44563    49.55006    28.600  198.00  18.00  0.2620E+14  103.28  11.39  -1  -1     8.38    94  4   0.0  0   0.0  0
       2.6         1.5         1.1         3.1
 158.12030    48.94180    28.600  198.00  18.00  0.2620E+14  126.57  11.39  -1  -1    37.13    35  4   0.0  0   0.0  0
       0.5         1.0         0.4         1.2
 157.79497    48.33353    28.600  198.00  18.00  0.2620E+14  143.09  11.39  -1  -1    37.32    47  4   0.0  0   0.0  0
       2.3         0.7         0.3         0.8
 157.46964    47.72526    28.600  198.00  18.00  0.2620E+14  144.44  11.39  -1  -1    24.40    32  4   0.0  0   0.0  0
       1.3         0.5         0.4         0.7
 157.14430    47.11700    28.600  198.00  18.00  0.2620E+14  144.44  11.39  -1  -1    20.24    39  4   0.0  0   0.0  0
       0.4         0.4         0.6         2.0
 163.49519    57.96812    17.197  198.00  18.00  0.2620E+14  144.44  11.39  -1  -1     6.00     0  4   0.0  0   0.0  0
       0.0         0.0         0.0         0.0
 163.16986    57.35985    17.197  198.00  18.00  0.2620E+14  144.44  11.39  -1  -1     6.00     0  4   0.0  0   0.0  0
       0.0         0.0         0.0         0.0
 162.84453    56.75158    17.197  198.00  18.00  0.2620E+14  142.39  11.39  -1  -1     6.00     0  4   0.0  0   0.0  0
       0.0         0.0         0.0         0.0
 162.51920    56.14331    17.197  198.00  18.00  0.2620E+14  144.18  11.39  -1  -1    63.67    54  4   0.0  0   0.0  0
       0.9         2.0         0.7         1.1
 162.19386    55.53505    17.197  198.00  18.00  0.2620E+14  112.53  11.39  -1  -1    82.62    86  4   0.0  0   0.0  0
       1.6         2.4         1.4         2.2
 161.86853    54.92678    17.197  198.00  18.00  0.2620E+14   84.34  11.39  -1  -1    37.38    69  4   0.0  0   0.0  0
       1.7         1.8         1.2         1.4
 161.54320    54.31851    17.197  198.00  18.00  0.2620E+14   65.47  11.39  -1  -1    74.28    76  4   0.0  0   0.0  0
       1.4         2.3         2.0         1.0
 161.21786    53.71025    17.197  198.00  18.00  0.2620E+14  141.17  11.39  -1  -1    57.53    96  4   0.0  0   0.0  0
       1.8         2.2         2.4         2.0
 160.89253    53.10198    17.197  198.00  18.00  0.2620E+14   34.90  11.39  -1  -1    37.12    98  4   0.0  0   0.0  0
       2.2         1.1         3.1         2.1
 160.56720    52.49371    17.197  198.00  18.00  0.2620E+14   22.34  11.39  -1  -1    36.65   161  4   0.0  0   0.0  0
       4.0         4.1         4.5         1.5
 160.24187    51.88544    17.197  198.00  18.00  0.2620E+14   39.51  11.39  -1  -1    75.45   127  4   0.0  0   0.0  0
       6.0         2.7         1.7         0.7
 159.91653    51.27718    17.197  198.00  18.00  0.2620E+14   59.90  11.39  -1  -1    35.38   111  4   0.0  0   0.0  0
       2.9         2.7         2.6         1.5
 159.59120    50.66891    17.197  198.00  18.00  0.2620E+14   74.72  11.39  -1  -1    22.98    96  4   0.0  0   0.0  0
       2.8         1.8         1.7         2.1
 159.26587    50.06064    17.197  198.00  18.00  0.2620E+14   97.29  11.39  -1  -1    20.71   128  4   0.0  0   0.0  0
       3.6         3.1         3.2         1.3
 158.94054    49.45238    17.197  198.00  18.00  0.2620E+14  138.44  11.39  -1  -1     7.47    97  4   0.0  0   0.0  0
       1.8         3.4         1.2         2.0
 158.61520    48.84411    17.197  198.00  18.00  0.2620E+14  142.32  11.39  -1  -1    12.02    54  4   0.0  0   0.0  0
       1.1         1.4         1.3         1.0
 158.28987    48.23584    17.197  198.00  18.00  0.2620E+14  142.57  11.39  -1  -1     6.03    45  4   0.0  0   0.0  0
       1.8         0.5         0.4         1.3
 157.96454    47.62757    17.197  198.00  18.00  0.2620E+14  144.44  11.39  -1  -1    28.01    44  4   0.0  0   0.0  0
       0.4         0.4         0.4         2.7
 157.63921    47.01931    17.197  198.00  18.00  0.2620E+14  144.44  11.39  -1  -1    56.58    65  4   0.0  0   0.0  0
       0.6         0.4         1.1         3.7
 163.99011    57.87043     5.795  198.00  18.00  0.2620E+14  144.44  11.39  -1  -1     6.00     0  4   0.0  0   0.0  0
       0.0         0.0         0.0         0.0
 163.66478    57.26216     5.795  198.00  18.00  0.2620E+14  144.44  11.39  -1  -1     6.00     0  4   0.0  0   0.0  0
       0.0         0.0         0.0         0.0
 163.33945    56.65389     5.795  198.00  18.00  0.2620E+14  143.56  11.39  -1  -1     6.00     0  4   0.0  0   0.0  0
       0.0         0.0         0.0         0.0
 163.01411    56.04562     5.795  198.00  18.00  0.2620E+14  143.52  11.39  -1  -1    53.81    68  4   0.0  0   0.0  0
       1.0         1.1         1.3         2.5
 162.68878    55.43736     5.795  198.00  18.00  0.2620E+14  109.96  11.39  -1  -1    78.53    85  4   0.0  0   0.0  0
       1.6         2.4         2.5         0.8
 162.36345    54.82909     5.795  198.00  18.00  0.2620E+14  112.75  11.39  -1  -1    52.06   143  4   0.0  0   0.0  0
       5.0         2.8         2.5         2.2
 162.03812    54.22083     5.795  198.00  18.00  0.2620E+14   68.15  11.39  -1  -1    60.59   143  4   0.0  0   0.0  0
       5.8         4.2         1.5         1.0
 161.71278    53.61256     5.795  198.00  18.00  0.2620E+14  114.98  11.39  -1  -1    78.99   208  4   0.0  0   0.0  0
       5.9         6.3         4.2         1.9
 161.38745    53.00429     5.795  198.00  18.00  0.2620E+14   55.90  11.39  -1  -1    71.70   235  4   0.0  0   0.0  0
       4.2         7.5         5.2         3.7
 161.06212    52.39602     5.795  198.00  18.00  0.2620E+14   21.11  11.39  -1  -1    81.37   395  4   0.0  0   0.0  0
      29.1         1.4         0.3         3.7
 160.73679    51.78775     5.795  198.00  18.00  0.2620E+14   72.57  11.39  -1  -1    48.28   242  4   0.0  0   0.0  0
       0.6         6.4         8.4         5.8
 160.41145    51.17949     5.795  198.00  18.00  0.2620E+14  112.94  11.39  -1  -1    58.58   165  4   0.0  0   0.0  0
       5.0         3.6         3.9         2.0
 160.08612    50.57122     5.795  198.00  18.00  0.2620E+14   76.84  11.39  -1  -1    28.51   182  4   0.0  0   0.0  0
       5.6         5.6         2.6         2.2
 159.76079    49.96296     5.795  198.00  18.00  0.2620E+14  124.91  11.39  -1  -1    16.13   161  4   0.0  0   0.0  0
       8.1         2.4         0.8         2.8
 159.43546    49.35469     5.795  198.00  18.00  0.2620E+14  113.06  11.39  -1  -1    17.92   136  4   0.0  0   0.0  0
       2.2         5.8         1.8         2.1
 159.11012    48.74642     5.795  198.00  18.00  0.2620E+14  142.73  11.39  -1  -1     7.30   110  4   0.0  0   0.0  0
       5.7         1.8         0.4         1.8
 158.78479    48.13815     5.795  198.00  18.00  0.2620E+14  144.12  11.39  -1  -1    41.09    76  4   0.0  0   0.0  0
       0.4         0.4         1.1         4.8
 158.45946    47.52988     5.795  198.00  18.00  0.2620E+14  144.44  11.39  -1  -1    40.89   126  4   0.0  0   0.0  0
       0.3         0.3         0.7         9.7
 158.13412    46.92162     5.795  198.00  18.00  0.2620E+14  144.44  11.39  -1  -1    79.34   168  4   0.0  0   0.0  0
       3.5         0.4         1.6         9.3
