2.0
#
# http://equake-rc.info/static/paper/SRF-Description-Graves_2.0.pdf
# RECTANGULAR fault MODEL
#
# All subfaults are  18.0 km long along strike and
#  13.3 km wide along dip
#
# Model length along strike is  270.0 km
#
# Model width along dip is   66.5 km
#
# Corners of the rectangular dislocation model (lat, lon):
#     39.981   141.331 : corner 1
#     42.146   142.797 : corner 2
#     42.076   142.981 : corner 3
#     39.911   141.515 : corner 4
#
#
# Number of elementary sliprate
# isoceles triangular functions
# per subfault:   4
#
# Half duration of elementary sliprate
# isoceles triangular functions (s):   4.54
# Triangles are overlapping each other by half
#
# slip rate unit: cm/s
#
#
# Seismic moment is converted into slip
# using a single constant value for the
# shear modulus mu of  0.250E+12 dyne/cm2
# assumed to be constant and characteristic
# of the fault shear zone
#
#
#
# "rake" (degrees) is the slip angle (Aki"s convention,
# e.g. rake=+45 means left-lateral-reverse movement.
#
#
# ************************************************
# Total seismic moment M0=  0.136E+28 dyne.cm
# ************************************************
#
#
PLANE 1
 142.06400    41.06350   15    5   270.000    66.500
 27.05  74.90     0.098     0.000    33.250
POINTS   75
 142.15601    41.02850    32.200   27.05  74.90  0.2394E+13    0.00   4.54  -1  -1   128.32   231  4   0.0  0   0.0  0
      50.2         0.3         0.3         0.2
 141.64348    40.13409    57.882   27.05  74.90  0.2394E+13   31.78   4.54  -1  -1    52.90     0  4   0.0  0   0.0  0
       0.0         0.0         0.0         0.0
 141.74118    40.27843    57.882   27.05  74.90  0.2394E+13   26.81   4.54  -1  -1    52.90     0  4   0.0  0   0.0  0
       0.0         0.0         0.0         0.0
 141.83888    40.42277    57.882   27.05  74.90  0.2394E+13   21.93   4.54  -1  -1    52.90     0  4   0.0  0   0.0  0
       0.0         0.0         0.0         0.0
 141.93657    40.56711    57.882   27.05  74.90  0.2394E+13   17.20   4.54  -1  -1    52.90     0  4   0.0  0   0.0  0
       0.0         0.0         0.0         0.0
 142.03427    40.71145    57.882   27.05  74.90  0.2394E+13   13.49   4.54  -1  -1   124.51    69  4   0.0  0   0.0  0
       3.6         5.9         2.8         2.8
 142.13197    40.85579    57.882   27.05  74.90  0.2394E+13   10.66   4.54  -1  -1    63.16    97  4   0.0  0   0.0  0
      17.1         0.4         0.2         3.6
 142.22966    41.00013    57.882   27.05  74.90  0.2394E+13    7.76   4.54  -1  -1    92.24   266  4   0.0  0   0.0  0
      47.2        11.0         0.2         0.1
 142.32736    41.14447    57.882   27.05  74.90  0.2394E+13   31.45   4.54  -1  -1    79.31    69  4   0.0  0   0.0  0
      10.5         0.1         3.2         1.3
 142.42506    41.28881    57.882   27.05  74.90  0.2394E+13   29.01   4.54  -1  -1    53.18    24  4   0.0  0   0.0  0
       0.2         3.0         1.8         0.2
 142.52275    41.43315    57.882   27.05  74.90  0.2394E+13   17.20   4.54  -1  -1    52.90     0  4   0.0  0   0.0  0
       0.0         0.0         0.0         0.0
 142.62045    41.57749    57.882   27.05  74.90  0.2394E+13   21.93   4.54  -1  -1    52.90     0  4   0.0  0   0.0  0
       0.0         0.0         0.0         0.0
 142.71814    41.72183    57.882   27.05  74.90  0.2394E+13   26.81   4.54  -1  -1    52.90     0  4   0.0  0   0.0  0
       0.0         0.0         0.0         0.0
 142.81584    41.86617    57.882   27.05  74.90  0.2394E+13   31.78   4.54  -1  -1    52.90     0  4   0.0  0   0.0  0
       0.0         0.0         0.0         0.0
 142.91354    42.01051    57.882   27.05  74.90  0.2394E+13   32.76   4.54  -1  -1    52.90     0  4   0.0  0   0.0  0
       0.0         0.0         0.0         0.0
 141.50896    40.00393    45.041   27.05  74.90  0.2394E+13   32.76   4.54  -1  -1    52.90     0  4   0.0  0   0.0  0
       0.0         0.0         0.0         0.0
 141.60666    40.14827    45.041   27.05  74.90  0.2394E+13   31.09   4.54  -1  -1    52.90     0  4   0.0  0   0.0  0
       0.0         0.0         0.0         0.0
 141.70435    40.29261    45.041   27.05  74.90  0.2394E+13   25.99   4.54  -1  -1    52.90     0  4   0.0  0   0.0  0
       0.0         0.0         0.0         0.0
 141.80205    40.43695    45.041   27.05  74.90  0.2394E+13   20.92   4.54  -1  -1    52.90     0  4   0.0  0   0.0  0
       0.0         0.0         0.0         0.0
 141.89975    40.58130    45.041   27.05  74.90  0.2394E+13   15.89   4.54  -1  -1    52.90     0  4   0.0  0   0.0  0
       0.0         0.0         0.0         0.0
 141.99744    40.72563    45.041   27.05  74.90  0.2394E+13   31.27   4.54  -1  -1   142.79    28  4   0.0  0   0.0  0
       0.7         3.1         1.6         0.7
 142.09514    40.86997    45.041   27.05  74.90  0.2394E+13    6.60   4.54  -1  -1    80.37   128  4   0.0  0   0.0  0
      21.4         6.3         0.3         0.2
 142.19284    41.01431    45.041   27.05  74.90  0.2394E+13    4.43   4.54  -1  -1    86.20   196  4   0.0  0   0.0  0
      19.9        16.4         6.6         0.2
 142.29053    41.15865    45.041   27.05  74.90  0.2394E+13    6.97   4.54  -1  -1   134.04    95  4   0.0  0   0.0  0
      13.0         6.0         1.8         0.2
 142.38823    41.30299    45.041   27.05  74.90  0.2394E+13   30.07   4.54  -1  -1    70.89    27  4   0.0  0   0.0  0
       2.0         2.1         1.2         0.6
 142.48593    41.44733    45.041   27.05  74.90  0.2394E+13   15.89   4.54  -1  -1    52.90     0  4   0.0  0   0.0  0
       0.0         0.0         0.0         0.0
 142.58362    41.59167    45.041   27.05  74.90  0.2394E+13   20.92   4.54  -1  -1    52.90     0  4   0.0  0   0.0  0
       0.0         0.0         0.0         0.0
 142.68132    41.73601    45.041   27.05  74.90  0.2394E+13   25.99   4.54  -1  -1    52.90     0  4   0.0  0   0.0  0
       0.0         0.0         0.0         0.0
 142.77901    41.88035    45.041   27.05  74.90  0.2394E+13   31.09   4.54  -1  -1    52.90     0  4   0.0  0   0.0  0
       0.0         0.0         0.0         0.0
 142.87671    42.02469    45.041   27.05  74.90  0.2394E+13   32.76   4.54  -1  -1    52.90     0  4   0.0  0   0.0  0
       0.0         0.0         0.0         0.0
 141.47214    40.01812    32.200   27.05  74.90  0.2394E+13   32.76   4.54  -1  -1    52.90     0  4   0.0  0   0.0  0
       0.0         0.0         0.0         0.0
 141.56982    40.16246    32.200   27.05  74.90  0.2394E+13   30.86   4.54  -1  -1    52.90     0  4   0.0  0   0.0  0
       0.0         0.0         0.0         0.0
 141.66753    40.30680    32.200   27.05  74.90  0.2394E+13   25.71   4.54  -1  -1    52.90     0  4   0.0  0   0.0  0
       0.0         0.0         0.0         0.0
 141.76521    40.45114    32.200   27.05  74.90  0.2394E+13   20.57   4.54  -1  -1    52.90     0  4   0.0  0   0.0  0
       0.0         0.0         0.0         0.0
 141.86292    40.59548    32.200   27.05  74.90  0.2394E+13   15.43   4.54  -1  -1    52.90     0  4   0.0  0   0.0  0
       0.0         0.0         0.0         0.0
 141.96062    40.73982    32.200   27.05  74.90  0.2394E+13   32.59   4.54  -1  -1   100.22    21  4   0.0  0   0.0  0
       0.2         0.2         0.3         4.1
 142.05830    40.88416    32.200   27.05  74.90  0.2394E+13    6.93   4.54  -1  -1    74.15    66  4   0.0  0   0.0  0
      13.5         0.5         0.3         0.2
 141.54579    39.98975    57.882   27.05  74.90  0.2394E+13   32.76   4.54  -1  -1    52.90     0  4   0.0  0   0.0  0
       0.0         0.0         0.0         0.0
 142.25371    41.17284    32.200   27.05  74.90  0.2394E+13    6.34   4.54  -1  -1    69.21    49  4   0.0  0   0.0  0
       6.9         1.0         0.8         2.1
 142.35139    41.31718    32.200   27.05  74.90  0.2394E+13   17.60   4.54  -1  -1   103.69    25  4   0.0  0   0.0  0
       3.6         0.3         0.5         1.2
 142.44910    41.46152    32.200   27.05  74.90  0.2394E+13   15.43   4.54  -1  -1    52.90     0  4   0.0  0   0.0  0
       0.0         0.0         0.0         0.0
 142.54680    41.60586    32.200   27.05  74.90  0.2394E+13   20.57   4.54  -1  -1    52.90     0  4   0.0  0   0.0  0
       0.0         0.0         0.0         0.0
 142.64449    41.75020    32.200   27.05  74.90  0.2394E+13   25.71   4.54  -1  -1    52.90     0  4   0.0  0   0.0  0
       0.0         0.0         0.0         0.0
 142.74219    41.89454    32.200   27.05  74.90  0.2394E+13   30.86   4.54  -1  -1    52.90     0  4   0.0  0   0.0  0
       0.0         0.0         0.0         0.0
 142.83987    42.03888    32.200   27.05  74.90  0.2394E+13   32.76   4.54  -1  -1    52.90     0  4   0.0  0   0.0  0
       0.0         0.0         0.0         0.0
 141.43530    40.03231    19.359   27.05  74.90  0.2394E+13   32.76   4.54  -1  -1    52.90     0  4   0.0  0   0.0  0
       0.0         0.0         0.0         0.0
 141.53300    40.17665    19.359   27.05  74.90  0.2394E+13   31.09   4.54  -1  -1    52.90     0  4   0.0  0   0.0  0
       0.0         0.0         0.0         0.0
 141.63069    40.32099    19.359   27.05  74.90  0.2394E+13   25.99   4.54  -1  -1    52.90     0  4   0.0  0   0.0  0
       0.0         0.0         0.0         0.0
 141.72839    40.46532    19.359   27.05  74.90  0.2394E+13   20.92   4.54  -1  -1    52.90     0  4   0.0  0   0.0  0
       0.0         0.0         0.0         0.0
 141.82608    40.60966    19.359   27.05  74.90  0.2394E+13   15.89   4.54  -1  -1    52.90     0  4   0.0  0   0.0  0
       0.0         0.0         0.0         0.0
 141.92378    40.75401    19.359   27.05  74.90  0.2394E+13   32.70   4.54  -1  -1   113.21    48  4   0.0  0   0.0  0
       3.3         1.4         2.5         3.5
 142.02148    40.89835    19.359   27.05  74.90  0.2394E+13   17.50   4.54  -1  -1    54.08    56  4   0.0  0   0.0  0
       2.0         2.5         5.1         2.8
 142.11917    41.04269    19.359   27.05  74.90  0.2394E+13    5.90   4.54  -1  -1    92.07    64  4   0.0  0   0.0  0
       8.7         3.0         1.5         1.1
 142.21687    41.18703    19.359   27.05  74.90  0.2394E+13   17.48   4.54  -1  -1    98.72    63  4   0.0  0   0.0  0
       5.4         4.8         1.3         2.5
 142.31458    41.33137    19.359   27.05  74.90  0.2394E+13   21.00   4.54  -1  -1   106.59    42  4   0.0  0   0.0  0
       1.5         6.9         0.4         0.4
 142.41226    41.47570    19.359   27.05  74.90  0.2394E+13   15.89   4.54  -1  -1    52.90     0  4   0.0  0   0.0  0
       0.0         0.0         0.0         0.0
 142.50996    41.62004    19.359   27.05  74.90  0.2394E+13   20.92   4.54  -1  -1    52.90     0  4   0.0  0   0.0  0
       0.0         0.0         0.0         0.0
 142.60767    41.76439    19.359   27.05  74.90  0.2394E+13   25.99   4.54  -1  -1    52.90     0  4   0.0  0   0.0  0
       0.0         0.0         0.0         0.0
 142.70535    41.90873    19.359   27.05  74.90  0.2394E+13   31.09   4.54  -1  -1    52.90     0  4   0.0  0   0.0  0
       0.0         0.0         0.0         0.0
 142.80305    42.05307    19.359   27.05  74.90  0.2394E+13   32.76   4.54  -1  -1    52.90     0  4   0.0  0   0.0  0
       0.0         0.0         0.0         0.0
 141.39847    40.04649     6.518   27.05  74.90  0.2394E+13   32.76   4.54  -1  -1    52.90     0  4   0.0  0   0.0  0
       0.0         0.0         0.0         0.0
 141.49617    40.19083     6.518   27.05  74.90  0.2394E+13   31.78   4.54  -1  -1    52.90     0  4   0.0  0   0.0  0
       0.0         0.0         0.0         0.0
 141.59387    40.33517     6.518   27.05  74.90  0.2394E+13   26.81   4.54  -1  -1    52.90     0  4   0.0  0   0.0  0
       0.0         0.0         0.0         0.0
 141.69156    40.47951     6.518   27.05  74.90  0.2394E+13   21.93   4.54  -1  -1    52.90     0  4   0.0  0   0.0  0
       0.0         0.0         0.0         0.0
 141.78926    40.62385     6.518   27.05  74.90  0.2394E+13   17.20   4.54  -1  -1    52.90     0  4   0.0  0   0.0  0
       0.0         0.0         0.0         0.0
 141.88695    40.76819     6.518   27.05  74.90  0.2394E+13   25.59   4.54  -1  -1    89.26   120  4   0.0  0   0.0  0
      11.2         5.4         5.0         4.8
 141.98465    40.91253     6.518   27.05  74.90  0.2394E+13   20.84   4.54  -1  -1    88.86   168  4   0.0  0   0.0  0
      14.1         8.6         7.0         7.3
 142.08235    41.05687     6.518   27.05  74.90  0.2394E+13   20.96   4.54  -1  -1    52.99   129  4   0.0  0   0.0  0
       3.0        12.1         7.1         6.3
 142.18004    41.20121     6.518   27.05  74.90  0.2394E+13   27.97   4.54  -1  -1    78.71    78  4   0.0  0   0.0  0
       0.8         8.0         6.5         1.8
 142.27774    41.34555     6.518   27.05  74.90  0.2394E+13   17.48   4.54  -1  -1   115.71   104  4   0.0  0   0.0  0
      11.8         2.5         4.5         4.1
 142.37544    41.48989     6.518   27.05  74.90  0.2394E+13   17.20   4.54  -1  -1    52.90     0  4   0.0  0   0.0  0
       0.0         0.0         0.0         0.0
 142.47313    41.63423     6.518   27.05  74.90  0.2394E+13   21.93   4.54  -1  -1    52.90     0  4   0.0  0   0.0  0
       0.0         0.0         0.0         0.0
 142.57083    41.77857     6.518   27.05  74.90  0.2394E+13   26.81   4.54  -1  -1    52.90     0  4   0.0  0   0.0  0
       0.0         0.0         0.0         0.0
 142.66853    41.92291     6.518   27.05  74.90  0.2394E+13   31.78   4.54  -1  -1    52.90     0  4   0.0  0   0.0  0
       0.0         0.0         0.0         0.0
 142.76622    42.06725     6.518   27.05  74.90  0.2394E+13   32.76   4.54  -1  -1    52.90     0  4   0.0  0   0.0  0
       0.0         0.0         0.0         0.0
