2.0
#
# http://equake-rc.info/static/paper/SRF-Description-Graves_2.0.pdf
# RECTANGULAR fault MODEL
#
# All subfaults are  10.0 km long along strike and
#   6.2 km wide along dip
#
# Model length along strike is  130.0 km
#
# Model width along dip is   31.0 km
#
# Corners of the rectangular dislocation model (lat, lon):
#     59.967  -138.650 : corner 1
#     60.785  -140.348 : corner 2
#     60.874  -140.172 : corner 3
#     60.057  -138.474 : corner 4
#
#
# Number of elementary sliprate
# isoceles triangular functions
# per subfault:   4
#
# Half duration of elementary sliprate
# isoceles triangular functions (s):   2.86
# Triangles are overlapping each other by half
#
# slip rate unit: cm/s
#
#
# Seismic moment is converted into slip
# using a single constant value for the
# shear modulus mu of  0.250E+12 dyne/cm2
# assumed to be constant and characteristic
# of the fault shear zone
#
#
#
# "rake" (degrees) is the slip angle (Aki"s convention,
# e.g. rake=+45 means left-lateral-reverse movement.
#
#
# ************************************************
# Total seismic moment M0=  0.465E+27 dyne.cm
# ************************************************
#
#
PLANE 1
-139.49899    60.37600   13    5   130.000    31.000
314.28  63.51     0.076     0.000     9.300
POINTS   65
-139.44600    60.40310     8.400  314.28  63.51  0.6200E+12    0.00   2.86  -1  -1   177.81    85  4   0.0  0   0.0  0
       8.9         0.4        20.2         0.4
-138.68726    60.14209    25.047  314.28  63.51  0.6200E+12   15.24   2.86  -1  -1   101.04     0  4   0.0  0   0.0  0
       0.0         0.0         0.0         0.0
-138.81787    60.20500    25.047  314.28  63.51  0.6200E+12   12.60   2.86  -1  -1   101.04     0  4   0.0  0   0.0  0
       0.0         0.0         0.0         0.0
-138.94849    60.26790    25.047  314.28  63.51  0.6200E+12   10.09   2.86  -1  -1   101.04     0  4   0.0  0   0.0  0
       0.0         0.0         0.0         0.0
-139.07910    60.33081    25.047  314.28  63.51  0.6200E+12   16.26   2.86  -1  -1   141.47     4  4   0.0  0   0.0  0
       0.1         0.2         0.2         0.8
-139.20972    60.39371    25.047  314.28  63.51  0.6200E+12   16.27   2.86  -1  -1   178.98    13  4   0.0  0   0.0  0
       0.2         0.3         2.1         2.1
-139.34033    60.45662    25.047  314.28  63.51  0.6200E+12    6.30   2.86  -1  -1   149.71    35  4   0.0  0   0.0  0
      11.2         0.1         0.1         0.8
-139.47095    60.51952    25.047  314.28  63.51  0.6200E+12   15.37   2.86  -1  -1   127.94    29  4   0.0  0   0.0  0
       6.7         0.6         2.8         0.1
-139.60156    60.58243    25.047  314.28  63.51  0.6200E+12   12.68   2.86  -1  -1   116.30    22  4   0.0  0   0.0  0
       5.8         1.2         0.5         0.3
-139.73218    60.64534    25.047  314.28  63.51  0.6200E+12   16.94   2.86  -1  -1   152.77    33  4   0.0  0   0.0  0
       7.4         3.5         0.5         0.1
-139.86279    60.70824    25.047  314.28  63.51  0.6200E+12   14.41   2.86  -1  -1   138.51    12  4   0.0  0   0.0  0
       2.9         0.9         0.2         0.1
-139.99341    60.77114    25.047  314.28  63.51  0.6200E+12   15.24   2.86  -1  -1   101.04     0  4   0.0  0   0.0  0
       0.0         0.0         0.0         0.0
-140.12402    60.83405    25.047  314.28  63.51  0.6200E+12   17.32   2.86  -1  -1   101.04     0  4   0.0  0   0.0  0
       0.0         0.0         0.0         0.0
-138.59186    60.06135    19.498  314.28  63.51  0.6200E+12   17.32   2.86  -1  -1   101.04     0  4   0.0  0   0.0  0
       0.0         0.0         0.0         0.0
-138.72247    60.12425    19.498  314.28  63.51  0.6200E+12   14.72   2.86  -1  -1   101.04     0  4   0.0  0   0.0  0
       0.0         0.0         0.0         0.0
-138.85309    60.18716    19.498  314.28  63.51  0.6200E+12   11.97   2.86  -1  -1   101.04     0  4   0.0  0   0.0  0
       0.0         0.0         0.0         0.0
-138.98370    60.25006    19.498  314.28  63.51  0.6200E+12    9.27   2.86  -1  -1   101.04     0  4   0.0  0   0.0  0
       0.0         0.0         0.0         0.0
-139.11432    60.31297    19.498  314.28  63.51  0.6200E+12   16.24   2.86  -1  -1   141.56    15  4   0.0  0   0.0  0
       0.2         0.2         1.6         3.2
-139.24493    60.37587    19.498  314.28  63.51  0.6200E+12   14.69   2.86  -1  -1   167.59    14  4   0.0  0   0.0  0
       1.7         0.2         0.2         2.9
-139.37555    60.43878    19.498  314.28  63.51  0.6200E+12    4.54   2.86  -1  -1   164.46   149  4   0.0  0   0.0  0
      51.8         0.2         0.1         0.2
-139.50616    60.50168    19.498  314.28  63.51  0.6200E+12    5.58   2.86  -1  -1   128.97    98  4   0.0  0   0.0  0
      29.3         2.4         2.6         0.1
-139.63678    60.56459    19.498  314.28  63.51  0.6200E+12    7.45   2.86  -1  -1   116.83   104  4   0.0  0   0.0  0
      30.7         3.2         0.3         2.1
-139.76741    60.62749    19.498  314.28  63.51  0.6200E+12   11.48   2.86  -1  -1   135.47    56  4   0.0  0   0.0  0
      14.5         0.2         3.1         1.8
-139.89803    60.69040    19.498  314.28  63.51  0.6200E+12   16.91   2.86  -1  -1   142.92    23  4   0.0  0   0.0  0
       3.8         1.8         1.8         0.5
-140.02864    60.75330    19.498  314.28  63.51  0.6200E+12   14.72   2.86  -1  -1   101.04     0  4   0.0  0   0.0  0
       0.0         0.0         0.0         0.0
-140.15926    60.81621    19.498  314.28  63.51  0.6200E+12   17.32   2.86  -1  -1   101.04     0  4   0.0  0   0.0  0
       0.0         0.0         0.0         0.0
-138.62708    60.04351    13.949  314.28  63.51  0.6200E+12   17.23   2.86  -1  -1   101.04     0  4   0.0  0   0.0  0
       0.0         0.0         0.0         0.0
-138.75769    60.10641    13.949  314.28  63.51  0.6200E+12   14.40   2.86  -1  -1   101.04     0  4   0.0  0   0.0  0
       0.0         0.0         0.0         0.0
-138.88832    60.16932    13.949  314.28  63.51  0.6200E+12   11.56   2.86  -1  -1   101.04     0  4   0.0  0   0.0  0
       0.0         0.0         0.0         0.0
-139.01894    60.23222    13.949  314.28  63.51  0.6200E+12    8.75   2.86  -1  -1   101.04     0  4   0.0  0   0.0  0
       0.0         0.0         0.0         0.0
-139.14955    60.29513    13.949  314.28  63.51  0.6200E+12   16.29   2.86  -1  -1   158.63     7  4   0.0  0   0.0  0
       0.1         0.5         1.0         0.8
-139.28017    60.35803    13.949  314.28  63.51  0.6200E+12    6.30   2.86  -1  -1   162.35    30  4   0.0  0   0.0  0
       9.4         0.4         0.3         0.2
-139.41078    60.42094    13.949  314.28  63.51  0.6200E+12    5.60   2.86  -1  -1   162.14    60  4   0.0  0   0.0  0
      12.5         7.7         0.2         0.4
-139.54140    60.48384    13.949  314.28  63.51  0.6200E+12    8.39   2.86  -1  -1   140.24    93  4   0.0  0   0.0  0
       9.9         4.1         6.8        11.7
-139.67201    60.54675    13.949  314.28  63.51  0.6200E+12    6.13   2.86  -1  -1   154.32   142  4   0.0  0   0.0  0
      32.2        11.3         0.2         5.9
-139.80263    60.60965    13.949  314.28  63.51  0.6200E+12    9.60   2.86  -1  -1   139.10   101  4   0.0  0   0.0  0
      25.5         5.2         3.7         1.1
-139.93324    60.67256    13.949  314.28  63.51  0.6200E+12   12.66   2.86  -1  -1   121.24    30  4   0.0  0   0.0  0
       4.7         1.5         1.2         3.1
-140.06386    60.73547    13.949  314.28  63.51  0.6200E+12   14.40   2.86  -1  -1   101.04     0  4   0.0  0   0.0  0
       0.0         0.0         0.0         0.0
-140.19447    60.79837    13.949  314.28  63.51  0.6200E+12   17.23   2.86  -1  -1   101.04     0  4   0.0  0   0.0  0
       0.0         0.0         0.0         0.0
-138.66231    60.02567     8.400  314.28  63.51  0.6200E+12   17.14   2.86  -1  -1   101.04     0  4   0.0  0   0.0  0
       0.0         0.0         0.0         0.0
-138.79292    60.08857     8.400  314.28  63.51  0.6200E+12   14.29   2.86  -1  -1   101.04     0  4   0.0  0   0.0  0
       0.0         0.0         0.0         0.0
-138.92354    60.15148     8.400  314.28  63.51  0.6200E+12   11.43   2.86  -1  -1   101.04     0  4   0.0  0   0.0  0
       0.0         0.0         0.0         0.0
-139.05415    60.21438     8.400  314.28  63.51  0.6200E+12    8.57   2.86  -1  -1   101.04     0  4   0.0  0   0.0  0
       0.0         0.0         0.0         0.0
-139.18477    60.27729     8.400  314.28  63.51  0.6200E+12    6.29   2.86  -1  -1   169.58    26  4   0.0  0   0.0  0
       4.5         2.0         1.5         1.1
-139.31538    60.34019     8.400  314.28  63.51  0.6200E+12    5.55   2.86  -1  -1   139.24    60  4   0.0  0   0.0  0
       8.1         9.4         2.4         1.0
-138.55664    60.07919    25.047  314.28  63.51  0.6200E+12   17.32   2.86  -1  -1   101.04     0  4   0.0  0   0.0  0
       0.0         0.0         0.0         0.0
-139.57661    60.46600     8.400  314.28  63.51  0.6200E+12    7.45   2.86  -1  -1   139.48   199  4   0.0  0   0.0  0
      23.1        33.2         5.7         7.5
-139.70723    60.52891     8.400  314.28  63.51  0.6200E+12    6.96   2.86  -1  -1   144.66   218  4   0.0  0   0.0  0
      49.4        11.7        13.3         1.8
-139.83784    60.59182     8.400  314.28  63.51  0.6200E+12   11.20   2.86  -1  -1   129.38   165  4   0.0  0   0.0  0
      22.8        25.0         9.2         0.7
-139.96846    60.65472     8.400  314.28  63.51  0.6200E+12   11.55   2.86  -1  -1   136.53    45  4   0.0  0   0.0  0
      11.1         4.4         0.2         0.1
-140.09908    60.71762     8.400  314.28  63.51  0.6200E+12   14.29   2.86  -1  -1   101.04     0  4   0.0  0   0.0  0
       0.0         0.0         0.0         0.0
-140.22969    60.78053     8.400  314.28  63.51  0.6200E+12   17.14   2.86  -1  -1   101.04     0  4   0.0  0   0.0  0
       0.0         0.0         0.0         0.0
-138.69753    60.00783     2.851  314.28  63.51  0.6200E+12   17.23   2.86  -1  -1   101.04     0  4   0.0  0   0.0  0
       0.0         0.0         0.0         0.0
-138.82814    60.07073     2.851  314.28  63.51  0.6200E+12   14.40   2.86  -1  -1   101.04     0  4   0.0  0   0.0  0
       0.0         0.0         0.0         0.0
-138.95876    60.13364     2.851  314.28  63.51  0.6200E+12   11.56   2.86  -1  -1   101.04     0  4   0.0  0   0.0  0
       0.0         0.0         0.0         0.0
-139.08937    60.19654     2.851  314.28  63.51  0.6200E+12    8.75   2.86  -1  -1   101.04     0  4   0.0  0   0.0  0
       0.0         0.0         0.0         0.0
-139.21999    60.25945     2.851  314.28  63.51  0.6200E+12    6.29   2.86  -1  -1   167.26    43  4   0.0  0   0.0  0
       7.6         3.3         2.6         1.5
-139.35060    60.32235     2.851  314.28  63.51  0.6200E+12    5.53   2.86  -1  -1   134.12   108  4   0.0  0   0.0  0
      18.3        14.7         3.3         1.5
-139.48122    60.38526     2.851  314.28  63.51  0.6200E+12    5.87   2.86  -1  -1   129.81   222  4   0.0  0   0.0  0
       0.1        16.0        43.5        18.1
-139.61183    60.44817     2.851  314.28  63.51  0.6200E+12    9.81   2.86  -1  -1   129.51   261  4   0.0  0   0.0  0
      15.9        38.3        11.1        26.0
-139.74245    60.51107     2.851  314.28  63.51  0.6200E+12    6.38   2.86  -1  -1   153.81   276  4   0.0  0   0.0  0
      63.7        12.4        17.5         3.0
-139.87306    60.57397     2.851  314.28  63.51  0.6200E+12    9.57   2.86  -1  -1   130.31   145  4   0.0  0   0.0  0
      31.7         1.6        16.7         0.5
-140.00369    60.63688     2.851  314.28  63.51  0.6200E+12   12.49   2.86  -1  -1   125.80    78  4   0.0  0   0.0  0
      18.9         7.9         0.2         0.2
-140.13431    60.69978     2.851  314.28  63.51  0.6200E+12   14.40   2.86  -1  -1   101.04     0  4   0.0  0   0.0  0
       0.0         0.0         0.0         0.0
-140.26492    60.76269     2.851  314.28  63.51  0.6200E+12   17.23   2.86  -1  -1   101.04     0  4   0.0  0   0.0  0
       0.0         0.0         0.0         0.0
