2.0
#
# http://equake-rc.info/static/paper/SRF-Description-Graves_2.0.pdf
# RECTANGULAR fault MODEL
#
# All subfaults are  10.0 km long along strike and
#   6.4 km wide along dip
#
# Model length along strike is  130.0 km
#
# Model width along dip is   32.0 km
#
# Corners of the rectangular dislocation model (lat, lon):
#     60.157  -140.526 : corner 1
#     60.725  -138.451 : corner 2
#     60.599  -138.310 : corner 3
#     60.031  -140.384 : corner 4
#
#
# Number of elementary sliprate
# isoceles triangular functions
# per subfault:   4
#
# Half duration of elementary sliprate
# isoceles triangular functions (s):   2.86
# Triangles are overlapping each other by half
#
# slip rate unit: cm/s
#
#
# Seismic moment is converted into slip
# using a single constant value for the
# shear modulus mu of  0.250E+12 dyne/cm2
# assumed to be constant and characteristic
# of the fault shear zone
#
#
#
# "rake" (degrees) is the slip angle (Aki"s convention,
# e.g. rake=+45 means left-lateral-reverse movement.
#
#
# ************************************************
# Total seismic moment M0=  0.467E+27 dyne.cm
# ************************************************
#
#
PLANE 1
-139.48849    60.44100   13    5   130.000    32.000
 61.00  60.00     0.086     0.000     9.602
POINTS   65
-139.44600    60.40310     8.400   61.00  60.00  0.6400E+12    0.00   2.86  -1  -1    43.97   238  4   0.0  0   0.0  0
      18.2        37.3        13.4        14.3
-140.15889    60.10903    25.028   61.00  60.00  0.6400E+12   15.83   2.86  -1  -1    59.65    30  4   0.0  0   0.0  0
       3.7         2.4         0.7         3.7
-139.99933    60.15271    25.028   61.00  60.00  0.6400E+12   15.69   2.86  -1  -1    65.54    19  4   0.0  0   0.0  0
       0.2         0.1         0.1         6.3
-139.83977    60.19640    25.028   61.00  60.00  0.6400E+12   12.56   2.86  -1  -1    63.53     2  4   0.0  0   0.0  0
       0.1         0.1         0.2         0.2
-139.68021    60.24008    25.028   61.00  60.00  0.6400E+12   14.06   2.86  -1  -1    -1.31     2  4   0.0  0   0.0  0
       0.1         0.4         0.1         0.2
-139.52065    60.28376    25.028   61.00  60.00  0.6400E+12    9.57   2.86  -1  -1    -3.44    12  4   0.0  0   0.0  0
       0.7         3.1         0.2         0.2
-139.36108    60.32745    25.028   61.00  60.00  0.6400E+12    9.55   2.86  -1  -1    58.79    16  4   0.0  0   0.0  0
       3.2         1.0         0.2         1.1
-139.20152    60.37113    25.028   61.00  60.00  0.6400E+12    9.41   2.86  -1  -1    75.78    55  4   0.0  0   0.0  0
       2.7         3.7         7.6         5.2
-139.04196    60.41481    25.028   61.00  60.00  0.6400E+12    7.92   2.86  -1  -1   -14.00     0  4   0.0  0   0.0  0
       0.0         0.0         0.0         0.0
-138.88240    60.45850    25.028   61.00  60.00  0.6400E+12   10.18   2.86  -1  -1   -14.00     0  4   0.0  0   0.0  0
       0.0         0.0         0.0         0.0
-138.72284    60.50218    25.028   61.00  60.00  0.6400E+12   12.68   2.86  -1  -1   -14.00     0  4   0.0  0   0.0  0
       0.0         0.0         0.0         0.0
-138.56328    60.54586    25.028   61.00  60.00  0.6400E+12   15.30   2.86  -1  -1   -14.00     0  4   0.0  0   0.0  0
       0.0         0.0         0.0         0.0
-138.40372    60.58954    25.028   61.00  60.00  0.6400E+12   17.32   2.86  -1  -1   -14.00     0  4   0.0  0   0.0  0
       0.0         0.0         0.0         0.0
-140.34676    60.09056    19.485   61.00  60.00  0.6400E+12   17.32   2.86  -1  -1   -14.00     0  4   0.0  0   0.0  0
       0.0         0.0         0.0         0.0
-140.18719    60.13425    19.485   61.00  60.00  0.6400E+12   15.42   2.86  -1  -1    70.34    19  4   0.0  0   0.0  0
       0.1         2.4         3.6         0.5
-140.02763    60.17793    19.485   61.00  60.00  0.6400E+12   16.78   2.86  -1  -1    45.40     1  4   0.0  0   0.0  0
       0.1         0.1         0.1         0.1
-139.86807    60.22161    19.485   61.00  60.00  0.6400E+12   17.16   2.86  -1  -1     6.07     2  4   0.0  0   0.0  0
       0.1         0.2         0.3         0.2
-139.70851    60.26530    19.485   61.00  60.00  0.6400E+12   13.27   2.86  -1  -1     6.96    35  4   0.0  0   0.0  0
       9.3         2.6         0.1         0.1
-139.54895    60.30898    19.485   61.00  60.00  0.6400E+12    9.55   2.86  -1  -1    23.22    34  4   0.0  0   0.0  0
       6.0         3.6         0.2         2.1
-139.38939    60.35266    19.485   61.00  60.00  0.6400E+12    9.41   2.86  -1  -1    35.96    55  4   0.0  0   0.0  0
       8.8         8.3         1.8         0.2
-139.22983    60.39635    19.485   61.00  60.00  0.6400E+12    9.37   2.86  -1  -1    50.24    27  4   0.0  0   0.0  0
       6.1         2.7         0.2         0.5
-139.07027    60.44003    19.485   61.00  60.00  0.6400E+12    6.78   2.86  -1  -1   -14.00     0  4   0.0  0   0.0  0
       0.0         0.0         0.0         0.0
-138.91071    60.48371    19.485   61.00  60.00  0.6400E+12    9.32   2.86  -1  -1   -14.00     0  4   0.0  0   0.0  0
       0.0         0.0         0.0         0.0
-138.75114    60.52740    19.485   61.00  60.00  0.6400E+12   12.00   2.86  -1  -1   -14.00     0  4   0.0  0   0.0  0
       0.0         0.0         0.0         0.0
-138.59158    60.57108    19.485   61.00  60.00  0.6400E+12   14.75   2.86  -1  -1   -14.00     0  4   0.0  0   0.0  0
       0.0         0.0         0.0         0.0
-138.43202    60.61476    19.485   61.00  60.00  0.6400E+12   17.32   2.86  -1  -1   -14.00     0  4   0.0  0   0.0  0
       0.0         0.0         0.0         0.0
-140.37506    60.11578    13.943   61.00  60.00  0.6400E+12   17.24   2.86  -1  -1   -14.00     0  4   0.0  0   0.0  0
       0.0         0.0         0.0         0.0
-140.21550    60.15947    13.943   61.00  60.00  0.6400E+12   15.85   2.86  -1  -1    23.82    29  4   0.0  0   0.0  0
       4.8         4.5         0.6         0.1
-140.05594    60.20315    13.943   61.00  60.00  0.6400E+12   16.15   2.86  -1  -1    -9.24    34  4   0.0  0   0.0  0
       4.3         6.2         0.4         1.0
-139.89638    60.24683    13.943   61.00  60.00  0.6400E+12   15.14   2.86  -1  -1    23.77    47  4   0.0  0   0.0  0
      12.8         2.2         0.1         1.2
-139.73682    60.29052    13.943   61.00  60.00  0.6400E+12    9.55   2.86  -1  -1    33.46    76  4   0.0  0   0.0  0
      25.1         1.2         0.1         0.1
-139.57726    60.33420    13.943   61.00  60.00  0.6400E+12    7.88   2.86  -1  -1    16.59    99  4   0.0  0   0.0  0
      10.3         3.3        19.1         1.8
-139.41769    60.37788    13.943   61.00  60.00  0.6400E+12    5.31   2.86  -1  -1    52.83   158  4   0.0  0   0.0  0
      47.9         4.8         0.8         1.7
-139.25813    60.42157    13.943   61.00  60.00  0.6400E+12    3.71   2.86  -1  -1    20.42   140  4   0.0  0   0.0  0
      46.7         0.2         0.5         1.7
-139.09857    60.46525    13.943   61.00  60.00  0.6400E+12    6.00   2.86  -1  -1   -14.00     0  4   0.0  0   0.0  0
       0.0         0.0         0.0         0.0
-138.93901    60.50893    13.943   61.00  60.00  0.6400E+12    8.76   2.86  -1  -1   -14.00     0  4   0.0  0   0.0  0
       0.0         0.0         0.0         0.0
-138.77945    60.55261    13.943   61.00  60.00  0.6400E+12   11.57   2.86  -1  -1   -14.00     0  4   0.0  0   0.0  0
       0.0         0.0         0.0         0.0
-138.61989    60.59630    13.943   61.00  60.00  0.6400E+12   14.40   2.86  -1  -1   -14.00     0  4   0.0  0   0.0  0
       0.0         0.0         0.0         0.0
-138.46033    60.63998    13.943   61.00  60.00  0.6400E+12   17.24   2.86  -1  -1   -14.00     0  4   0.0  0   0.0  0
       0.0         0.0         0.0         0.0
-140.40337    60.14100     8.400   61.00  60.00  0.6400E+12   17.14   2.86  -1  -1   -14.00     0  4   0.0  0   0.0  0
       0.0         0.0         0.0         0.0
-140.24380    60.18468     8.400   61.00  60.00  0.6400E+12   15.42   2.86  -1  -1    69.71    75  4   0.0  0   0.0  0
       2.5        13.3         9.6         1.0
-140.08424    60.22837     8.400   61.00  60.00  0.6400E+12   17.19   2.86  -1  -1    27.45    40  4   0.0  0   0.0  0
       5.8         3.1         2.7         2.5
-139.92468    60.27205     8.400   61.00  60.00  0.6400E+12   11.35   2.86  -1  -1     6.10    70  4   0.0  0   0.0  0
       0.5        10.8         7.1         6.1
-139.76512    60.31573     8.400   61.00  60.00  0.6400E+12    8.99   2.86  -1  -1    -6.61    83  4   0.0  0   0.0  0
       0.2        14.1        12.0         2.7
-139.60556    60.35942     8.400   61.00  60.00  0.6400E+12    3.10   2.86  -1  -1    29.02   186  4   0.0  0   0.0  0
      24.5        16.8        21.0         2.7
-140.31845    60.06535    25.028   61.00  60.00  0.6400E+12   17.32   2.86  -1  -1   -14.00     0  4   0.0  0   0.0  0
       0.0         0.0         0.0         0.0
-139.28644    60.44678     8.400   61.00  60.00  0.6400E+12    3.18   2.86  -1  -1    61.03   167  4   0.0  0   0.0  0
      18.8        27.4         4.3         7.8
-139.12688    60.49047     8.400   61.00  60.00  0.6400E+12    5.71   2.86  -1  -1   -14.00     0  4   0.0  0   0.0  0
       0.0         0.0         0.0         0.0
-138.96732    60.53415     8.400   61.00  60.00  0.6400E+12    8.57   2.86  -1  -1   -14.00     0  4   0.0  0   0.0  0
       0.0         0.0         0.0         0.0
-138.80775    60.57783     8.400   61.00  60.00  0.6400E+12   11.43   2.86  -1  -1   -14.00     0  4   0.0  0   0.0  0
       0.0         0.0         0.0         0.0
-138.64819    60.62151     8.400   61.00  60.00  0.6400E+12   14.29   2.86  -1  -1   -14.00     0  4   0.0  0   0.0  0
       0.0         0.0         0.0         0.0
-138.48863    60.66520     8.400   61.00  60.00  0.6400E+12   17.14   2.86  -1  -1   -14.00     0  4   0.0  0   0.0  0
       0.0         0.0         0.0         0.0
-140.43167    60.16622     2.857   61.00  60.00  0.6400E+12   17.24   2.86  -1  -1   -14.00     0  4   0.0  0   0.0  0
       0.0         0.0         0.0         0.0
-140.27211    60.20990     2.857   61.00  60.00  0.6400E+12   14.54   2.86  -1  -1    44.78    52  4   0.0  0   0.0  0
       0.1         3.9         2.4        11.8
-140.11255    60.25359     2.857   61.00  60.00  0.6400E+12   14.69   2.86  -1  -1    10.13    73  4   0.0  0   0.0  0
       2.7         7.8         7.3         7.5
-139.95299    60.29727     2.857   61.00  60.00  0.6400E+12   14.02   2.86  -1  -1    -0.26    97  4   0.0  0   0.0  0
      10.3        12.6         3.6         7.4
-139.79343    60.34095     2.857   61.00  60.00  0.6400E+12    9.55   2.86  -1  -1    26.16    93  4   0.0  0   0.0  0
      17.8        14.3         0.2         0.1
-139.63387    60.38463     2.857   61.00  60.00  0.6400E+12    6.41   2.86  -1  -1    29.58   288  4   0.0  0   0.0  0
      26.0        51.1        15.9         7.6
-139.47430    60.42832     2.857   61.00  60.00  0.6400E+12    3.37   2.86  -1  -1    43.21   333  4   0.0  0   0.0  0
      12.9        58.6        32.6        12.4
-139.31474    60.47200     2.857   61.00  60.00  0.6400E+12    6.21   2.86  -1  -1    57.25   235  4   0.0  0   0.0  0
      27.3        30.6        17.2         7.0
-139.15518    60.51568     2.857   61.00  60.00  0.6400E+12    6.00   2.86  -1  -1   -14.00     0  4   0.0  0   0.0  0
       0.0         0.0         0.0         0.0
-138.99562    60.55937     2.857   61.00  60.00  0.6400E+12    8.76   2.86  -1  -1   -14.00     0  4   0.0  0   0.0  0
       0.0         0.0         0.0         0.0
-138.83606    60.60305     2.857   61.00  60.00  0.6400E+12   11.57   2.86  -1  -1   -14.00     0  4   0.0  0   0.0  0
       0.0         0.0         0.0         0.0
-138.67650    60.64673     2.857   61.00  60.00  0.6400E+12   14.40   2.86  -1  -1   -14.00     0  4   0.0  0   0.0  0
       0.0         0.0         0.0         0.0
-138.51694    60.69041     2.857   61.00  60.00  0.6400E+12   17.24   2.86  -1  -1   -14.00     0  4   0.0  0   0.0  0
       0.0         0.0         0.0         0.0
