2.0
#
# http://equake-rc.info/static/paper/SRF-Description-Graves_2.0.pdf
# RECTANGULAR fault MODEL
#
# All subfaults are   5.0 km long along strike and
#   9.0 km wide along dip
#
# Model length along strike is   45.0 km
#
# Model width along dip is   45.0 km
#
# Corners of the rectangular dislocation model (lat, lon):
#     50.959  -175.750 : corner 1
#     50.882  -176.385 : corner 2
#     51.250  -176.498 : corner 3
#     51.326  -175.863 : corner 4
#
#
# Number of elementary sliprate
# isoceles triangular functions
# per subfault:   4
#
# Half duration of elementary sliprate
# isoceles triangular functions (s):   1.55
# Triangles are overlapping each other by half
#
# slip rate unit: cm/s
#
#
# Seismic moment is converted into slip
# using a single constant value for the
# shear modulus mu of  0.250E+12 dyne/cm2
# assumed to be constant and characteristic
# of the fault shear zone
#
#
#
# "rake" (degrees) is the slip angle (Aki"s convention,
# e.g. rake=+45 means left-lateral-reverse movement.
#
#
# ************************************************
# Total seismic moment M0=  0.165E+26 dyne.cm
# ************************************************
#
#
PLANE 1
-176.06750    50.92050    9    5    45.000    45.000
259.15  22.53     6.129     0.000    31.500
POINTS   45
-176.14650    51.17780    18.200  259.15  22.53  0.4500E+12    0.00   1.55  -1  -1   116.91    36  4   0.0  0   0.0  0
      21.1         0.6         1.3         0.4
-175.95732    51.27678    21.649  259.15  22.53  0.4500E+12    5.69   1.55  -1  -1    59.39     6  4   0.0  0   0.0  0
       0.1         0.1         0.3         3.1
-176.02788    51.26830    21.649  259.15  22.53  0.4500E+12    5.70   1.55  -1  -1    83.15     2  4   0.0  0   0.0  0
       0.1         0.1         0.1         0.9
-176.09843    51.25982    21.649  259.15  22.53  0.4500E+12    5.95   1.55  -1  -1    98.75     5  4   0.0  0   0.0  0
       0.1         0.1         0.2         2.8
-176.16899    51.25134    21.649  259.15  22.53  0.4500E+12    6.68   1.55  -1  -1    96.07     7  4   0.0  0   0.0  0
       0.1         0.1         3.0         1.3
-176.23955    51.24286    21.649  259.15  22.53  0.4500E+12    7.06   1.55  -1  -1   124.13     6  4   0.0  0   0.0  0
       0.1         0.1         0.8         2.8
-176.31010    51.23438    21.649  259.15  22.53  0.4500E+12    7.02   1.55  -1  -1   136.41     6  4   0.0  0   0.0  0
       0.1         0.1         0.1         3.9
-176.38066    51.22589    21.649  259.15  22.53  0.4500E+12    6.72   1.55  -1  -1   147.02     3  4   0.0  0   0.0  0
       0.1         0.1         0.1         2.0
-176.45122    51.21741    21.649  259.15  22.53  0.4500E+12    6.27   1.55  -1  -1    57.17     0  4   0.0  0   0.0  0
       0.0         0.0         0.0         0.0
-175.86427    51.21172    18.200  259.15  22.53  0.4500E+12    5.71   1.55  -1  -1    57.17     0  4   0.0  0   0.0  0
       0.0         0.0         0.0         0.0
-175.93483    51.20324    18.200  259.15  22.53  0.4500E+12    4.32   1.55  -1  -1    80.36     3  4   0.0  0   0.0  0
       2.0         0.1         0.1         0.1
-176.00539    51.19476    18.200  259.15  22.53  0.4500E+12    3.55   1.55  -1  -1    85.44     8  4   0.0  0   0.0  0
       5.0         0.2         0.1         0.1
-176.07594    51.18628    18.200  259.15  22.53  0.4500E+12    2.07   1.55  -1  -1   122.21    12  4   0.0  0   0.0  0
       3.4         3.5         0.8         0.1
-175.88676    51.28526    21.649  259.15  22.53  0.4500E+12    6.27   1.55  -1  -1    57.17     0  4   0.0  0   0.0  0
       0.0         0.0         0.0         0.0
-176.21706    51.16932    18.200  259.15  22.53  0.4500E+12    2.16   1.55  -1  -1   117.02     6  4   0.0  0   0.0  0
       2.8         0.6         0.3         0.1
-176.28761    51.16084    18.200  259.15  22.53  0.4500E+12    4.74   1.55  -1  -1   140.23     1  4   0.0  0   0.0  0
       0.1         0.4         0.1         0.1
-176.35817    51.15236    18.200  259.15  22.53  0.4500E+12    6.30   1.55  -1  -1   145.91     2  4   0.0  0   0.0  0
       0.6         0.2         0.0         0.1
-176.42873    51.14388    18.200  259.15  22.53  0.4500E+12    5.71   1.55  -1  -1    57.17     0  4   0.0  0   0.0  0
       0.0         0.0         0.0         0.0
-175.84178    51.13818    14.751  259.15  22.53  0.4500E+12    6.27   1.55  -1  -1    57.17     0  4   0.0  0   0.0  0
       0.0         0.0         0.0         0.0
-175.91234    51.12970    14.751  259.15  22.53  0.4500E+12    5.04   1.55  -1  -1    57.90     0  4   0.0  0   0.0  0
       0.1         0.1         0.1         0.1
-175.98289    51.12122    14.751  259.15  22.53  0.4500E+12    5.16   1.55  -1  -1   105.79     1  4   0.0  0   0.0  0
       0.7         0.1         0.1         0.1
-176.05345    51.11274    14.751  259.15  22.53  0.4500E+12    3.06   1.55  -1  -1   111.14     4  4   0.0  0   0.0  0
       2.6         0.1         0.1         0.1
-176.12401    51.10426    14.751  259.15  22.53  0.4500E+12    2.76   1.55  -1  -1   116.49     8  4   0.0  0   0.0  0
       4.7         0.1         0.1         0.1
-176.19456    51.09578    14.751  259.15  22.53  0.4500E+12    3.07   1.55  -1  -1   144.41     7  4   0.0  0   0.0  0
       4.6         0.1         0.1         0.1
-176.26512    51.08730    14.751  259.15  22.53  0.4500E+12    4.14   1.55  -1  -1   145.63     1  4   0.0  0   0.0  0
       0.2         0.1         0.1         0.1
-176.33568    51.07882    14.751  259.15  22.53  0.4500E+12    5.12   1.55  -1  -1   145.51     1  4   0.0  0   0.0  0
       0.5         0.1         0.1         0.1
-176.40623    51.07034    14.751  259.15  22.53  0.4500E+12    6.27   1.55  -1  -1    57.17     0  4   0.0  0   0.0  0
       0.0         0.0         0.0         0.0
-175.81929    51.06464    11.302  259.15  22.53  0.4500E+12    7.19   1.55  -1  -1    57.17     0  4   0.0  0   0.0  0
       0.0         0.0         0.0         0.0
-175.88985    51.05616    11.302  259.15  22.53  0.4500E+12    6.81   1.55  -1  -1    94.22     0  4   0.0  0   0.0  0
       0.1         0.1         0.1         0.1
-175.96040    51.04768    11.302  259.15  22.53  0.4500E+12    7.15   1.55  -1  -1   111.86     0  4   0.0  0   0.0  0
       0.0         0.0         0.0         0.1
-176.03096    51.03920    11.302  259.15  22.53  0.4500E+12    7.18   1.55  -1  -1    78.64     0  4   0.0  0   0.0  0
       0.0         0.1         0.0         0.1
-176.10152    51.03072    11.302  259.15  22.53  0.4500E+12    7.18   1.55  -1  -1    93.85     0  4   0.0  0   0.0  0
       0.0         0.1         0.1         0.1
-176.17207    51.02224    11.302  259.15  22.53  0.4500E+12    6.80   1.55  -1  -1   129.62     0  4   0.0  0   0.0  0
       0.1         0.0         0.1         0.1
-176.24263    51.01376    11.302  259.15  22.53  0.4500E+12    6.14   1.55  -1  -1   139.74     0  4   0.0  0   0.0  0
       0.1         0.1         0.1         0.1
-176.31319    51.00528    11.302  259.15  22.53  0.4500E+12    6.80   1.55  -1  -1   127.39     0  4   0.0  0   0.0  0
       0.1         0.1         0.1         0.1
-176.38374    50.99680    11.302  259.15  22.53  0.4500E+12    7.19   1.55  -1  -1    57.17     0  4   0.0  0   0.0  0
       0.0         0.0         0.0         0.0
-175.79680    50.99111     7.853  259.15  22.53  0.4500E+12    7.19   1.55  -1  -1    57.17     0  4   0.0  0   0.0  0
       0.0         0.0         0.0         0.0
-175.86736    50.98262     7.853  259.15  22.53  0.4500E+12    7.19   1.55  -1  -1   137.39     7  4   0.0  0   0.0  0
       0.1         1.2         0.3         2.8
-175.93791    50.97414     7.853  259.15  22.53  0.4500E+12    7.19   1.55  -1  -1   115.16     3  4   0.0  0   0.0  0
       0.1         1.4         0.1         0.6
-176.00847    50.96566     7.853  259.15  22.53  0.4500E+12    7.19   1.55  -1  -1   108.55     2  4   0.0  0   0.0  0
       0.1         0.3         0.6         0.2
-176.07903    50.95718     7.853  259.15  22.53  0.4500E+12    7.19   1.55  -1  -1   141.75     1  4   0.0  0   0.0  0
       0.1         0.2         0.4         0.1
-176.14958    50.94870     7.853  259.15  22.53  0.4500E+12    7.19   1.55  -1  -1   144.86     1  4   0.0  0   0.0  0
       0.1         0.3         0.4         0.1
-176.22014    50.94022     7.853  259.15  22.53  0.4500E+12    7.19   1.55  -1  -1   146.89     2  4   0.0  0   0.0  0
       0.1         0.1         1.0         0.1
-176.29070    50.93174     7.853  259.15  22.53  0.4500E+12    7.19   1.55  -1  -1   145.15     1  4   0.0  0   0.0  0
       0.1         0.1         0.3         0.4
-176.36125    50.92326     7.853  259.15  22.53  0.4500E+12    7.19   1.55  -1  -1    57.17     0  4   0.0  0   0.0  0
       0.0         0.0         0.0         0.0
