2.0
#
# http://equake-rc.info/static/paper/SRF-Description-Graves_2.0.pdf
# RECTANGULAR fault MODEL
#
# All subfaults are   5.0 km long along strike and
#   5.6 km wide along dip
#
# Model length along strike is   45.0 km
#
# Model width along dip is   28.0 km
#
# Corners of the rectangular dislocation model (lat, lon):
#     51.156  -176.485 : corner 1
#     51.321  -175.894 : corner 2
#     51.234  -175.833 : corner 3
#     51.069  -176.423 : corner 4
#
#
# Number of elementary sliprate
# isoceles triangular functions
# per subfault:   4
#
# Half duration of elementary sliprate
# isoceles triangular functions (s):   1.55
# Triangles are overlapping each other by half
#
# slip rate unit: cm/s
#
#
# Seismic moment is converted into slip
# using a single constant value for the
# shear modulus mu of  0.250E+12 dyne/cm2
# assumed to be constant and characteristic
# of the fault shear zone
#
#
#
# "rake" (degrees) is the slip angle (Aki"s convention,
# e.g. rake=+45 means left-lateral-reverse movement.
#
#
# ************************************************
# Total seismic moment M0=  0.145E+26 dyne.cm
# ************************************************
#
#
PLANE 1
-176.18950    51.23850    9    5    45.000    28.000
 66.00  68.00     0.027     0.000    19.601
POINTS   45
-176.14650    51.17780    18.200   66.00  68.00  0.2800E+12    0.00   1.55  -1  -1    73.49    42  4   0.0  0   0.0  0
      26.6         0.1         0.1         0.1
-176.33113    51.10558    23.392   66.00  68.00  0.2800E+12    4.61   1.55  -1  -1    59.45     6  4   0.0  0   0.0  0
       1.6         1.9         0.1         0.1
-176.26550    51.12390    23.392   66.00  68.00  0.2800E+12    3.29   1.55  -1  -1    55.22     6  4   0.0  0   0.0  0
       2.1         0.4         1.2         0.1
-176.19987    51.14222    23.392   66.00  68.00  0.2800E+12    4.88   1.55  -1  -1   110.11    12  4   0.0  0   0.0  0
       3.3         1.5         2.5         0.4
-176.13425    51.16054    23.392   66.00  68.00  0.2800E+12    2.00   1.55  -1  -1   112.22    16  4   0.0  0   0.0  0
       3.9         2.8         3.3         0.7
-176.06860    51.17886    23.392   66.00  68.00  0.2800E+12    3.84   1.55  -1  -1   121.42    17  4   0.0  0   0.0  0
       5.3         1.0         3.9         0.8
-176.00298    51.19717    23.392   66.00  68.00  0.2800E+12    3.36   1.55  -1  -1    92.30     9  4   0.0  0   0.0  0
       2.1         2.7         0.8         0.1
-175.93735    51.21549    23.392   66.00  68.00  0.2800E+12    5.69   1.55  -1  -1    61.78     6  4   0.0  0   0.0  0
       1.5         1.7         0.4         0.1
-175.87172    51.23381    23.392   66.00  68.00  0.2800E+12    5.93   1.55  -1  -1    40.00     0  4   0.0  0   0.0  0
       0.0         0.0         0.0         0.0
-176.40903    51.10453    18.200   66.00  68.00  0.2800E+12    5.71   1.55  -1  -1    40.00     0  4   0.0  0   0.0  0
       0.0         0.0         0.0         0.0
-176.34338    51.12284    18.200   66.00  68.00  0.2800E+12    4.37   1.55  -1  -1    84.25     1  4   0.0  0   0.0  0
       0.2         0.1         0.0         0.1
-176.27776    51.14116    18.200   66.00  68.00  0.2800E+12    2.89   1.55  -1  -1    84.11     5  4   0.0  0   0.0  0
       2.1         0.1         1.1         0.1
-176.21213    51.15948    18.200   66.00  68.00  0.2800E+12    4.32   1.55  -1  -1   101.17    12  4   0.0  0   0.0  0
       2.1         0.4         5.0         0.5
-176.39676    51.08726    23.392   66.00  68.00  0.2800E+12    5.93   1.55  -1  -1    40.00     0  4   0.0  0   0.0  0
       0.0         0.0         0.0         0.0
-176.08087    51.19612    18.200   66.00  68.00  0.2800E+12    4.78   1.55  -1  -1   124.34     5  4   0.0  0   0.0  0
       0.1         0.1         3.0         0.3
-176.01524    51.21444    18.200   66.00  68.00  0.2800E+12    2.90   1.55  -1  -1    93.97     3  4   0.0  0   0.0  0
       1.0         0.2         0.2         0.3
-175.94962    51.23275    18.200   66.00  68.00  0.2800E+12    5.22   1.55  -1  -1    66.34     5  4   0.0  0   0.0  0
       2.2         0.1         1.0         0.1
-175.88397    51.25107    18.200   66.00  68.00  0.2800E+12    5.71   1.55  -1  -1    40.00     0  4   0.0  0   0.0  0
       0.0         0.0         0.0         0.0
-176.42128    51.12179    13.008   66.00  68.00  0.2800E+12    5.93   1.55  -1  -1    40.00     0  4   0.0  0   0.0  0
       0.0         0.0         0.0         0.0
-176.35565    51.14011    13.008   66.00  68.00  0.2800E+12    4.63   1.55  -1  -1   101.67     1  4   0.0  0   0.0  0
       0.7         0.0         0.1         0.1
-176.29002    51.15842    13.008   66.00  68.00  0.2800E+12    3.29   1.55  -1  -1    99.48     1  4   0.0  0   0.0  0
       0.5         0.1         0.1         0.1
-176.22440    51.17674    13.008   66.00  68.00  0.2800E+12    6.90   1.55  -1  -1   116.63     2  4   0.0  0   0.0  0
       0.1         0.1         0.1         0.7
-176.15875    51.19506    13.008   66.00  68.00  0.2800E+12    1.91   1.55  -1  -1   116.09     2  4   0.0  0   0.0  0
       1.2         0.1         0.2         0.1
-176.09312    51.21338    13.008   66.00  68.00  0.2800E+12    2.17   1.55  -1  -1    96.43     1  4   0.0  0   0.0  0
       0.1         0.1         0.3         0.1
-176.02750    51.23170    13.008   66.00  68.00  0.2800E+12    3.57   1.55  -1  -1    74.55     0  4   0.0  0   0.0  0
       0.1         0.1         0.1         0.1
-175.96187    51.25002    13.008   66.00  68.00  0.2800E+12    6.18   1.55  -1  -1    47.78     1  4   0.0  0   0.0  0
       0.1         0.2         0.1         0.1
-175.89624    51.26834    13.008   66.00  68.00  0.2800E+12    5.93   1.55  -1  -1    40.00     0  4   0.0  0   0.0  0
       0.0         0.0         0.0         0.0
-176.43355    51.13905     7.816   66.00  68.00  0.2800E+12    6.55   1.55  -1  -1    40.00     0  4   0.0  0   0.0  0
       0.0         0.0         0.0         0.0
-176.36790    51.15737     7.816   66.00  68.00  0.2800E+12    7.05   1.55  -1  -1   127.34     0  4   0.0  0   0.0  0
       0.1         0.1         0.1         0.1
-176.30228    51.17569     7.816   66.00  68.00  0.2800E+12    7.14   1.55  -1  -1   119.49     0  4   0.0  0   0.0  0
       0.1         0.1         0.0         0.1
-176.23665    51.19400     7.816   66.00  68.00  0.2800E+12    3.51   1.55  -1  -1    85.01     7  4   0.0  0   0.0  0
       4.3         0.1         0.1         0.1
-176.17102    51.21232     7.816   66.00  68.00  0.2800E+12    3.21   1.55  -1  -1    65.33     0  4   0.0  0   0.0  0
       0.1         0.0         0.1         0.1
-176.10539    51.23064     7.816   66.00  68.00  0.2800E+12    3.51   1.55  -1  -1    65.66     1  4   0.0  0   0.0  0
       0.7         0.1         0.1         0.1
-176.03976    51.24896     7.816   66.00  68.00  0.2800E+12    4.90   1.55  -1  -1    41.28     0  4   0.0  0   0.0  0
       0.1         0.1         0.0         0.1
-175.97412    51.26728     7.816   66.00  68.00  0.2800E+12    5.53   1.55  -1  -1    41.28     0  4   0.0  0   0.0  0
       0.1         0.1         0.1         0.1
-175.90849    51.28560     7.816   66.00  68.00  0.2800E+12    6.55   1.55  -1  -1    40.00     0  4   0.0  0   0.0  0
       0.0         0.0         0.0         0.0
-176.44580    51.15631     2.623   66.00  68.00  0.2800E+12    7.19   1.55  -1  -1    40.00     0  4   0.0  0   0.0  0
       0.0         0.0         0.0         0.0
-176.38017    51.17463     2.623   66.00  68.00  0.2800E+12    6.78   1.55  -1  -1   129.89     4  4   0.0  0   0.0  0
       1.9         0.3         0.1         0.1
-176.31454    51.19295     2.623   66.00  68.00  0.2800E+12    6.38   1.55  -1  -1   129.65     7  4   0.0  0   0.0  0
       4.1         0.1         0.1         0.0
-176.24892    51.21127     2.623   66.00  68.00  0.2800E+12    5.11   1.55  -1  -1   118.71     5  4   0.0  0   0.0  0
       2.8         0.1         0.1         0.1
-176.18327    51.22959     2.623   66.00  68.00  0.2800E+12    4.83   1.55  -1  -1   108.26     5  4   0.0  0   0.0  0
       3.0         0.1         0.1         0.0
-176.11765    51.24791     2.623   66.00  68.00  0.2800E+12    5.03   1.55  -1  -1    87.56    14  4   0.0  0   0.0  0
       8.8         0.1         0.1         0.0
-176.05202    51.26622     2.623   66.00  68.00  0.2800E+12    5.59   1.55  -1  -1    40.93     1  4   0.0  0   0.0  0
       0.4         0.1         0.0         0.1
-175.98639    51.28454     2.623   66.00  68.00  0.2800E+12    6.51   1.55  -1  -1    40.11    10  4   0.0  0   0.0  0
       5.8         0.3         0.1         0.1
-175.92076    51.30286     2.623   66.00  68.00  0.2800E+12    7.19   1.55  -1  -1    40.00     0  4   0.0  0   0.0  0
       0.0         0.0         0.0         0.0
