2.0
#
# http://equake-rc.info/static/paper/SRF-Description-Graves_2.0.pdf
# RECTANGULAR fault MODEL
#
# All subfaults are   4.0 km long along strike and
#   7.0 km wide along dip
#
# Model length along strike is   36.0 km
#
# Model width along dip is   35.0 km
#
# Corners of the rectangular dislocation model (lat, lon):
#    -32.633   -71.666 : corner 1
#    -32.954   -71.705 : corner 2
#    -32.945   -71.813 : corner 3
#    -32.624   -71.774 : corner 4
#
#
# Number of elementary sliprate
# isoceles triangular functions
# per subfault:   4
#
# Half duration of elementary sliprate
# isoceles triangular functions (s):   1.33
# Triangles are overlapping each other by half
#
# slip rate unit: cm/s
#
#
# Seismic moment is converted into slip
# using a single constant value for the
# shear modulus mu of  0.250E+12 dyne/cm2
# assumed to be constant and characteristic
# of the fault shear zone
#
#
#
# "rake" (degrees) is the slip angle (Aki"s convention,
# e.g. rake=+45 means left-lateral-reverse movement.
#
#
# ************************************************
# Total seismic moment M0=  0.455E+25 dyne.cm
# ************************************************
#
#
PLANE 1
 -71.68550   -32.79350    9    5    36.000    35.000
185.91  73.01     2.569     0.000    24.500
POINTS   45
 -71.76120   -32.78730    26.000  185.91  73.01  0.2800E+12    0.00   1.33  -1  -1    96.36    36  4   0.0  0   0.0  0
      27.0         0.1         0.1         0.0
 -71.76972   -32.67838    32.695  185.91  73.01  0.2800E+12    4.35   1.33  -1  -1   134.04     0  4   0.0  0   0.0  0
       0.1         0.1         0.1         0.0
 -71.77412   -32.71406    32.695  185.91  73.01  0.2800E+12    3.04   1.33  -1  -1    44.39     0  4   0.0  0   0.0  0
       0.0         0.0         0.0         0.0
 -71.77851   -32.74974    32.695  185.91  73.01  0.2800E+12    2.42   1.33  -1  -1   105.57     7  4   0.0  0   0.0  0
       4.8         0.1         0.0         0.0
 -71.78290   -32.78541    32.695  185.91  73.01  0.2800E+12    2.24   1.33  -1  -1    85.61     2  4   0.0  0   0.0  0
       1.7         0.1         0.0         0.0
 -71.78729   -32.82109    32.695  185.91  73.01  0.2800E+12    2.43   1.33  -1  -1    65.08     2  4   0.0  0   0.0  0
       1.1         0.1         0.1         0.1
 -71.79169   -32.85676    32.695  185.91  73.01  0.2800E+12    3.04   1.33  -1  -1    44.39     0  4   0.0  0   0.0  0
       0.0         0.0         0.0         0.0
 -71.79607   -32.89244    32.695  185.91  73.01  0.2800E+12    3.97   1.33  -1  -1    44.39     0  4   0.0  0   0.0  0
       0.0         0.0         0.0         0.0
 -71.80047   -32.92812    32.695  185.91  73.01  0.2800E+12    4.99   1.33  -1  -1    44.39     0  4   0.0  0   0.0  0
       0.0         0.0         0.0         0.0
 -71.74363   -32.64460    26.000  185.91  73.01  0.2800E+12    5.26   1.33  -1  -1   117.57     0  4   0.0  0   0.0  0
       0.1         0.1         0.1         0.1
 -71.74802   -32.68027    26.000  185.91  73.01  0.2800E+12    3.68   1.33  -1  -1   118.19     0  4   0.0  0   0.0  0
       0.1         0.0         0.0         0.1
 -71.75242   -32.71595    26.000  185.91  73.01  0.2800E+12    2.29   1.33  -1  -1    44.39     0  4   0.0  0   0.0  0
       0.0         0.0         0.0         0.0
 -71.75681   -32.75163    26.000  185.91  73.01  0.2800E+12    1.78   1.33  -1  -1   134.18     4  4   0.0  0   0.0  0
       2.9         0.3         0.0         0.0
 -71.76534   -32.64271    32.695  185.91  73.01  0.2800E+12    5.65   1.33  -1  -1   133.00     0  4   0.0  0   0.0  0
       0.0         0.0         0.1         0.0
 -71.76559   -32.82298    26.000  185.91  73.01  0.2800E+12    1.63   1.33  -1  -1    63.44     0  4   0.0  0   0.0  0
       0.1         0.0         0.1         0.0
 -71.76998   -32.85865    26.000  185.91  73.01  0.2800E+12    2.29   1.33  -1  -1    44.39     0  4   0.0  0   0.0  0
       0.0         0.0         0.0         0.0
 -71.77438   -32.89433    26.000  185.91  73.01  0.2800E+12    3.43   1.33  -1  -1    44.39     0  4   0.0  0   0.0  0
       0.0         0.0         0.0         0.0
 -71.77877   -32.93000    26.000  185.91  73.01  0.2800E+12    4.57   1.33  -1  -1    44.39     0  4   0.0  0   0.0  0
       0.0         0.0         0.0         0.0
 -71.72193   -32.64648    19.305  185.91  73.01  0.2800E+12    5.19   1.33  -1  -1   124.60     1  4   0.0  0   0.0  0
       0.2         0.1         0.0         0.1
 -71.72633   -32.68216    19.305  185.91  73.01  0.2800E+12    4.89   1.33  -1  -1    89.34     0  4   0.0  0   0.0  0
       0.1         0.1         0.1         0.1
 -71.73071   -32.71784    19.305  185.91  73.01  0.2800E+12    3.04   1.33  -1  -1    44.39     0  4   0.0  0   0.0  0
       0.0         0.0         0.0         0.0
 -71.73511   -32.75351    19.305  185.91  73.01  0.2800E+12    5.23   1.33  -1  -1    81.68     0  4   0.0  0   0.0  0
       0.0         0.1         0.0         0.1
 -71.73950   -32.78919    19.305  185.91  73.01  0.2800E+12    2.38   1.33  -1  -1   116.24     0  4   0.0  0   0.0  0
       0.0         0.0         0.0         0.1
 -71.74389   -32.82486    19.305  185.91  73.01  0.2800E+12    4.31   1.33  -1  -1    86.93     0  4   0.0  0   0.0  0
       0.0         0.0         0.1         0.1
 -71.74828   -32.86054    19.305  185.91  73.01  0.2800E+12    3.04   1.33  -1  -1    44.39     0  4   0.0  0   0.0  0
       0.0         0.0         0.0         0.0
 -71.75268   -32.89622    19.305  185.91  73.01  0.2800E+12    3.97   1.33  -1  -1    44.39     0  4   0.0  0   0.0  0
       0.0         0.0         0.0         0.0
 -71.75706   -32.93189    19.305  185.91  73.01  0.2800E+12    4.99   1.33  -1  -1    44.39     0  4   0.0  0   0.0  0
       0.0         0.0         0.0         0.0
 -71.70023   -32.64837    12.611  185.91  73.01  0.2800E+12    5.67   1.33  -1  -1   121.03     2  4   0.0  0   0.0  0
       0.4         0.4         0.1         0.4
 -71.70463   -32.68405    12.611  185.91  73.01  0.2800E+12    5.58   1.33  -1  -1   100.57     1  4   0.0  0   0.0  0
       0.1         0.0         0.1         0.3
 -71.70901   -32.71972    12.611  185.91  73.01  0.2800E+12    4.61   1.33  -1  -1    44.39     0  4   0.0  0   0.0  0
       0.0         0.0         0.0         0.0
 -71.71341   -32.75540    12.611  185.91  73.01  0.2800E+12    5.64   1.33  -1  -1    65.32     1  4   0.0  0   0.0  0
       0.0         0.1         0.1         0.3
 -71.71780   -32.79108    12.611  185.91  73.01  0.2800E+12    5.23   1.33  -1  -1   103.63     1  4   0.0  0   0.0  0
       0.0         0.0         0.1         0.2
 -71.72219   -32.82675    12.611  185.91  73.01  0.2800E+12    5.35   1.33  -1  -1    93.48     1  4   0.0  0   0.0  0
       0.0         0.0         0.1         0.4
 -71.72659   -32.86243    12.611  185.91  73.01  0.2800E+12    4.61   1.33  -1  -1    44.39     0  4   0.0  0   0.0  0
       0.0         0.0         0.0         0.0
 -71.73098   -32.89810    12.611  185.91  73.01  0.2800E+12    5.27   1.33  -1  -1    44.39     0  4   0.0  0   0.0  0
       0.0         0.0         0.0         0.0
 -71.73537   -32.93378    12.611  185.91  73.01  0.2800E+12    5.67   1.33  -1  -1    44.39     0  4   0.0  0   0.0  0
       0.0         0.0         0.0         0.0
 -71.67854   -32.65026     5.916  185.91  73.01  0.2800E+12    5.67   1.33  -1  -1   114.76     2  4   0.0  0   0.0  0
       0.2         0.5         0.1         0.6
 -71.68292   -32.68594     5.916  185.91  73.01  0.2800E+12    5.67   1.33  -1  -1    86.05     2  4   0.0  0   0.0  0
       0.1         0.1         0.1         1.0
 -71.68732   -32.72161     5.916  185.91  73.01  0.2800E+12    5.67   1.33  -1  -1    44.39     0  4   0.0  0   0.0  0
       0.0         0.0         0.0         0.0
 -71.69171   -32.75729     5.916  185.91  73.01  0.2800E+12    5.67   1.33  -1  -1    65.95     1  4   0.0  0   0.0  0
       0.1         0.1         0.3         0.4
 -71.69610   -32.79296     5.916  185.91  73.01  0.2800E+12    5.67   1.33  -1  -1    86.09     1  4   0.0  0   0.0  0
       0.0         0.0         0.2         0.5
 -71.70049   -32.82864     5.916  185.91  73.01  0.2800E+12    5.67   1.33  -1  -1    99.87     1  4   0.0  0   0.0  0
       0.1         0.0         0.1         0.4
 -71.70489   -32.86432     5.916  185.91  73.01  0.2800E+12    5.67   1.33  -1  -1    44.39     0  4   0.0  0   0.0  0
       0.0         0.0         0.0         0.0
 -71.70927   -32.89999     5.916  185.91  73.01  0.2800E+12    5.67   1.33  -1  -1    44.39     0  4   0.0  0   0.0  0
       0.0         0.0         0.0         0.0
 -71.71367   -32.93567     5.916  185.91  73.01  0.2800E+12    5.67   1.33  -1  -1    44.39     0  4   0.0  0   0.0  0
       0.0         0.0         0.0         0.0
