2.0
#
# http://equake-rc.info/static/paper/SRF-Description-Graves_2.0.pdf
# RECTANGULAR fault MODEL
#
# All subfaults are   4.0 km long along strike and
#   7.0 km wide along dip
#
# Model length along strike is   36.0 km
#
# Model width along dip is   35.0 km
#
# Corners of the rectangular dislocation model (lat, lon):
#     17.435   -61.210 : corner 1
#     17.115   -61.258 : corner 2
#     17.149   -61.507 : corner 3
#     17.469   -61.459 : corner 4
#
#
# Number of elementary sliprate
# isoceles triangular functions
# per subfault:   4
#
# Half duration of elementary sliprate
# isoceles triangular functions (s):   1.33
# Triangles are overlapping each other by half
#
# slip rate unit: cm/s
#
#
# Seismic moment is converted into slip
# using a single constant value for the
# shear modulus mu of  0.250E+12 dyne/cm2
# assumed to be constant and characteristic
# of the fault shear zone
#
#
#
# "rake" (degrees) is the slip angle (Aki"s convention,
# e.g. rake=+45 means left-lateral-reverse movement.
#
#
# ************************************************
# Total seismic moment M0=  0.475E+25 dyne.cm
# ************************************************
#
#
PLANE 1
 -61.23400    17.27500    9    5    36.000    35.000
188.10  40.12    40.724     0.000    17.501
POINTS   45
 -61.35850    17.29210    52.000  188.10  40.12  0.2800E+12    0.00   1.33  -1  -1    16.03    24  4   0.0  0   0.0  0
      17.9         0.1         0.1         0.0
 -61.44240    17.41251    61.021  188.10  40.12  0.2800E+12    5.38   1.33  -1  -1    25.33     0  4   0.0  0   0.0  0
       0.0         0.1         0.0         0.1
 -61.44771    17.37689    61.021  188.10  40.12  0.2800E+12    5.56   1.33  -1  -1    41.96     0  4   0.0  0   0.0  0
       0.1         0.0         0.1         0.0
 -61.45302    17.34128    61.021  188.10  40.12  0.2800E+12    5.53   1.33  -1  -1    59.75     0  4   0.0  0   0.0  0
       0.0         0.0         0.0         0.1
 -61.45833    17.30567    61.021  188.10  40.12  0.2800E+12    5.55   1.33  -1  -1    78.45     1  4   0.0  0   0.0  0
       0.1         0.0         0.0         0.4
 -61.46364    17.27006    61.021  188.10  40.12  0.2800E+12    5.66   1.33  -1  -1    78.62     1  4   0.0  0   0.0  0
       0.0         0.0         0.0         0.6
 -61.46895    17.23445    61.021  188.10  40.12  0.2800E+12    5.59   1.33  -1  -1    78.61     1  4   0.0  0   0.0  0
       0.0         0.1         0.0         0.8
 -61.47426    17.19884    61.021  188.10  40.12  0.2800E+12    5.64   1.33  -1  -1    77.64     0  4   0.0  0   0.0  0
       0.1         0.0         0.1         0.1
 -61.47957    17.16323    61.021  188.10  40.12  0.2800E+12    5.67   1.33  -1  -1   -11.21     0  4   0.0  0   0.0  0
       0.0         0.0         0.0         0.0
 -61.38717    17.44133    56.510  188.10  40.12  0.2800E+12    4.99   1.33  -1  -1   -11.21     0  4   0.0  0   0.0  0
       0.0         0.0         0.0         0.0
 -61.39248    17.40572    56.510  188.10  40.12  0.2800E+12    5.37   1.33  -1  -1    40.63     0  4   0.0  0   0.0  0
       0.0         0.0         0.0         0.1
 -61.39780    17.37011    56.510  188.10  40.12  0.2800E+12    3.05   1.33  -1  -1    78.08     0  4   0.0  0   0.0  0
       0.0         0.1         0.0         0.0
 -61.40311    17.33450    56.510  188.10  40.12  0.2800E+12    2.69   1.33  -1  -1    78.68    12  4   0.0  0   0.0  0
       8.7         0.1         0.0         0.0
 -61.40842    17.29889    56.510  188.10  40.12  0.2800E+12    5.61   1.33  -1  -1    76.18     0  4   0.0  0   0.0  0
       0.0         0.0         0.0         0.0
 -61.41373    17.26328    56.510  188.10  40.12  0.2800E+12    2.55   1.33  -1  -1    42.73     1  4   0.0  0   0.0  0
       0.7         0.1         0.0         0.1
 -61.41904    17.22766    56.510  188.10  40.12  0.2800E+12    3.60   1.33  -1  -1    61.05     0  4   0.0  0   0.0  0
       0.1         0.0         0.0         0.1
 -61.42435    17.19205    56.510  188.10  40.12  0.2800E+12    4.82   1.33  -1  -1    42.87     2  4   0.0  0   0.0  0
       1.4         0.0         0.0         0.1
 -61.42966    17.15644    56.510  188.10  40.12  0.2800E+12    4.99   1.33  -1  -1   -11.21     0  4   0.0  0   0.0  0
       0.0         0.0         0.0         0.0
 -61.33726    17.43455    52.000  188.10  40.12  0.2800E+12    4.57   1.33  -1  -1   -11.21     0  4   0.0  0   0.0  0
       0.0         0.0         0.0         0.0
 -61.34257    17.39893    52.000  188.10  40.12  0.2800E+12    3.58   1.33  -1  -1    59.95     0  4   0.0  0   0.0  0
       0.0         0.0         0.0         0.1
 -61.34788    17.36332    52.000  188.10  40.12  0.2800E+12    2.38   1.33  -1  -1    77.42     0  4   0.0  0   0.0  0
       0.1         0.0         0.1         0.0
 -61.35319    17.32771    52.000  188.10  40.12  0.2800E+12    1.18   1.33  -1  -1    75.60    12  4   0.0  0   0.0  0
       9.1         0.1         0.0         0.0
 -61.43709    17.44812    61.021  188.10  40.12  0.2800E+12    5.67   1.33  -1  -1   -11.21     0  4   0.0  0   0.0  0
       0.0         0.0         0.0         0.0
 -61.36381    17.25649    52.000  188.10  40.12  0.2800E+12    1.19   1.33  -1  -1     7.05     5  4   0.0  0   0.0  0
       3.2         0.1         0.0         0.0
 -61.36912    17.22088    52.000  188.10  40.12  0.2800E+12    2.31   1.33  -1  -1    42.43     2  4   0.0  0   0.0  0
       1.0         0.0         0.0         0.1
 -61.37443    17.18527    52.000  188.10  40.12  0.2800E+12    5.65   1.33  -1  -1    64.68     0  4   0.0  0   0.0  0
       0.0         0.0         0.1         0.0
 -61.37974    17.14966    52.000  188.10  40.12  0.2800E+12    4.57   1.33  -1  -1   -11.21     0  4   0.0  0   0.0  0
       0.0         0.0         0.0         0.0
 -61.28735    17.42776    47.490  188.10  40.12  0.2800E+12    4.99   1.33  -1  -1   -11.21     0  4   0.0  0   0.0  0
       0.0         0.0         0.0         0.0
 -61.29266    17.39215    47.490  188.10  40.12  0.2800E+12    5.53   1.33  -1  -1    25.20     0  4   0.0  0   0.0  0
       0.0         0.1         0.0         0.1
 -61.29797    17.35654    47.490  188.10  40.12  0.2800E+12    5.46   1.33  -1  -1    78.36     0  4   0.0  0   0.0  0
       0.0         0.0         0.1         0.0
 -61.30328    17.32093    47.490  188.10  40.12  0.2800E+12    5.54   1.33  -1  -1    60.59     0  4   0.0  0   0.0  0
       0.1         0.0         0.0         0.0
 -61.30859    17.28531    47.490  188.10  40.12  0.2800E+12    5.64   1.33  -1  -1    61.41     0  4   0.0  0   0.0  0
       0.0         0.1         0.1         0.1
 -61.31390    17.24970    47.490  188.10  40.12  0.2800E+12    5.66   1.33  -1  -1    60.57     0  4   0.0  0   0.0  0
       0.0         0.0         0.0         0.1
 -61.31921    17.21409    47.490  188.10  40.12  0.2800E+12    5.67   1.33  -1  -1    60.69     0  4   0.0  0   0.0  0
       0.0         0.0         0.1         0.1
 -61.32452    17.17848    47.490  188.10  40.12  0.2800E+12    5.64   1.33  -1  -1    78.28     0  4   0.0  0   0.0  0
       0.1         0.1         0.1         0.1
 -61.32983    17.14287    47.490  188.10  40.12  0.2800E+12    4.99   1.33  -1  -1   -11.21     0  4   0.0  0   0.0  0
       0.0         0.0         0.0         0.0
 -61.23743    17.42097    42.979  188.10  40.12  0.2800E+12    5.67   1.33  -1  -1   -11.21     0  4   0.0  0   0.0  0
       0.0         0.0         0.0         0.0
 -61.24274    17.38536    42.979  188.10  40.12  0.2800E+12    5.55   1.33  -1  -1    27.59     0  4   0.0  0   0.0  0
       0.0         0.0         0.1         0.2
 -61.24805    17.34975    42.979  188.10  40.12  0.2800E+12    5.58   1.33  -1  -1    78.02     0  4   0.0  0   0.0  0
       0.1         0.0         0.0         0.0
 -61.25336    17.31414    42.979  188.10  40.12  0.2800E+12    5.53   1.33  -1  -1    76.90     0  4   0.0  0   0.0  0
       0.0         0.0         0.1         0.0
 -61.25867    17.27853    42.979  188.10  40.12  0.2800E+12    5.54   1.33  -1  -1    77.97     0  4   0.0  0   0.0  0
       0.0         0.0         0.0         0.1
 -61.26398    17.24292    42.979  188.10  40.12  0.2800E+12    5.64   1.33  -1  -1    78.05     1  4   0.0  0   0.0  0
       0.0         0.1         0.3         0.1
 -61.26929    17.20731    42.979  188.10  40.12  0.2800E+12    5.64   1.33  -1  -1    61.12     0  4   0.0  0   0.0  0
       0.0         0.1         0.1         0.0
 -61.27460    17.17170    42.979  188.10  40.12  0.2800E+12    5.61   1.33  -1  -1    78.33     0  4   0.0  0   0.0  0
       0.0         0.1         0.1         0.0
 -61.27991    17.13609    42.979  188.10  40.12  0.2800E+12    5.67   1.33  -1  -1   -11.21     0  4   0.0  0   0.0  0
       0.0         0.0         0.0         0.0
