2.0
#
# http://equake-rc.info/static/paper/SRF-Description-Graves_2.0.pdf
# RECTANGULAR fault MODEL
#
# All subfaults are  47.0 km long along strike and
#   9.7 km wide along dip
#
# Model length along strike is  893.0 km
#
# Model width along dip is   48.5 km
#
# Corners of the rectangular dislocation model (lat, lon):
#     50.362   154.561 : corner 1
#     54.887   165.509 : corner 2
#     54.776   165.633 : corner 3
#     50.251   154.686 : corner 4
#
#
# Number of elementary sliprate
# isoceles triangular functions
# per subfault:   4
#
# Half duration of elementary sliprate
# isoceles triangular functions (s):   9.05
# Triangles are overlapping each other by half
#
# slip rate unit: cm/s
#
#
# Seismic moment is converted into slip
# using a single constant value for the
# shear modulus mu of  0.250E+12 dyne/cm2
# assumed to be constant and characteristic
# of the fault shear zone
#
#
#
# "rake" (degrees) is the slip angle (Aki"s convention,
# e.g. rake=+45 means left-lateral-reverse movement.
#
#
# ************************************************
# Total seismic moment M0=  0.339E+29 dyne.cm
# ************************************************
#
#
PLANE 1
 160.03500    52.62450   19    5   893.000    48.500
 55.77  72.11     0.153     0.000    14.551
POINTS   95
 160.07230    52.59140    14.000   55.77  72.11  0.4559E+13    0.00   9.05  -1  -1    84.43   646  4   0.0  0   0.0  0
      20.0        25.2        16.7         9.6
 155.53745    50.61937    41.693   55.77  72.11  0.4559E+13   99.49   9.05  -1  -1    59.60   382  4   0.0  0   0.0  0
      27.7         5.5         0.3         8.7
 156.11363    50.85755    41.693   55.77  72.11  0.4559E+13   96.33   9.05  -1  -1    81.76   275  4   0.0  0   0.0  0
      10.3         6.4         8.9         4.7
 156.68980    51.09573    41.693   55.77  72.11  0.4559E+13   95.15   9.05  -1  -1    85.56   207  4   0.0  0   0.0  0
       8.2         1.1         2.9        10.6
 157.26598    51.33392    41.693   55.77  72.11  0.4559E+13   76.60   9.05  -1  -1    79.62   327  4   0.0  0   0.0  0
      12.6        11.2        10.6         1.6
 157.84216    51.57210    41.693   55.77  72.11  0.4559E+13   77.71   9.05  -1  -1   113.13   402  4   0.0  0   0.0  0
       7.5         6.0        20.4        10.5
 158.41833    51.81028    41.693   55.77  72.11  0.4559E+13   74.01   9.05  -1  -1   113.75   395  4   0.0  0   0.0  0
      21.2        11.1         5.5         5.8
 158.99451    52.04846    41.693   55.77  72.11  0.4559E+13   35.72   9.05  -1  -1    61.77   489  4   0.0  0   0.0  0
       8.7        17.4        20.8         7.1
 159.57069    52.28664    41.693   55.77  72.11  0.4559E+13   43.37   9.05  -1  -1    87.32   558  4   0.0  0   0.0  0
       0.8        11.8        25.4        23.7
 160.14687    52.52483    41.693   55.77  72.11  0.4559E+13   14.89   9.05  -1  -1    98.21   628  4   0.0  0   0.0  0
      22.4        42.9         3.8         0.3
 160.72304    52.76301    41.693   55.77  72.11  0.4559E+13   19.19   9.05  -1  -1   108.00   386  4   0.0  0   0.0  0
       2.0        11.3        16.9        12.4
 161.29922    53.00119    41.693   55.77  72.11  0.4559E+13   89.21   9.05  -1  -1   103.25   372  4   0.0  0   0.0  0
       0.6         9.9        22.1         8.5
 161.87540    53.23938    41.693   55.77  72.11  0.4559E+13   95.92   9.05  -1  -1    86.20   278  4   0.0  0   0.0  0
       7.7         3.5         9.6        10.0
 162.45157    53.47756    41.693   55.77  72.11  0.4559E+13   98.28   9.05  -1  -1    84.01   205  4   0.0  0   0.0  0
       8.2         7.0         4.1         3.5
 163.02776    53.71574    41.693   55.77  72.11  0.4559E+13   96.09   9.05  -1  -1    69.77   176  4   0.0  0   0.0  0
       5.7         2.8         8.3         2.6
 163.60393    53.95393    41.693   55.77  72.11  0.4559E+13   81.00   9.05  -1  -1    56.18     0  4   0.0  0   0.0  0
       0.0         0.0         0.0         0.0
 164.18010    54.19211    41.693   55.77  72.11  0.4559E+13   94.39   9.05  -1  -1    91.27   114  4   0.0  0   0.0  0
       5.8         0.3         0.3         6.3
 164.75629    54.43029    41.693   55.77  72.11  0.4559E+13   99.49   9.05  -1  -1    56.18     0  4   0.0  0   0.0  0
       0.0         0.0         0.0         0.0
 165.33246    54.66847    41.693   55.77  72.11  0.4559E+13   99.49   9.05  -1  -1    56.18     0  4   0.0  0   0.0  0
       0.0         0.0         0.0         0.0
 154.93642    50.40337    32.462   55.77  72.11  0.4559E+13   99.49   9.05  -1  -1   111.21   328  4   0.0  0   0.0  0
       1.2         6.0         8.9        20.1
 155.51259    50.64156    32.462   55.77  72.11  0.4559E+13   99.49   9.05  -1  -1    58.12   346  4   0.0  0   0.0  0
       5.1         2.7         0.4        30.1
 156.08878    50.87974    32.462   55.77  72.11  0.4559E+13   96.04   9.05  -1  -1    87.47   270  4   0.0  0   0.0  0
       3.4        12.5         8.1         5.8
 156.66495    51.11792    32.462   55.77  72.11  0.4559E+13   99.35   9.05  -1  -1    70.67   264  4   0.0  0   0.0  0
       6.9         6.8         1.8        13.8
 157.24112    51.35611    32.462   55.77  72.11  0.4559E+13   68.66   9.05  -1  -1    96.66   312  4   0.0  0   0.0  0
       8.7        12.0         9.4         4.4
 157.81731    51.59429    32.462   55.77  72.11  0.4559E+13   77.01   9.05  -1  -1   103.83   411  4   0.0  0   0.0  0
       7.6        10.3        13.7        13.9
 158.39348    51.83247    32.462   55.77  72.11  0.4559E+13   70.66   9.05  -1  -1   106.49   430  4   0.0  0   0.0  0
       8.0        19.4        10.6         9.5
 158.96965    52.07065    32.462   55.77  72.11  0.4559E+13   42.65   9.05  -1  -1    86.18   440  4   0.0  0   0.0  0
       7.8        14.4        12.6        13.9
 159.54584    52.30884    32.462   55.77  72.11  0.4559E+13   50.22   9.05  -1  -1   102.59   506  4   0.0  0   0.0  0
       6.9        11.0        12.8        25.3
 160.12201    52.54702    32.462   55.77  72.11  0.4559E+13   19.12   9.05  -1  -1    76.40   630  4   0.0  0   0.0  0
      36.5        26.6         2.0         4.5
 160.69818    52.78520    32.462   55.77  72.11  0.4559E+13   29.37   9.05  -1  -1    73.65   440  4   0.0  0   0.0  0
      19.7         8.0        10.0        10.8
 161.27437    53.02338    32.462   55.77  72.11  0.4559E+13   35.02   9.05  -1  -1    77.85   367  4   0.0  0   0.0  0
      10.2        12.0        11.5         6.8
 161.85054    53.26157    32.462   55.77  72.11  0.4559E+13   95.90   9.05  -1  -1    95.83   290  4   0.0  0   0.0  0
       1.6         3.8        15.5        11.2
 162.42671    53.49975    32.462   55.77  72.11  0.4559E+13   73.00   9.05  -1  -1    84.00   223  4   0.0  0   0.0  0
      14.5         1.7         3.9         4.5
 163.00290    53.73793    32.462   55.77  72.11  0.4559E+13   67.55   9.05  -1  -1    79.03   142  4   0.0  0   0.0  0
       3.0         3.8         3.3         5.7
 163.57907    53.97612    32.462   55.77  72.11  0.4559E+13   80.76   9.05  -1  -1    56.18     0  4   0.0  0   0.0  0
       0.0         0.0         0.0         0.0
 164.15524    54.21430    32.462   55.77  72.11  0.4559E+13   98.92   9.05  -1  -1    58.07    59  4   0.0  0   0.0  0
       0.3         0.6         0.3         5.3
 164.73143    54.45248    32.462   55.77  72.11  0.4559E+13   99.49   9.05  -1  -1    56.18     0  4   0.0  0   0.0  0
       0.0         0.0         0.0         0.0
 165.30760    54.69067    32.462   55.77  72.11  0.4559E+13   99.49   9.05  -1  -1    56.18     0  4   0.0  0   0.0  0
       0.0         0.0         0.0         0.0
 154.91156    50.42556    23.231   55.77  72.11  0.4559E+13   99.49   9.05  -1  -1   111.97   304  4   0.0  0   0.0  0
       0.9         5.7        12.2        14.9
 155.48773    50.66375    23.231   55.77  72.11  0.4559E+13   99.49   9.05  -1  -1    59.33   324  4   0.0  0   0.0  0
      15.1        14.1         0.8         5.8
 156.06392    50.90193    23.231   55.77  72.11  0.4559E+13   99.36   9.05  -1  -1    89.58   327  4   0.0  0   0.0  0
      10.7        10.0         9.8         5.7
 156.64009    51.14011    23.231   55.77  72.11  0.4559E+13   81.56   9.05  -1  -1    74.79   322  4   0.0  0   0.0  0
      13.9         9.7         8.3         3.6
 157.21626    51.37830    23.231   55.77  72.11  0.4559E+13   67.84   9.05  -1  -1   106.51   384  4   0.0  0   0.0  0
      14.6         8.8        10.7         8.4
 157.79245    51.61648    23.231   55.77  72.11  0.4559E+13   61.88   9.05  -1  -1   122.51   430  4   0.0  0   0.0  0
      11.9        11.0        11.6        13.0
 158.36862    51.85466    23.231   55.77  72.11  0.4559E+13   92.60   9.05  -1  -1   111.05   435  4   0.0  0   0.0  0
       5.2         5.4        18.3        19.1
 158.94479    52.09285    23.231   55.77  72.11  0.4559E+13   33.09   9.05  -1  -1   102.94   469  4   0.0  0   0.0  0
      18.0         8.7        11.1        14.0
 159.52098    52.33103    23.231   55.77  72.11  0.4559E+13   38.45   9.05  -1  -1    80.43   553  4   0.0  0   0.0  0
       1.6        13.6        21.8        24.1
 160.09715    52.56921    23.231   55.77  72.11  0.4559E+13    7.11   9.05  -1  -1   128.77   625  4   0.0  0   0.0  0
      45.6        13.4         5.9         4.1
 160.67332    52.80739    23.231   55.77  72.11  0.4559E+13   29.47   9.05  -1  -1    97.47   498  4   0.0  0   0.0  0
      24.7         7.3        13.7         9.4
 161.24951    53.04557    23.231   55.77  72.11  0.4559E+13   74.37   9.05  -1  -1    78.83   377  4   0.0  0   0.0  0
      14.1         9.9        15.0         2.7
 161.82568    53.28376    23.231   55.77  72.11  0.4559E+13   94.00   9.05  -1  -1    56.45   329  4   0.0  0   0.0  0
      13.7         7.8         5.6         9.3
 162.40186    53.52194    23.231   55.77  72.11  0.4559E+13   60.27   9.05  -1  -1    81.16   254  4   0.0  0   0.0  0
      14.0        10.1         0.3         3.6
 162.97804    53.76012    23.231   55.77  72.11  0.4559E+13   99.35   9.05  -1  -1    86.69   156  4   0.0  0   0.0  0
       3.4         0.3         4.8         8.7
 163.55421    53.99831    23.231   55.77  72.11  0.4559E+13   80.62   9.05  -1  -1    56.18     0  4   0.0  0   0.0  0
       0.0         0.0         0.0         0.0
 164.13039    54.23649    23.231   55.77  72.11  0.4559E+13   98.34   9.05  -1  -1    94.44    36  4   0.0  0   0.0  0
       0.6         0.5         0.7         2.1
 164.70657    54.47467    23.231   55.77  72.11  0.4559E+13   99.49   9.05  -1  -1    56.18     0  4   0.0  0   0.0  0
       0.0         0.0         0.0         0.0
 165.28275    54.71286    23.231   55.77  72.11  0.4559E+13   99.49   9.05  -1  -1    56.18     0  4   0.0  0   0.0  0
       0.0         0.0         0.0         0.0
 154.88670    50.44775    14.000   55.77  72.11  0.4559E+13   99.49   9.05  -1  -1   102.57   315  4   0.0  0   0.0  0
       5.4        15.5         9.6         4.3
 155.46288    50.68594    14.000   55.77  72.11  0.4559E+13   99.49   9.05  -1  -1    82.84   359  4   0.0  0   0.0  0
      13.8         6.3        17.1         2.5
 156.03906    50.92412    14.000   55.77  72.11  0.4559E+13   95.54   9.05  -1  -1   137.03   373  4   0.0  0   0.0  0
       1.4         8.8        17.5        13.6
 156.61523    51.16230    14.000   55.77  72.11  0.4559E+13   99.05   9.05  -1  -1   111.44   369  4   0.0  0   0.0  0
       4.9        13.3        16.2         6.4
 157.19141    51.40049    14.000   55.77  72.11  0.4559E+13   75.16   9.05  -1  -1    82.88   432  4   0.0  0   0.0  0
      28.2        12.0         2.4         5.2
 157.76759    51.63867    14.000   55.77  72.11  0.4559E+13   95.25   9.05  -1  -1   115.36   472  4   0.0  0   0.0  0
       4.5        15.1        21.3        11.3
 158.34377    51.87685    14.000   55.77  72.11  0.4559E+13   63.54   9.05  -1  -1   130.66   488  4   0.0  0   0.0  0
      24.1         5.8        10.7        13.2
 158.91994    52.11504    14.000   55.77  72.11  0.4559E+13   42.69   9.05  -1  -1    97.69   505  4   0.0  0   0.0  0
      24.3         3.9        19.5         8.1
 159.49612    52.35322    14.000   55.77  72.11  0.4559E+13   26.94   9.05  -1  -1    84.59   571  4   0.0  0   0.0  0
      10.7         9.6        17.3        25.4
 154.96127    50.38118    41.693   55.77  72.11  0.4559E+13   99.49   9.05  -1  -1   136.30   334  4   0.0  0   0.0  0
       1.0         4.2         0.7        31.1
 160.64847    52.82958    14.000   55.77  72.11  0.4559E+13   19.01   9.05  -1  -1    76.14   525  4   0.0  0   0.0  0
      23.2        14.8        15.8         4.3
 161.22466    53.06776    14.000   55.77  72.11  0.4559E+13   72.90   9.05  -1  -1    62.84   418  4   0.0  0   0.0  0
       9.1        15.9        11.9         9.3
 161.80083    53.30595    14.000   55.77  72.11  0.4559E+13   97.63   9.05  -1  -1    91.72   325  4   0.0  0   0.0  0
       3.7        11.1         9.2        11.8
 162.37700    53.54413    14.000   55.77  72.11  0.4559E+13   72.76   9.05  -1  -1   100.97   276  4   0.0  0   0.0  0
      15.3         7.3         5.9         2.0
 162.95319    53.78231    14.000   55.77  72.11  0.4559E+13   72.45   9.05  -1  -1    86.28   148  4   0.0  0   0.0  0
       5.5         3.6         1.9         5.4
 163.52936    54.02050    14.000   55.77  72.11  0.4559E+13   80.57   9.05  -1  -1    56.18     0  4   0.0  0   0.0  0
       0.0         0.0         0.0         0.0
 164.10553    54.25868    14.000   55.77  72.11  0.4559E+13   98.05   9.05  -1  -1    85.38    43  4   0.0  0   0.0  0
       0.3         0.3         0.5         3.6
 164.68172    54.49686    14.000   55.77  72.11  0.4559E+13   99.49   9.05  -1  -1    56.18     0  4   0.0  0   0.0  0
       0.0         0.0         0.0         0.0
 165.25789    54.73505    14.000   55.77  72.11  0.4559E+13   99.49   9.05  -1  -1    56.18     0  4   0.0  0   0.0  0
       0.0         0.0         0.0         0.0
 154.86185    50.46994     4.769   55.77  72.11  0.4559E+13   99.49   9.05  -1  -1   101.09   365  4   0.0  0   0.0  0
       0.3         3.6        10.9        25.5
 155.43802    50.70813     4.769   55.77  72.11  0.4559E+13   99.49   9.05  -1  -1   113.62   408  4   0.0  0   0.0  0
       0.3         0.3        20.0        24.5
 156.01421    50.94631     4.769   55.77  72.11  0.4559E+13   95.26   9.05  -1  -1   126.56   389  4   0.0  0   0.0  0
       4.4         9.9         2.2        26.5
 156.59038    51.18449     4.769   55.77  72.11  0.4559E+13   83.30   9.05  -1  -1    90.57   392  4   0.0  0   0.0  0
       6.5         9.7        14.1        13.0
 157.16655    51.42268     4.769   55.77  72.11  0.4559E+13   83.48   9.05  -1  -1   139.66   429  4   0.0  0   0.0  0
       2.0         5.8        13.1        26.5
 157.74274    51.66086     4.769   55.77  72.11  0.4559E+13   58.85   9.05  -1  -1   114.06   507  4   0.0  0   0.0  0
       2.3        11.8        25.2        16.8
 158.31891    51.89904     4.769   55.77  72.11  0.4559E+13   52.03   9.05  -1  -1   102.65   528  4   0.0  0   0.0  0
      14.6         2.0        17.4        24.4
 158.89508    52.13723     4.769   55.77  72.11  0.4559E+13   79.66   9.05  -1  -1   129.72   561  4   0.0  0   0.0  0
      13.8        26.9         6.8        14.5
 159.47127    52.37541     4.769   55.77  72.11  0.4559E+13   18.32   9.05  -1  -1   113.28   609  4   0.0  0   0.0  0
       9.1        22.2        22.6        13.4
 160.04744    52.61359     4.769   55.77  72.11  0.4559E+13    3.07   9.05  -1  -1   107.86   656  4   0.0  0   0.0  0
      58.2         5.9         8.0         0.3
 160.62361    52.85177     4.769   55.77  72.11  0.4559E+13   15.61   9.05  -1  -1    74.68   518  4   0.0  0   0.0  0
      20.3        14.2        19.8         2.8
 161.19980    53.08995     4.769   55.77  72.11  0.4559E+13   91.97   9.05  -1  -1    82.73   414  4   0.0  0   0.0  0
      10.8         5.3         2.7        26.9
 161.77597    53.32814     4.769   55.77  72.11  0.4559E+13   68.75   9.05  -1  -1   101.74   340  4   0.0  0   0.0  0
      18.6         4.6         0.8        13.4
 162.35214    53.56632     4.769   55.77  72.11  0.4559E+13   67.83   9.05  -1  -1    86.45   260  4   0.0  0   0.0  0
       9.9        10.7         3.3         4.8
 162.92833    53.80450     4.769   55.77  72.11  0.4559E+13   89.64   9.05  -1  -1    93.04   209  4   0.0  0   0.0  0
      14.8         0.3         1.4         6.6
 163.50450    54.04269     4.769   55.77  72.11  0.4559E+13   80.62   9.05  -1  -1    56.18     0  4   0.0  0   0.0  0
       0.0         0.0         0.0         0.0
 164.08067    54.28087     4.769   55.77  72.11  0.4559E+13   98.43   9.05  -1  -1    71.36    47  4   0.0  0   0.0  0
       0.3         0.4         0.4         4.1
 164.65686    54.51905     4.769   55.77  72.11  0.4559E+13   99.49   9.05  -1  -1    56.18     0  4   0.0  0   0.0  0
       0.0         0.0         0.0         0.0
 165.23303    54.75724     4.769   55.77  72.11  0.4559E+13   99.49   9.05  -1  -1    56.18     0  4   0.0  0   0.0  0
       0.0         0.0         0.0         0.0
