2.0
#
# http://equake-rc.info/static/paper/SRF-Description-Graves_2.0.pdf
# RECTANGULAR fault MODEL
#
# All subfaults are  14.0 km long along strike and
#   7.0 km wide along dip
#
# Model length along strike is  182.0 km
#
# Model width along dip is   35.0 km
#
# Corners of the rectangular dislocation model (lat, lon):
#     54.757  -161.978 : corner 1
#     54.824  -159.141 : corner 2
#     54.725  -159.134 : corner 3
#     54.658  -161.971 : corner 4
#
#
# Number of elementary sliprate
# isoceles triangular functions
# per subfault:   4
#
# Half duration of elementary sliprate
# isoceles triangular functions (s):   3.60
# Triangles are overlapping each other by half
#
# slip rate unit: cm/s
#
#
# Seismic moment is converted into slip
# using a single constant value for the
# shear modulus mu of  0.250E+12 dyne/cm2
# assumed to be constant and characteristic
# of the fault shear zone
#
#
#
# "rake" (degrees) is the slip angle (Aki"s convention,
# e.g. rake=+45 means left-lateral-reverse movement.
#
#
# ************************************************
# Total seismic moment M0=  0.804E+27 dyne.cm
# ************************************************
#
#
PLANE 1
-160.55951    54.79050   13    5   182.000    35.000
 87.65  71.57     0.197     0.000    17.500
POINTS   65
-160.55600    54.74100    16.800   87.65  71.57  0.9800E+12    0.00   3.60  -1  -1     3.55    81  4   0.0  0   0.0  0
      19.9         0.2         1.6         0.7
-161.64465    54.67534    30.082   87.65  71.57  0.9800E+12   20.97   3.60  -1  -1    86.15    48  4   0.0  0   0.0  0
       7.3         2.2         1.0         2.6
-161.42635    54.68050    30.082   87.65  71.57  0.9800E+12   21.26   3.60  -1  -1    84.06    31  4   0.0  0   0.0  0
       0.4         0.6         0.2         7.6
-161.20805    54.68567    30.082   87.65  71.57  0.9800E+12   18.17   3.60  -1  -1    77.10    43  4   0.0  0   0.0  0
       0.3         0.3         2.6         8.6
-160.98976    54.69084    30.082   87.65  71.57  0.9800E+12   21.24   3.60  -1  -1    75.34    90  4   0.0  0   0.0  0
       5.3         0.3        13.8         5.4
-160.77147    54.69600    30.082   87.65  71.57  0.9800E+12   16.86   3.60  -1  -1    66.78    74  4   0.0  0   0.0  0
       0.2         3.6        10.6         6.1
-160.55318    54.70117    30.082   87.65  71.57  0.9800E+12    4.28   3.60  -1  -1    50.13    74  4   0.0  0   0.0  0
       4.9        10.9         3.2         1.4
-160.33487    54.70633    30.082   87.65  71.57  0.9800E+12    9.70   3.60  -1  -1    30.75   142  4   0.0  0   0.0  0
      24.3        10.4         4.4         0.2
-160.11658    54.71150    30.082   87.65  71.57  0.9800E+12    9.75   3.60  -1  -1    22.25   260  4   0.0  0   0.0  0
      40.4        30.5         1.2         0.2
-159.89828    54.71667    30.082   87.65  71.57  0.9800E+12   12.94   3.60  -1  -1    31.14   208  4   0.0  0   0.0  0
      55.7         1.7         0.3         0.1
-159.67999    54.72183    30.082   87.65  71.57  0.9800E+12   21.54   3.60  -1  -1    53.04    39  4   0.0  0   0.0  0
       4.3         0.5         0.2         5.8
-159.46170    54.72700    30.082   87.65  71.57  0.9800E+12   20.40   3.60  -1  -1    -3.45     0  4   0.0  0   0.0  0
       0.0         0.0         0.0         0.0
-159.24339    54.73217    30.082   87.65  71.57  0.9800E+12   22.69   3.60  -1  -1    -3.45     0  4   0.0  0   0.0  0
       0.0         0.0         0.0         0.0
-161.86436    54.69009    23.441   87.65  71.57  0.9800E+12   22.69   3.60  -1  -1    -3.45     0  4   0.0  0   0.0  0
       0.0         0.0         0.0         0.0
-161.64606    54.69526    23.441   87.65  71.57  0.9800E+12   22.45   3.60  -1  -1    79.95    32  4   0.0  0   0.0  0
       0.4         0.4         1.1         6.9
-161.42776    54.70042    23.441   87.65  71.57  0.9800E+12   16.45   3.60  -1  -1    66.66    20  4   0.0  0   0.0  0
       1.8         1.0         0.7         2.1
-161.20947    54.70559    23.441   87.65  71.57  0.9800E+12   22.60   3.60  -1  -1    56.59    31  4   0.0  0   0.0  0
       0.2         2.7         1.8         4.0
-160.99118    54.71075    23.441   87.65  71.57  0.9800E+12   20.73   3.60  -1  -1    36.79    87  4   0.0  0   0.0  0
       0.2         4.1        13.1         6.8
-160.77289    54.71592    23.441   87.65  71.57  0.9800E+12   13.94   3.60  -1  -1    60.35    72  4   0.0  0   0.0  0
       1.4         3.5         6.0         9.3
-160.55458    54.72108    23.441   87.65  71.57  0.9800E+12    6.79   3.60  -1  -1    82.28    68  4   0.0  0   0.0  0
       0.1         1.5        12.1         5.1
-160.33629    54.72625    23.441   87.65  71.57  0.9800E+12   15.05   3.60  -1  -1    51.24    77  4   0.0  0   0.0  0
       6.2        11.7         0.3         3.2
-160.11800    54.73142    23.441   87.65  71.57  0.9800E+12   18.76   3.60  -1  -1    63.34    70  4   0.0  0   0.0  0
       6.2         7.9         4.7         0.6
-159.89970    54.73658    23.441   87.65  71.57  0.9800E+12   17.29   3.60  -1  -1    14.25    57  4   0.0  0   0.0  0
      11.0         3.8         0.9         0.2
-159.68140    54.74175    23.441   87.65  71.57  0.9800E+12   22.55   3.60  -1  -1    -3.36    37  4   0.0  0   0.0  0
       1.3         0.2         0.1         8.7
-159.46310    54.74691    23.441   87.65  71.57  0.9800E+12   20.10   3.60  -1  -1    -3.45     0  4   0.0  0   0.0  0
       0.0         0.0         0.0         0.0
-159.24481    54.75208    23.441   87.65  71.57  0.9800E+12   22.69   3.60  -1  -1    -3.45     0  4   0.0  0   0.0  0
       0.0         0.0         0.0         0.0
-161.86577    54.71000    16.800   87.65  71.57  0.9800E+12   22.69   3.60  -1  -1    -3.45     0  4   0.0  0   0.0  0
       0.0         0.0         0.0         0.0
-161.64748    54.71517    16.800   87.65  71.57  0.9800E+12   22.25   3.60  -1  -1    84.56    24  4   0.0  0   0.0  0
       1.1         0.8         1.5         3.2
-161.42918    54.72034    16.800   87.65  71.57  0.9800E+12   22.14   3.60  -1  -1    49.50    14  4   0.0  0   0.0  0
       0.1         0.3         2.0         1.6
-161.21089    54.72550    16.800   87.65  71.57  0.9800E+12   21.53   3.60  -1  -1    60.67    29  4   0.0  0   0.0  0
       1.1         3.9         0.6         2.6
-160.99258    54.73067    16.800   87.65  71.57  0.9800E+12   22.53   3.60  -1  -1    65.62    46  4   0.0  0   0.0  0
       5.9         2.9         2.2         1.8
-160.77429    54.73584    16.800   87.65  71.57  0.9800E+12   10.43   3.60  -1  -1    51.98    45  4   0.0  0   0.0  0
       1.3         4.2         4.9         2.3
-161.86295    54.67017    30.082   87.65  71.57  0.9800E+12   22.69   3.60  -1  -1    -3.45     0  4   0.0  0   0.0  0
       0.0         0.0         0.0         0.0
-160.33771    54.74617    16.800   87.65  71.57  0.9800E+12    4.30   3.60  -1  -1    60.38    55  4   0.0  0   0.0  0
       9.8         0.4         4.3         0.9
-160.11942    54.75134    16.800   87.65  71.57  0.9800E+12   20.44   3.60  -1  -1    33.30    67  4   0.0  0   0.0  0
       8.7         5.7         1.1         3.3
-159.90111    54.75650    16.800   87.65  71.57  0.9800E+12   12.80   3.60  -1  -1    15.56    15  4   0.0  0   0.0  0
       1.2         0.2         2.7         0.1
-159.68282    54.76167    16.800   87.65  71.57  0.9800E+12   22.52   3.60  -1  -1     5.89    37  4   0.0  0   0.0  0
       3.7         0.1         0.2         6.4
-159.46452    54.76683    16.800   87.65  71.57  0.9800E+12   20.00   3.60  -1  -1    -3.45     0  4   0.0  0   0.0  0
       0.0         0.0         0.0         0.0
-159.24623    54.77200    16.800   87.65  71.57  0.9800E+12   22.69   3.60  -1  -1    -3.45     0  4   0.0  0   0.0  0
       0.0         0.0         0.0         0.0
-161.86719    54.72992    10.159   87.65  71.57  0.9800E+12   22.69   3.60  -1  -1    -3.45     0  4   0.0  0   0.0  0
       0.0         0.0         0.0         0.0
-161.64890    54.73509    10.159   87.65  71.57  0.9800E+12   21.87   3.60  -1  -1    75.86    24  4   0.0  0   0.0  0
       0.2         2.0         2.8         1.6
-161.43060    54.74025    10.159   87.65  71.57  0.9800E+12   21.14   3.60  -1  -1    47.24    15  4   0.0  0   0.0  0
       0.7         1.5         1.5         0.4
-161.21230    54.74542    10.159   87.65  71.57  0.9800E+12   14.28   3.60  -1  -1     7.23    27  4   0.0  0   0.0  0
       1.2         3.2         2.1         1.1
-160.99400    54.75058    10.159   87.65  71.57  0.9800E+12   19.06   3.60  -1  -1    49.90    25  4   0.0  0   0.0  0
       2.1         2.0         0.6         2.2
-160.77571    54.75575    10.159   87.65  71.57  0.9800E+12   10.39   3.60  -1  -1    59.48    50  4   0.0  0   0.0  0
       3.2         0.6         1.7         8.4
-160.55742    54.76092    10.159   87.65  71.57  0.9800E+12    4.28   3.60  -1  -1    48.47    32  4   0.0  0   0.0  0
       0.3         0.3         0.7         7.6
-160.33911    54.76608    10.159   87.65  71.57  0.9800E+12   15.12   3.60  -1  -1    60.05    31  4   0.0  0   0.0  0
       1.9         0.4         1.2         5.3
-160.12082    54.77125    10.159   87.65  71.57  0.9800E+12   15.55   3.60  -1  -1    51.97    69  4   0.0  0   0.0  0
       8.3         0.2         5.9         4.7
-159.90253    54.77642    10.159   87.65  71.57  0.9800E+12   21.89   3.60  -1  -1    86.42    76  4   0.0  0   0.0  0
       0.1         0.3         5.8        14.9
-159.68423    54.78158    10.159   87.65  71.57  0.9800E+12   20.27   3.60  -1  -1    53.32   166  4   0.0  0   0.0  0
       0.1        10.2        22.6        13.1
-159.46594    54.78675    10.159   87.65  71.57  0.9800E+12   20.10   3.60  -1  -1    -3.45     0  4   0.0  0   0.0  0
       0.0         0.0         0.0         0.0
-159.24763    54.79192    10.159   87.65  71.57  0.9800E+12   22.69   3.60  -1  -1    -3.45     0  4   0.0  0   0.0  0
       0.0         0.0         0.0         0.0
-161.86861    54.74984     3.518   87.65  71.57  0.9800E+12   22.69   3.60  -1  -1    -3.45     0  4   0.0  0   0.0  0
       0.0         0.0         0.0         0.0
-161.65030    54.75500     3.518   87.65  71.57  0.9800E+12   22.14   3.60  -1  -1    73.31    52  4   0.0  0   0.0  0
       0.2         4.9         6.3         3.0
-161.43201    54.76017     3.518   87.65  71.57  0.9800E+12   19.61   3.60  -1  -1    69.90    19  4   0.0  0   0.0  0
       1.0         0.2         0.3         3.8
-161.21371    54.76534     3.518   87.65  71.57  0.9800E+12   12.85   3.60  -1  -1    41.73    28  4   0.0  0   0.0  0
       1.5         1.2         2.5         2.5
-160.99542    54.77050     3.518   87.65  71.57  0.9800E+12   15.67   3.60  -1  -1    36.00    33  4   0.0  0   0.0  0
       0.4         4.0         2.6         2.1
-160.77713    54.77567     3.518   87.65  71.57  0.9800E+12    8.66   3.60  -1  -1    22.74    17  4   0.0  0   0.0  0
       0.7         1.5         0.7         1.8
-160.55882    54.78083     3.518   87.65  71.57  0.9800E+12    6.45   3.60  -1  -1    44.28    26  4   0.0  0   0.0  0
       4.0         0.3         2.8         0.2
-160.34053    54.78600     3.518   87.65  71.57  0.9800E+12   18.46   3.60  -1  -1    42.86    46  4   0.0  0   0.0  0
       1.3         1.2         6.1         4.0
-160.12224    54.79116     3.518   87.65  71.57  0.9800E+12   15.60   3.60  -1  -1    67.48    87  4   0.0  0   0.0  0
       7.0         1.0         7.7         8.3
-159.90395    54.79633     3.518   87.65  71.57  0.9800E+12   12.69   3.60  -1  -1    86.23   285  4   0.0  0   0.0  0
      65.3         0.1         7.6         6.1
-159.68565    54.80150     3.518   87.65  71.57  0.9800E+12   18.79   3.60  -1  -1    66.87   201  4   0.0  0   0.0  0
      24.5        27.2         0.7         3.5
-159.46735    54.80666     3.518   87.65  71.57  0.9800E+12   20.40   3.60  -1  -1    -3.45     0  4   0.0  0   0.0  0
       0.0         0.0         0.0         0.0
-159.24905    54.81183     3.518   87.65  71.57  0.9800E+12   22.69   3.60  -1  -1    -3.45     0  4   0.0  0   0.0  0
       0.0         0.0         0.0         0.0
