2.0
#
# http://equake-rc.info/static/paper/SRF-Description-Graves_2.0.pdf
# RECTANGULAR fault MODEL
#
# All subfaults are  14.0 km long along strike and
#  14.3 km wide along dip
#
# Model length along strike is  182.0 km
#
# Model width along dip is   71.5 km
#
# Corners of the rectangular dislocation model (lat, lon):
#     53.924  -160.318 : corner 1
#     55.483  -161.195 : corner 2
#     55.608  -160.527 : corner 3
#     54.049  -159.650 : corner 4
#
#
# Number of elementary sliprate
# isoceles triangular functions
# per subfault:   4
#
# Half duration of elementary sliprate
# isoceles triangular functions (s):   3.60
# Triangles are overlapping each other by half
#
# slip rate unit: cm/s
#
#
# Seismic moment is converted into slip
# using a single constant value for the
# shear modulus mu of  0.250E+12 dyne/cm2
# assumed to be constant and characteristic
# of the fault shear zone
#
#
#
# "rake" (degrees) is the slip angle (Aki"s convention,
# e.g. rake=+45 means left-lateral-reverse movement.
#
#
# ************************************************
# Total seismic moment M0=  0.686E+27 dyne.cm
# ************************************************
#
#
PLANE 1
-160.75650    54.70350   13    5   182.000    71.500
342.00  51.00     0.130     0.000    21.452
POINTS   65
-160.55600    54.74100    16.800  342.00  51.00  0.2002E+13    0.00   3.60  -1  -1   147.83    93  4   0.0  0   0.0  0
      24.6         0.1         0.2         0.9
-159.81773    54.21641    50.140  342.00  51.00  0.2002E+13   22.69   3.60  -1  -1   111.00     0  4   0.0  0   0.0  0
       0.0         0.0         0.0         0.0
-159.88525    54.33636    50.140  342.00  51.00  0.2002E+13   22.66   3.60  -1  -1   111.06    36  4   0.0  0   0.0  0
       0.1         0.1         0.1         9.6
-159.95276    54.45631    50.140  342.00  51.00  0.2002E+13   22.67   3.60  -1  -1   111.13    22  4   0.0  0   0.0  0
       0.1         0.1         0.1         5.7
-160.02028    54.57626    50.140  342.00  51.00  0.2002E+13   22.58   3.60  -1  -1   111.10    30  4   0.0  0   0.0  0
       0.1         0.1         0.4         7.7
-160.08778    54.69621    50.140  342.00  51.00  0.2002E+13   20.42   3.60  -1  -1   111.18    24  4   0.0  0   0.0  0
       0.1         1.3         1.6         3.7
-160.15530    54.81616    50.140  342.00  51.00  0.2002E+13   22.66   3.60  -1  -1   144.10    11  4   0.0  0   0.0  0
       0.7         0.5         0.4         1.5
-160.22281    54.93611    50.140  342.00  51.00  0.2002E+13   15.45   3.60  -1  -1   146.34     4  4   0.0  0   0.0  0
       0.1         0.1         0.5         0.5
-160.29033    55.05606    50.140  342.00  51.00  0.2002E+13   15.79   3.60  -1  -1   148.52     9  4   0.0  0   0.0  0
       0.1         0.7         0.7         0.9
-160.35785    55.17601    50.140  342.00  51.00  0.2002E+13   22.67   3.60  -1  -1   163.71     2  4   0.0  0   0.0  0
       0.1         0.1         0.1         0.1
-160.42535    55.29596    50.140  342.00  51.00  0.2002E+13   21.88   3.60  -1  -1  -176.67    11  4   0.0  0   0.0  0
       0.1         0.1         1.3         1.5
-160.49287    55.41590    50.140  342.00  51.00  0.2002E+13   22.69   3.60  -1  -1   111.00     0  4   0.0  0   0.0  0
       0.0         0.0         0.0         0.0
-160.56038    55.53585    50.140  342.00  51.00  0.2002E+13   22.69   3.60  -1  -1   111.00     0  4   0.0  0   0.0  0
       0.0         0.0         0.0         0.0
-159.88379    54.07141    39.026  342.00  51.00  0.2002E+13   22.69   3.60  -1  -1   111.00     0  4   0.0  0   0.0  0
       0.0         0.0         0.0         0.0
-159.95129    54.19136    39.026  342.00  51.00  0.2002E+13   21.60   3.60  -1  -1   111.00     0  4   0.0  0   0.0  0
       0.0         0.0         0.0         0.0
-160.01881    54.31131    39.026  342.00  51.00  0.2002E+13   18.44   3.60  -1  -1   111.03     2  4   0.0  0   0.0  0
       0.1         0.1         0.1         0.1
-160.08633    54.43126    39.026  342.00  51.00  0.2002E+13   15.08   3.60  -1  -1   111.03    51  4   0.0  0   0.0  0
      13.9         0.1         0.1         0.1
-160.15384    54.55121    39.026  342.00  51.00  0.2002E+13   11.90   3.60  -1  -1   152.23   125  4   0.0  0   0.0  0
      34.2         0.2         0.1         0.1
-160.22136    54.67116    39.026  342.00  51.00  0.2002E+13    9.65   3.60  -1  -1   141.39   108  4   0.0  0   0.0  0
      28.9         0.1         1.0         0.1
-160.28886    54.79111    39.026  342.00  51.00  0.2002E+13    8.59   3.60  -1  -1   111.37    27  4   0.0  0   0.0  0
       4.1         0.3         2.8         0.1
-160.35638    54.91106    39.026  342.00  51.00  0.2002E+13   18.34   3.60  -1  -1   130.39     2  4   0.0  0   0.0  0
       0.2         0.1         0.1         0.2
-160.42389    55.03101    39.026  342.00  51.00  0.2002E+13   15.23   3.60  -1  -1   111.28     4  4   0.0  0   0.0  0
       0.1         0.1         0.7         0.1
-160.49141    55.15096    39.026  342.00  51.00  0.2002E+13   19.39   3.60  -1  -1   129.22     5  4   0.0  0   0.0  0
       0.1         0.9         0.1         0.1
-160.55893    55.27090    39.026  342.00  51.00  0.2002E+13   22.66   3.60  -1  -1  -163.59     2  4   0.0  0   0.0  0
       0.1         0.1         0.1         0.1
-160.62643    55.39085    39.026  342.00  51.00  0.2002E+13   21.60   3.60  -1  -1   111.00     0  4   0.0  0   0.0  0
       0.0         0.0         0.0         0.0
-160.69395    55.51080    39.026  342.00  51.00  0.2002E+13   22.69   3.60  -1  -1   111.00     0  4   0.0  0   0.0  0
       0.0         0.0         0.0         0.0
-160.01735    54.04636    27.913  342.00  51.00  0.2002E+13   22.69   3.60  -1  -1   111.00     0  4   0.0  0   0.0  0
       0.0         0.0         0.0         0.0
-160.08487    54.16631    27.913  342.00  51.00  0.2002E+13   20.41   3.60  -1  -1   111.00     0  4   0.0  0   0.0  0
       0.0         0.0         0.0         0.0
-160.15237    54.28625    27.913  342.00  51.00  0.2002E+13   17.16   3.60  -1  -1   112.21     9  4   0.0  0   0.0  0
       2.2         0.1         0.1         0.1
-160.21989    54.40620    27.913  342.00  51.00  0.2002E+13   12.82   3.60  -1  -1   118.90    53  4   0.0  0   0.0  0
      12.8         1.7         0.1         0.1
-160.28740    54.52615    27.913  342.00  51.00  0.2002E+13    9.33   3.60  -1  -1   131.14    97  4   0.0  0   0.0  0
      24.7         1.2         1.0         0.1
-160.35492    54.64610    27.913  342.00  51.00  0.2002E+13    6.98   3.60  -1  -1   148.27    73  4   0.0  0   0.0  0
      17.5         2.1         0.3         0.4
-160.42244    54.76605    27.913  342.00  51.00  0.2002E+13    5.00   3.60  -1  -1   140.10    61  4   0.0  0   0.0  0
      11.8         4.2         0.4         0.6
-160.48994    54.88600    27.913  342.00  51.00  0.2002E+13    6.43   3.60  -1  -1   157.77    40  4   0.0  0   0.0  0
       9.6         0.6         0.6         0.3
-160.55746    55.00595    27.913  342.00  51.00  0.2002E+13   12.02   3.60  -1  -1   111.14    24  4   0.0  0   0.0  0
       0.1         2.0         4.3         0.1
-160.62497    55.12590    27.913  342.00  51.00  0.2002E+13   16.68   3.60  -1  -1   157.07    26  4   0.0  0   0.0  0
       1.9         4.5         0.1         0.9
-160.69249    55.24585    27.913  342.00  51.00  0.2002E+13   19.22   3.60  -1  -1  -165.06    21  4   0.0  0   0.0  0
       3.6         2.1         0.1         0.1
-160.76001    55.36580    27.913  342.00  51.00  0.2002E+13   20.41   3.60  -1  -1   111.00     0  4   0.0  0   0.0  0
       0.0         0.0         0.0         0.0
-160.82751    55.48575    27.913  342.00  51.00  0.2002E+13   22.69   3.60  -1  -1   111.00     0  4   0.0  0   0.0  0
       0.0         0.0         0.0         0.0
-160.15092    54.02131    16.800  342.00  51.00  0.2002E+13   22.69   3.60  -1  -1   111.00     0  4   0.0  0   0.0  0
       0.0         0.0         0.0         0.0
-160.21843    54.14125    16.800  342.00  51.00  0.2002E+13   20.00   3.60  -1  -1   111.00     0  4   0.0  0   0.0  0
       0.0         0.0         0.0         0.0
-160.28595    54.26120    16.800  342.00  51.00  0.2002E+13   16.48   3.60  -1  -1   138.70     6  4   0.0  0   0.0  0
       1.3         0.2         0.1         0.1
-160.35345    54.38115    16.800  342.00  51.00  0.2002E+13   14.44   3.60  -1  -1   144.15     8  4   0.0  0   0.0  0
       1.0         0.3         0.2         0.6
-160.42097    54.50110    16.800  342.00  51.00  0.2002E+13   16.01   3.60  -1  -1   129.98    26  4   0.0  0   0.0  0
       5.5         0.2         0.9         0.7
-160.48848    54.62105    16.800  342.00  51.00  0.2002E+13    6.09   3.60  -1  -1   134.32    24  4   0.0  0   0.0  0
       2.1         3.7         0.3         0.5
-159.75021    54.09646    50.140  342.00  51.00  0.2002E+13   22.69   3.60  -1  -1   111.00     0  4   0.0  0   0.0  0
       0.0         0.0         0.0         0.0
-160.62352    54.86095    16.800  342.00  51.00  0.2002E+13   10.35   3.60  -1  -1   162.65    26  4   0.0  0   0.0  0
       2.3         1.8         2.9         0.2
-160.69102    54.98090    16.800  342.00  51.00  0.2002E+13    8.68   3.60  -1  -1   154.79    18  4   0.0  0   0.0  0
       0.4         2.4         2.0         0.1
-160.75854    55.10085    16.800  342.00  51.00  0.2002E+13   15.87   3.60  -1  -1   174.26    21  4   0.0  0   0.0  0
       2.3         2.6         0.1         0.8
-160.82605    55.22080    16.800  342.00  51.00  0.2002E+13   16.71   3.60  -1  -1   143.57    21  4   0.0  0   0.0  0
       3.4         1.6         0.3         0.6
-160.89357    55.34075    16.800  342.00  51.00  0.2002E+13   20.00   3.60  -1  -1   111.00     0  4   0.0  0   0.0  0
       0.0         0.0         0.0         0.0
-160.96107    55.46070    16.800  342.00  51.00  0.2002E+13   22.69   3.60  -1  -1   111.00     0  4   0.0  0   0.0  0
       0.0         0.0         0.0         0.0
-160.28448    53.99625     5.687  342.00  51.00  0.2002E+13   22.69   3.60  -1  -1   111.00     0  4   0.0  0   0.0  0
       0.0         0.0         0.0         0.0
-160.35199    54.11620     5.687  342.00  51.00  0.2002E+13   20.41   3.60  -1  -1   111.00     0  4   0.0  0   0.0  0
       0.0         0.0         0.0         0.0
-160.41951    54.23615     5.687  342.00  51.00  0.2002E+13   19.28   3.60  -1  -1   170.59    39  4   0.0  0   0.0  0
       9.4         0.5         0.7         0.2
-160.48703    54.35610     5.687  342.00  51.00  0.2002E+13   19.79   3.60  -1  -1   143.79    20  4   0.0  0   0.0  0
       2.9         2.1         0.4         0.2
-160.55453    54.47605     5.687  342.00  51.00  0.2002E+13   21.90   3.60  -1  -1   157.37    19  4   0.0  0   0.0  0
       0.7         0.2         2.6         1.7
-160.62206    54.59600     5.687  342.00  51.00  0.2002E+13   17.73   3.60  -1  -1   152.81    24  4   0.0  0   0.0  0
       1.6         0.6         0.8         3.6
-160.68956    54.71595     5.687  342.00  51.00  0.2002E+13    9.74   3.60  -1  -1  -171.42    30  4   0.0  0   0.0  0
       5.1         1.1         0.3         1.8
-160.75708    54.83590     5.687  342.00  51.00  0.2002E+13    9.36   3.60  -1  -1   158.67    30  4   0.0  0   0.0  0
       4.9         2.3         0.4         0.6
-160.82460    54.95585     5.687  342.00  51.00  0.2002E+13    9.65   3.60  -1  -1   150.75    31  4   0.0  0   0.0  0
       1.2         3.3         1.4         2.6
-160.89211    55.07580     5.687  342.00  51.00  0.2002E+13   15.76   3.60  -1  -1   153.83    26  4   0.0  0   0.0  0
       5.7         0.3         0.2         0.9
-160.95963    55.19575     5.687  342.00  51.00  0.2002E+13   22.16   3.60  -1  -1  -159.40    30  4   0.0  0   0.0  0
       1.0         3.1         0.7         3.5
-161.02713    55.31569     5.687  342.00  51.00  0.2002E+13   20.41   3.60  -1  -1   111.00     0  4   0.0  0   0.0  0
       0.0         0.0         0.0         0.0
-161.09465    55.43564     5.687  342.00  51.00  0.2002E+13   22.69   3.60  -1  -1   111.00     0  4   0.0  0   0.0  0
       0.0         0.0         0.0         0.0
