2.0
#
# http://equake-rc.info/static/paper/SRF-Description-Graves_2.0.pdf
# RECTANGULAR fault MODEL
#
# All subfaults are   5.0 km long along strike and
#   4.7 km wide along dip
#
# Model length along strike is   45.0 km
#
# Model width along dip is   23.5 km
#
# Corners of the rectangular dislocation model (lat, lon):
#     39.081    28.247 : corner 1
#     39.266    27.782 : corner 2
#     39.399    27.870 : corner 3
#     39.214    28.335 : corner 4
#
#
# Number of elementary sliprate
# isoceles triangular functions
# per subfault:   4
#
# Half duration of elementary sliprate
# isoceles triangular functions (s):   1.43
# Triangles are overlapping each other by half
#
# slip rate unit: cm/s
#
#
# Seismic moment is converted into slip
# using a single constant value for the
# shear modulus mu of  0.250E+12 dyne/cm2
# assumed to be constant and characteristic
# of the fault shear zone
#
#
#
# "rake" (degrees) is the slip angle (Aki"s convention,
# e.g. rake=+45 means left-lateral-reverse movement.
#
#
# ************************************************
# Total seismic moment M0=  0.178E+26 dyne.cm
# ************************************************
#
#
PLANE 1
  28.01450    39.17350    9    5    45.000    23.500
297.17  45.03     0.086     0.000    11.750
POINTS   45
  28.05870    39.24030     8.400  297.17  45.03  0.2350E+12    0.00   1.43  -1  -1   -86.00    53  4   0.0  0   0.0  0
      29.5         6.3         1.2         0.2
  28.24908    39.23183    15.051  297.17  45.03  0.2350E+12    5.06   1.43  -1  -1  -137.00     0  4   0.0  0   0.0  0
       0.0         0.0         0.0         0.0
  28.19738    39.25239    15.051  297.17  45.03  0.2350E+12    5.96   1.43  -1  -1  -118.87     3  4   0.0  0   0.0  0
       0.8         0.1         0.4         0.7
  28.14567    39.27295    15.051  297.17  45.03  0.2350E+12    6.20   1.43  -1  -1   -74.63     1  4   0.0  0   0.0  0
       0.3         0.1         0.2         0.1
  28.09396    39.29350    15.051  297.17  45.03  0.2350E+12    2.95   1.43  -1  -1   -81.14     8  4   0.0  0   0.0  0
       4.8         0.7         0.0         0.1
  28.04226    39.31406    15.051  297.17  45.03  0.2350E+12    6.22   1.43  -1  -1   -66.14     2  4   0.0  0   0.0  0
       1.5         0.1         0.1         0.1
  27.99055    39.33462    15.051  297.17  45.03  0.2350E+12    6.17   1.43  -1  -1   -61.84     0  4   0.0  0   0.0  0
       0.1         0.1         0.1         0.1
  27.93884    39.35518    15.051  297.17  45.03  0.2350E+12    5.06   1.43  -1  -1  -137.00     0  4   0.0  0   0.0  0
       0.0         0.0         0.0         0.0
  27.88714    39.37573    15.051  297.17  45.03  0.2350E+12    6.31   1.43  -1  -1  -137.00     0  4   0.0  0   0.0  0
       0.0         0.0         0.0         0.0
  28.28316    39.18467    11.725  297.17  45.03  0.2350E+12    5.87   1.43  -1  -1  -137.00     0  4   0.0  0   0.0  0
       0.0         0.0         0.0         0.0
  28.23145    39.20523    11.725  297.17  45.03  0.2350E+12    4.49   1.43  -1  -1  -137.00     0  4   0.0  0   0.0  0
       0.0         0.0         0.0         0.0
  28.17974    39.22579    11.725  297.17  45.03  0.2350E+12    4.43   1.43  -1  -1   -98.27     8  4   0.0  0   0.0  0
       3.6         0.6         1.5         0.1
  28.12804    39.24635    11.725  297.17  45.03  0.2350E+12    3.49   1.43  -1  -1   -85.42    15  4   0.0  0   0.0  0
       6.1         2.6         1.4         0.7
  28.07633    39.26690    11.725  297.17  45.03  0.2350E+12    1.36   1.43  -1  -1  -106.33    35  4   0.0  0   0.0  0
      24.0         0.3         0.1         0.2
  28.02463    39.28746    11.725  297.17  45.03  0.2350E+12    1.96   1.43  -1  -1   -73.15     8  4   0.0  0   0.0  0
       3.0         1.9         0.8         0.1
  27.97292    39.30801    11.725  297.17  45.03  0.2350E+12    5.52   1.43  -1  -1   -64.88     4  4   0.0  0   0.0  0
       0.1         1.0         1.7         0.1
  27.92121    39.32857    11.725  297.17  45.03  0.2350E+12    4.49   1.43  -1  -1  -137.00     0  4   0.0  0   0.0  0
       0.0         0.0         0.0         0.0
  27.86950    39.34913    11.725  297.17  45.03  0.2350E+12    5.87   1.43  -1  -1  -137.00     0  4   0.0  0   0.0  0
       0.0         0.0         0.0         0.0
  28.26553    39.15807     8.400  297.17  45.03  0.2350E+12    5.71   1.43  -1  -1  -137.00     0  4   0.0  0   0.0  0
       0.0         0.0         0.0         0.0
  28.21382    39.17863     8.400  297.17  45.03  0.2350E+12    4.29   1.43  -1  -1  -137.00     0  4   0.0  0   0.0  0
       0.0         0.0         0.0         0.0
  28.16211    39.19918     8.400  297.17  45.03  0.2350E+12    3.36   1.43  -1  -1  -111.21    23  4   0.0  0   0.0  0
      10.1         1.8         3.9         0.3
  28.11041    39.21974     8.400  297.17  45.03  0.2350E+12    1.52   1.43  -1  -1   -86.78    51  4   0.0  0   0.0  0
      34.7         0.5         0.1         0.2
  28.30079    39.21127    15.051  297.17  45.03  0.2350E+12    6.31   1.43  -1  -1  -137.00     0  4   0.0  0   0.0  0
       0.0         0.0         0.0         0.0
  28.00699    39.26086     8.400  297.17  45.03  0.2350E+12    1.87   1.43  -1  -1   -56.74    19  4   0.0  0   0.0  0
       5.5         0.1         5.2         2.7
  27.95529    39.28141     8.400  297.17  45.03  0.2350E+12    3.04   1.43  -1  -1   -55.57    10  4   0.0  0   0.0  0
       3.6         2.0         1.4         0.1
  27.90358    39.30197     8.400  297.17  45.03  0.2350E+12    4.29   1.43  -1  -1  -137.00     0  4   0.0  0   0.0  0
       0.0         0.0         0.0         0.0
  27.85187    39.32253     8.400  297.17  45.03  0.2350E+12    5.71   1.43  -1  -1  -137.00     0  4   0.0  0   0.0  0
       0.0         0.0         0.0         0.0
  28.24790    39.13147     5.075  297.17  45.03  0.2350E+12    5.87   1.43  -1  -1  -137.00     0  4   0.0  0   0.0  0
       0.0         0.0         0.0         0.0
  28.19619    39.15203     5.075  297.17  45.03  0.2350E+12    4.49   1.43  -1  -1  -137.00     0  4   0.0  0   0.0  0
       0.0         0.0         0.0         0.0
  28.14448    39.17258     5.075  297.17  45.03  0.2350E+12    3.36   1.43  -1  -1  -122.50     5  4   0.0  0   0.0  0
       1.4         0.9         0.9         0.1
  28.09278    39.19314     5.075  297.17  45.03  0.2350E+12    2.69   1.43  -1  -1   -98.38     8  4   0.0  0   0.0  0
       1.8         2.3         0.5         0.8
  28.04107    39.21370     5.075  297.17  45.03  0.2350E+12    1.53   1.43  -1  -1  -116.00     6  4   0.0  0   0.0  0
       0.2         2.2         1.5         0.2
  27.98936    39.23425     5.075  297.17  45.03  0.2350E+12    2.04   1.43  -1  -1   -93.62    11  4   0.0  0   0.0  0
       7.4         0.1         0.1         0.0
  27.93766    39.25481     5.075  297.17  45.03  0.2350E+12    6.27   1.43  -1  -1   -63.85     3  4   0.0  0   0.0  0
       2.1         0.1         0.1         0.0
  27.88595    39.27537     5.075  297.17  45.03  0.2350E+12    4.49   1.43  -1  -1  -137.00     0  4   0.0  0   0.0  0
       0.0         0.0         0.0         0.0
  27.83424    39.29593     5.075  297.17  45.03  0.2350E+12    5.87   1.43  -1  -1  -137.00     0  4   0.0  0   0.0  0
       0.0         0.0         0.0         0.0
  28.23026    39.10487     1.749  297.17  45.03  0.2350E+12    6.31   1.43  -1  -1  -137.00     0  4   0.0  0   0.0  0
       0.0         0.0         0.0         0.0
  28.17856    39.12542     1.749  297.17  45.03  0.2350E+12    5.06   1.43  -1  -1  -137.00     0  4   0.0  0   0.0  0
       0.0         0.0         0.0         0.0
  28.12685    39.14598     1.749  297.17  45.03  0.2350E+12    5.15   1.43  -1  -1   -47.85     6  4   0.0  0   0.0  0
       0.1         0.2         3.4         0.6
  28.07514    39.16654     1.749  297.17  45.03  0.2350E+12    4.58   1.43  -1  -1   -57.91     6  4   0.0  0   0.0  0
       0.1         0.1         2.1         1.7
  28.02344    39.18710     1.749  297.17  45.03  0.2350E+12    2.69   1.43  -1  -1   -93.97    10  4   0.0  0   0.0  0
       6.7         0.1         0.1         0.1
  27.97173    39.20765     1.749  297.17  45.03  0.2350E+12    3.08   1.43  -1  -1   -69.93     7  4   0.0  0   0.0  0
       4.4         0.1         0.0         0.1
  27.92002    39.22821     1.749  297.17  45.03  0.2350E+12    4.37   1.43  -1  -1  -107.42     0  4   0.0  0   0.0  0
       0.1         0.1         0.1         0.1
  27.86832    39.24877     1.749  297.17  45.03  0.2350E+12    5.06   1.43  -1  -1  -137.00     0  4   0.0  0   0.0  0
       0.0         0.0         0.0         0.0
  27.81661    39.26933     1.749  297.17  45.03  0.2350E+12    6.31   1.43  -1  -1  -137.00     0  4   0.0  0   0.0  0
       0.0         0.0         0.0         0.0
