2.0
#
# http://equake-rc.info/static/paper/SRF-Description-Graves_2.0.pdf
# RECTANGULAR fault MODEL
#
# All subfaults are   5.0 km long along strike and
#   4.7 km wide along dip
#
# Model length along strike is   45.0 km
#
# Model width along dip is   23.5 km
#
# Corners of the rectangular dislocation model (lat, lon):
#     39.406    27.881 : corner 1
#     39.204    28.333 : corner 2
#     39.074    28.237 : corner 3
#     39.277    27.784 : corner 4
#
#
# Number of elementary sliprate
# isoceles triangular functions
# per subfault:   4
#
# Half duration of elementary sliprate
# isoceles triangular functions (s):   1.43
# Triangles are overlapping each other by half
#
# slip rate unit: cm/s
#
#
# Seismic moment is converted into slip
# using a single constant value for the
# shear modulus mu of  0.250E+12 dyne/cm2
# assumed to be constant and characteristic
# of the fault shear zone
#
#
#
# "rake" (degrees) is the slip angle (Aki"s convention,
# e.g. rake=+45 means left-lateral-reverse movement.
#
#
# ************************************************
# Total seismic moment M0=  0.180E+26 dyne.cm
# ************************************************
#
#
PLANE 1
  28.10700    39.30500    9    5    45.000    23.500
120.00  45.00     0.091     0.000    11.753
POINTS   45
  28.05870    39.24030     8.400  120.00  45.00  0.2350E+12    0.00   1.43  -1  -1   -88.52    60  4   0.0  0   0.0  0
      35.7         6.2         0.1         0.1
  27.86906    39.25600    15.047  120.00  45.00  0.2350E+12    5.06   1.43  -1  -1  -133.00     0  4   0.0  0   0.0  0
       0.0         0.0         0.0         0.0
  27.91940    39.23349    15.047  120.00  45.00  0.2350E+12    5.22   1.43  -1  -1   -46.08     1  4   0.0  0   0.0  0
       0.7         0.1         0.1         0.1
  27.96973    39.21098    15.047  120.00  45.00  0.2350E+12    6.19   1.43  -1  -1   -60.70     2  4   0.0  0   0.0  0
       0.3         0.2         0.6         0.3
  28.02007    39.18848    15.047  120.00  45.00  0.2350E+12    5.41   1.43  -1  -1   -44.55     2  4   0.0  0   0.0  0
       0.1         1.1         0.3         0.2
  28.07040    39.16597    15.047  120.00  45.00  0.2350E+12    5.82   1.43  -1  -1   -51.98     3  4   0.0  0   0.0  0
       0.1         0.2         2.0         0.1
  28.12074    39.14346    15.047  120.00  45.00  0.2350E+12    4.50   1.43  -1  -1   -63.53     4  4   0.0  0   0.0  0
       1.2         0.1         0.7         0.8
  28.17107    39.12095    15.047  120.00  45.00  0.2350E+12    5.06   1.43  -1  -1  -133.00     0  4   0.0  0   0.0  0
       0.0         0.0         0.0         0.0
  28.22141    39.09845    15.047  120.00  45.00  0.2350E+12    6.31   1.43  -1  -1  -133.00     0  4   0.0  0   0.0  0
       0.0         0.0         0.0         0.0
  27.83805    39.30442    11.723  120.00  45.00  0.2350E+12    5.87   1.43  -1  -1  -133.00     0  4   0.0  0   0.0  0
       0.0         0.0         0.0         0.0
  27.88838    39.28191    11.723  120.00  45.00  0.2350E+12    4.49   1.43  -1  -1  -133.00     0  4   0.0  0   0.0  0
       0.0         0.0         0.0         0.0
  27.93871    39.25940    11.723  120.00  45.00  0.2350E+12    4.12   1.43  -1  -1   -47.04     7  4   0.0  0   0.0  0
       3.2         1.4         0.4         0.1
  27.98905    39.23690    11.723  120.00  45.00  0.2350E+12    3.34   1.43  -1  -1   -56.64     8  4   0.0  0   0.0  0
       1.3         0.6         3.5         0.1
  28.03938    39.21439    11.723  120.00  45.00  0.2350E+12    3.05   1.43  -1  -1  -107.17    14  4   0.0  0   0.0  0
       3.6         5.4         0.6         0.1
  28.08972    39.19188    11.723  120.00  45.00  0.2350E+12    2.14   1.43  -1  -1   -94.66    18  4   0.0  0   0.0  0
       4.9         5.8         0.1         1.7
  28.14005    39.16937    11.723  120.00  45.00  0.2350E+12    3.57   1.43  -1  -1  -108.04    12  4   0.0  0   0.0  0
       7.0         0.9         0.1         0.1
  28.19039    39.14687    11.723  120.00  45.00  0.2350E+12    4.49   1.43  -1  -1  -133.00     0  4   0.0  0   0.0  0
       0.0         0.0         0.0         0.0
  28.24072    39.12436    11.723  120.00  45.00  0.2350E+12    5.87   1.43  -1  -1  -133.00     0  4   0.0  0   0.0  0
       0.0         0.0         0.0         0.0
  27.85736    39.33033     8.400  120.00  45.00  0.2350E+12    5.71   1.43  -1  -1  -133.00     0  4   0.0  0   0.0  0
       0.0         0.0         0.0         0.0
  27.90770    39.30782     8.400  120.00  45.00  0.2350E+12    4.29   1.43  -1  -1  -133.00     0  4   0.0  0   0.0  0
       0.0         0.0         0.0         0.0
  27.95803    39.28531     8.400  120.00  45.00  0.2350E+12    3.06   1.43  -1  -1   -71.01    15  4   0.0  0   0.0  0
       4.4         4.2         1.5         0.1
  28.00837    39.26281     8.400  120.00  45.00  0.2350E+12    1.78   1.43  -1  -1   -61.55    26  4   0.0  0   0.0  0
      15.6         0.3         2.2         0.1
  27.81873    39.27850    15.047  120.00  45.00  0.2350E+12    6.31   1.43  -1  -1  -133.00     0  4   0.0  0   0.0  0
       0.0         0.0         0.0         0.0
  28.10904    39.21779     8.400  120.00  45.00  0.2350E+12    1.54   1.43  -1  -1   -95.84    43  4   0.0  0   0.0  0
      29.9         0.1         0.1         0.1
  28.15937    39.19529     8.400  120.00  45.00  0.2350E+12    3.22   1.43  -1  -1   -61.76    10  4   0.0  0   0.0  0
       1.8         3.1         1.8         0.1
  28.20970    39.17278     8.400  120.00  45.00  0.2350E+12    4.29   1.43  -1  -1  -133.00     0  4   0.0  0   0.0  0
       0.0         0.0         0.0         0.0
  28.26004    39.15027     8.400  120.00  45.00  0.2350E+12    5.71   1.43  -1  -1  -133.00     0  4   0.0  0   0.0  0
       0.0         0.0         0.0         0.0
  27.87668    39.35624     5.077  120.00  45.00  0.2350E+12    5.87   1.43  -1  -1  -133.00     0  4   0.0  0   0.0  0
       0.0         0.0         0.0         0.0
  27.92701    39.33373     5.077  120.00  45.00  0.2350E+12    4.49   1.43  -1  -1  -133.00     0  4   0.0  0   0.0  0
       0.0         0.0         0.0         0.0
  27.97735    39.31123     5.077  120.00  45.00  0.2350E+12    4.54   1.43  -1  -1  -131.81    10  4   0.0  0   0.0  0
       1.3         4.1         1.6         0.1
  28.02768    39.28872     5.077  120.00  45.00  0.2350E+12    4.76   1.43  -1  -1   -79.44     4  4   0.0  0   0.0  0
       1.9         0.5         0.1         0.1
  28.07802    39.26621     5.077  120.00  45.00  0.2350E+12    1.34   1.43  -1  -1   -88.93    34  4   0.0  0   0.0  0
      23.5         0.1         0.1         0.1
  28.12835    39.24370     5.077  120.00  45.00  0.2350E+12    2.05   1.43  -1  -1   -64.10    19  4   0.0  0   0.0  0
      10.4         2.7         0.1         0.1
  28.17869    39.22120     5.077  120.00  45.00  0.2350E+12    3.58   1.43  -1  -1   -47.60    11  4   0.0  0   0.0  0
       7.6         0.2         0.1         0.1
  28.22902    39.19869     5.077  120.00  45.00  0.2350E+12    4.49   1.43  -1  -1  -133.00     0  4   0.0  0   0.0  0
       0.0         0.0         0.0         0.0
  28.27935    39.17618     5.077  120.00  45.00  0.2350E+12    5.87   1.43  -1  -1  -133.00     0  4   0.0  0   0.0  0
       0.0         0.0         0.0         0.0
  27.89599    39.38215     1.753  120.00  45.00  0.2350E+12    6.31   1.43  -1  -1  -133.00     0  4   0.0  0   0.0  0
       0.0         0.0         0.0         0.0
  27.94633    39.35965     1.753  120.00  45.00  0.2350E+12    5.06   1.43  -1  -1  -133.00     0  4   0.0  0   0.0  0
       0.0         0.0         0.0         0.0
  27.99666    39.33714     1.753  120.00  45.00  0.2350E+12    5.00   1.43  -1  -1  -112.08     0  4   0.0  0   0.0  0
       0.1         0.1         0.0         0.1
  28.04700    39.31463     1.753  120.00  45.00  0.2350E+12    6.11   1.43  -1  -1   -99.07     0  4   0.0  0   0.0  0
       0.0         0.1         0.0         0.1
  28.09733    39.29212     1.753  120.00  45.00  0.2350E+12    3.74   1.43  -1  -1  -112.49     0  4   0.0  0   0.0  0
       0.1         0.1         0.1         0.1
  28.14767    39.26962     1.753  120.00  45.00  0.2350E+12    6.16   1.43  -1  -1   -65.81     1  4   0.0  0   0.0  0
       0.1         0.1         0.1         0.6
  28.19800    39.24711     1.753  120.00  45.00  0.2350E+12    6.23   1.43  -1  -1   -79.22     1  4   0.0  0   0.0  0
       0.1         0.1         0.1         0.7
  28.24834    39.22460     1.753  120.00  45.00  0.2350E+12    5.06   1.43  -1  -1  -133.00     0  4   0.0  0   0.0  0
       0.0         0.0         0.0         0.0
  28.29867    39.20210     1.753  120.00  45.00  0.2350E+12    6.31   1.43  -1  -1  -133.00     0  4   0.0  0   0.0  0
       0.0         0.0         0.0         0.0
