2.0
#
# http://equake-rc.info/static/paper/SRF-Description-Graves_2.0.pdf
# RECTANGULAR fault MODEL
#
# All subfaults are   7.0 km long along strike and
#  12.0 km wide along dip
#
# Model length along strike is   77.0 km
#
# Model width along dip is   60.0 km
#
# Corners of the rectangular dislocation model (lat, lon):
#     39.262   142.423 : corner 1
#     38.573   142.330 : corner 2
#     38.626   141.677 : corner 3
#     39.316   141.770 : corner 4
#
#
# Number of elementary sliprate
# isoceles triangular functions
# per subfault:   4
#
# Half duration of elementary sliprate
# isoceles triangular functions (s):   2.11
# Triangles are overlapping each other by half
#
# slip rate unit: cm/s
#
#
# Seismic moment is converted into slip
# using a single constant value for the
# shear modulus mu of  0.250E+12 dyne/cm2
# assumed to be constant and characteristic
# of the fault shear zone
#
#
#
# "rake" (degrees) is the slip angle (Aki"s convention,
# e.g. rake=+45 means left-lateral-reverse movement.
#
#
# ************************************************
# Total seismic moment M0=  0.573E+26 dyne.cm
# ************************************************
#
#
PLANE 1
 142.37650    38.91750   11    5    77.000    60.000
186.00  19.00    35.233     0.000    30.000
POINTS   55
 142.05040    38.94420    45.000  186.00  19.00  0.8400E+12    0.00   2.11  -1  -1    54.66    29  4   0.0  0   0.0  0
       8.2         0.2         2.9         2.3
 141.82304    39.21625    52.814  186.00  19.00  0.8400E+12   10.54   2.11  -1  -1    25.00     0  4   0.0  0   0.0  0
       0.0         0.0         0.0         0.0
 141.81458    39.15358    52.814  186.00  19.00  0.8400E+12   10.40   2.11  -1  -1    64.42     1  4   0.0  0   0.0  0
       0.1         0.1         0.1         0.1
 141.80611    39.09090    52.814  186.00  19.00  0.8400E+12    8.63   2.11  -1  -1   100.30     1  4   0.0  0   0.0  0
       0.1         0.1         0.1         0.1
 141.79764    39.02823    52.814  186.00  19.00  0.8400E+12    8.81   2.11  -1  -1   100.11     3  4   0.0  0   0.0  0
       1.3         0.1         0.1         0.1
 141.78917    38.96555    52.814  186.00  19.00  0.8400E+12    6.88   2.11  -1  -1    92.98     2  4   0.0  0   0.0  0
       0.9         0.1         0.1         0.1
 141.78070    38.90288    52.814  186.00  19.00  0.8400E+12    8.81   2.11  -1  -1    81.82     2  4   0.0  0   0.0  0
       0.7         0.1         0.1         0.1
 141.77223    38.84020    52.814  186.00  19.00  0.8400E+12    8.72   2.11  -1  -1    94.70     6  4   0.0  0   0.0  0
       2.6         0.1         0.1         0.2
 141.76375    38.77753    52.814  186.00  19.00  0.8400E+12   10.40   2.11  -1  -1   114.89     2  4   0.0  0   0.0  0
       0.1         0.1         0.1         0.7
 141.75528    38.71486    52.814  186.00  19.00  0.8400E+12   10.60   2.11  -1  -1   114.92     8  4   0.0  0   0.0  0
       1.1         0.1         0.3         2.1
 141.74681    38.65218    52.814  186.00  19.00  0.8400E+12   10.67   2.11  -1  -1    25.00     0  4   0.0  0   0.0  0
       0.0         0.0         0.0         0.0
 141.96213    39.26825    48.907  186.00  19.00  0.8400E+12   10.57   2.11  -1  -1    25.00     0  4   0.0  0   0.0  0
       0.0         0.0         0.0         0.0
 141.95366    39.20557    48.907  186.00  19.00  0.8400E+12    8.70   2.11  -1  -1    25.00     0  4   0.0  0   0.0  0
       0.0         0.0         0.0         0.0
 141.94519    39.14290    48.907  186.00  19.00  0.8400E+12    8.98   2.11  -1  -1    68.20     3  4   0.0  0   0.0  0
       1.2         0.1         0.1         0.1
 141.93672    39.08023    48.907  186.00  19.00  0.8400E+12    5.31   2.11  -1  -1    92.61     7  4   0.0  0   0.0  0
       3.0         0.1         0.1         0.1
 141.92825    39.01755    48.907  186.00  19.00  0.8400E+12    4.73   2.11  -1  -1    97.39     7  4   0.0  0   0.0  0
       3.0         0.1         0.1         0.1
 141.91978    38.95488    48.907  186.00  19.00  0.8400E+12    3.48   2.11  -1  -1    57.43     6  4   0.0  0   0.0  0
       2.6         0.2         0.1         0.1
 141.91132    38.89220    48.907  186.00  19.00  0.8400E+12    5.97   2.11  -1  -1    48.72     7  4   0.0  0   0.0  0
       2.0         0.7         0.1         0.4
 141.90285    38.82952    48.907  186.00  19.00  0.8400E+12    5.42   2.11  -1  -1    64.81     4  4   0.0  0   0.0  0
       1.4         0.1         0.1         0.4
 141.89438    38.76685    48.907  186.00  19.00  0.8400E+12    7.24   2.11  -1  -1    63.38     2  4   0.0  0   0.0  0
       0.5         0.1         0.1         0.5
 141.88591    38.70418    48.907  186.00  19.00  0.8400E+12   10.66   2.11  -1  -1   114.83     4  4   0.0  0   0.0  0
       0.1         0.1         0.1         1.6
 141.87743    38.64150    48.907  186.00  19.00  0.8400E+12   10.57   2.11  -1  -1    25.00     0  4   0.0  0   0.0  0
       0.0         0.0         0.0         0.0
 142.09274    39.25757    45.000  186.00  19.00  0.8400E+12   10.00   2.11  -1  -1    25.00     0  4   0.0  0   0.0  0
       0.0         0.0         0.0         0.0
 142.08427    39.19490    45.000  186.00  19.00  0.8400E+12    8.00   2.11  -1  -1    25.00     0  4   0.0  0   0.0  0
       0.0         0.0         0.0         0.0
 142.07581    39.13222    45.000  186.00  19.00  0.8400E+12    7.09   2.11  -1  -1    92.41     4  4   0.0  0   0.0  0
       0.9         0.6         0.3         0.1
 142.06734    39.06955    45.000  186.00  19.00  0.8400E+12    4.42   2.11  -1  -1   101.70     2  4   0.0  0   0.0  0
       0.2         0.2         0.1         0.2
 142.05887    39.00687    45.000  186.00  19.00  0.8400E+12    2.66   2.11  -1  -1    91.65     4  4   0.0  0   0.0  0
       0.6         0.2         0.9         0.1
 141.83151    39.27893    52.814  186.00  19.00  0.8400E+12   10.67   2.11  -1  -1    25.00     0  4   0.0  0   0.0  0
       0.0         0.0         0.0         0.0
 142.04193    38.88152    45.000  186.00  19.00  0.8400E+12    4.22   2.11  -1  -1    31.69    11  4   0.0  0   0.0  0
       1.6         1.9         0.4         1.2
 142.03346    38.81885    45.000  186.00  19.00  0.8400E+12    4.25   2.11  -1  -1    53.11     9  4   0.0  0   0.0  0
       2.2         0.6         0.5         0.9
 142.02499    38.75618    45.000  186.00  19.00  0.8400E+12    6.23   2.11  -1  -1    64.71     7  4   0.0  0   0.0  0
       2.4         0.6         0.1         0.1
 142.01653    38.69350    45.000  186.00  19.00  0.8400E+12   10.66   2.11  -1  -1   114.93     8  4   0.0  0   0.0  0
       0.1         0.1         0.2         3.4
 142.00806    38.63083    45.000  186.00  19.00  0.8400E+12   10.00   2.11  -1  -1    25.00     0  4   0.0  0   0.0  0
       0.0         0.0         0.0         0.0
 142.22337    39.24689    41.093  186.00  19.00  0.8400E+12   10.57   2.11  -1  -1    25.00     0  4   0.0  0   0.0  0
       0.0         0.0         0.0         0.0
 142.21489    39.18422    41.093  186.00  19.00  0.8400E+12    8.70   2.11  -1  -1    25.00     0  4   0.0  0   0.0  0
       0.0         0.0         0.0         0.0
 142.20642    39.12154    41.093  186.00  19.00  0.8400E+12    7.20   2.11  -1  -1    94.70     2  4   0.0  0   0.0  0
       0.1         0.5         0.3         0.1
 142.19795    39.05887    41.093  186.00  19.00  0.8400E+12    6.30   2.11  -1  -1   105.99     6  4   0.0  0   0.0  0
       1.3         0.2         1.0         0.4
 142.18948    38.99620    41.093  186.00  19.00  0.8400E+12   10.39   2.11  -1  -1    96.67     8  4   0.0  0   0.0  0
       1.2         0.9         0.6         1.3
 142.18102    38.93352    41.093  186.00  19.00  0.8400E+12   10.03   2.11  -1  -1    74.28     6  4   0.0  0   0.0  0
       0.7         1.6         0.3         0.4
 142.17255    38.87085    41.093  186.00  19.00  0.8400E+12    4.73   2.11  -1  -1    85.53     9  4   0.0  0   0.0  0
       1.8         1.8         0.5         0.5
 142.16408    38.80817    41.093  186.00  19.00  0.8400E+12    6.86   2.11  -1  -1    75.60    14  4   0.0  0   0.0  0
       4.3         1.6         0.6         0.2
 142.15561    38.74549    41.093  186.00  19.00  0.8400E+12   10.57   2.11  -1  -1    85.21    10  4   0.0  0   0.0  0
       2.1         0.1         0.1         2.4
 142.14714    38.68282    41.093  186.00  19.00  0.8400E+12   10.66   2.11  -1  -1    98.22     8  4   0.0  0   0.0  0
       2.0         0.1         0.1         1.5
 142.13867    38.62015    41.093  186.00  19.00  0.8400E+12   10.57   2.11  -1  -1    25.00     0  4   0.0  0   0.0  0
       0.0         0.0         0.0         0.0
 142.35399    39.23622    37.186  186.00  19.00  0.8400E+12   10.67   2.11  -1  -1    25.00     0  4   0.0  0   0.0  0
       0.0         0.0         0.0         0.0
 142.34552    39.17354    37.186  186.00  19.00  0.8400E+12   10.54   2.11  -1  -1    25.00     0  4   0.0  0   0.0  0
       0.0         0.0         0.0         0.0
 142.33705    39.11087    37.186  186.00  19.00  0.8400E+12    9.77   2.11  -1  -1   106.55     4  4   0.0  0   0.0  0
       0.2         0.7         1.0         0.1
 142.32857    39.04819    37.186  186.00  19.00  0.8400E+12    9.80   2.11  -1  -1    83.56     6  4   0.0  0   0.0  0
       0.5         1.2         0.9         0.3
 142.32010    38.98552    37.186  186.00  19.00  0.8400E+12   10.67   2.11  -1  -1   100.41    11  4   0.0  0   0.0  0
       0.9         1.3         1.1         1.8
 142.31163    38.92284    37.186  186.00  19.00  0.8400E+12    9.91   2.11  -1  -1    54.65    15  4   0.0  0   0.0  0
       1.0         1.5         1.3         3.3
 142.30316    38.86017    37.186  186.00  19.00  0.8400E+12   10.19   2.11  -1  -1    81.18    12  4   0.0  0   0.0  0
       3.3         0.8         0.8         1.0
 142.29469    38.79749    37.186  186.00  19.00  0.8400E+12    8.14   2.11  -1  -1    32.61    14  4   0.0  0   0.0  0
       0.9         1.8         1.2         2.8
 142.28622    38.73482    37.186  186.00  19.00  0.8400E+12    9.45   2.11  -1  -1    65.86     3  4   0.0  0   0.0  0
       1.0         0.2         0.4         0.1
 142.27776    38.67215    37.186  186.00  19.00  0.8400E+12   10.63   2.11  -1  -1    97.12     5  4   0.0  0   0.0  0
       0.1         0.1         0.2         1.8
 142.26929    38.60947    37.186  186.00  19.00  0.8400E+12   10.67   2.11  -1  -1    25.00     0  4   0.0  0   0.0  0
       0.0         0.0         0.0         0.0
