2.0
#
# http://equake-rc.info/static/paper/SRF-Description-Graves_2.0.pdf
# RECTANGULAR fault MODEL
#
# All subfaults are   4.0 km long along strike and
#   7.0 km wide along dip
#
# Model length along strike is   36.0 km
#
# Model width along dip is   35.0 km
#
# Corners of the rectangular dislocation model (lat, lon):
#    -32.630   -71.628 : corner 1
#    -32.952   -71.641 : corner 2
#    -32.947   -71.822 : corner 3
#    -32.624   -71.809 : corner 4
#
#
# Number of elementary sliprate
# isoceles triangular functions
# per subfault:   4
#
# Half duration of elementary sliprate
# isoceles triangular functions (s):   1.23
# Triangles are overlapping each other by half
#
# slip rate unit: cm/s
#
#
# Seismic moment is converted into slip
# using a single constant value for the
# shear modulus mu of  0.250E+12 dyne/cm2
# assumed to be constant and characteristic
# of the fault shear zone
#
#
#
# "rake" (degrees) is the slip angle (Aki"s convention,
# e.g. rake=+45 means left-lateral-reverse movement.
#
#
# ************************************************
# Total seismic moment M0=  0.557E+25 dyne.cm
# ************************************************
#
#
PLANE 1
 -71.63450   -32.79100    9    5    36.000    35.000
182.00  61.00     0.272     0.000    24.500
POINTS   45
 -71.76120   -32.78730    21.700  182.00  61.00  0.2800E+12    0.00   1.23  -1  -1    99.21    35  4   0.0  0   0.0  0
      28.7         0.0         0.1         0.0
 -71.79291   -32.67870    27.822  182.00  61.00  0.2800E+12    4.28   1.23  -1  -1    62.92     0  4   0.0  0   0.0  0
       0.2         0.1         0.0         0.1
 -71.79440   -32.71455    27.822  182.00  61.00  0.2800E+12    3.44   1.23  -1  -1    53.52     3  4   0.0  0   0.0  0
       2.3         0.1         0.1         0.1
 -71.79588   -32.75039    27.822  182.00  61.00  0.2800E+12    2.51   1.23  -1  -1    89.99    10  4   0.0  0   0.0  0
       7.5         0.2         0.1         0.1
 -71.79737   -32.78624    27.822  182.00  61.00  0.2800E+12    2.30   1.23  -1  -1    81.99     8  4   0.0  0   0.0  0
       5.9         0.2         0.1         0.0
 -71.79887   -32.82208    27.822  182.00  61.00  0.2800E+12    2.49   1.23  -1  -1    57.61     3  4   0.0  0   0.0  0
       1.5         0.5         0.0         0.0
 -71.80035   -32.85793    27.822  182.00  61.00  0.2800E+12    4.28   1.23  -1  -1   101.62     1  4   0.0  0   0.0  0
       0.3         0.1         0.1         0.1
 -71.80184   -32.89377    27.822  182.00  61.00  0.2800E+12    4.34   1.23  -1  -1   107.08     0  4   0.0  0   0.0  0
       0.1         0.1         0.1         0.1
 -71.80333   -32.92962    27.822  182.00  61.00  0.2800E+12    4.99   1.23  -1  -1    46.00     0  4   0.0  0   0.0  0
       0.0         0.0         0.0         0.0
 -71.75524   -32.64392    21.700  182.00  61.00  0.2800E+12    4.57   1.23  -1  -1    46.00     0  4   0.0  0   0.0  0
       0.0         0.0         0.0         0.0
 -71.75674   -32.67977    21.700  182.00  61.00  0.2800E+12    4.01   1.23  -1  -1    48.98     2  4   0.0  0   0.0  0
       0.1         0.1         0.5         1.2
 -71.75822   -32.71561    21.700  182.00  61.00  0.2800E+12    4.28   1.23  -1  -1    65.86     3  4   0.0  0   0.0  0
       1.1         0.1         0.8         0.5
 -71.75971   -32.75146    21.700  182.00  61.00  0.2800E+12    3.82   1.23  -1  -1    72.13     3  4   0.0  0   0.0  0
       0.3         0.1         0.1         2.3
 -71.79142   -32.64286    27.822  182.00  61.00  0.2800E+12    4.99   1.23  -1  -1    46.00     0  4   0.0  0   0.0  0
       0.0         0.0         0.0         0.0
 -71.76269   -32.82314    21.700  182.00  61.00  0.2800E+12    1.25   1.23  -1  -1    53.20     2  4   0.0  0   0.0  0
       1.0         0.0         0.1         0.1
 -71.76418   -32.85899    21.700  182.00  61.00  0.2800E+12    5.02   1.23  -1  -1    83.73     1  4   0.0  0   0.0  0
       0.1         0.0         0.3         0.4
 -71.76566   -32.89483    21.700  182.00  61.00  0.2800E+12    5.02   1.23  -1  -1   111.45     0  4   0.0  0   0.0  0
       0.0         0.0         0.1         0.2
 -71.76716   -32.93068    21.700  182.00  61.00  0.2800E+12    4.57   1.23  -1  -1    46.00     0  4   0.0  0   0.0  0
       0.0         0.0         0.0         0.0
 -71.71907   -32.64499    15.578  182.00  61.00  0.2800E+12    4.99   1.23  -1  -1    46.00     0  4   0.0  0   0.0  0
       0.0         0.0         0.0         0.0
 -71.72056   -32.68083    15.578  182.00  61.00  0.2800E+12    5.00   1.23  -1  -1   119.39     2  4   0.0  0   0.0  0
       0.0         0.1         0.1         1.3
 -71.72205   -32.71667    15.578  182.00  61.00  0.2800E+12    3.11   1.23  -1  -1   125.10     0  4   0.0  0   0.0  0
       0.0         0.1         0.1         0.1
 -71.72353   -32.75252    15.578  182.00  61.00  0.2800E+12    4.11   1.23  -1  -1   102.75     0  4   0.0  0   0.0  0
       0.0         0.0         0.0         0.1
 -71.72503   -32.78836    15.578  182.00  61.00  0.2800E+12    2.07   1.23  -1  -1   116.02     0  4   0.0  0   0.0  0
       0.1         0.0         0.1         0.1
 -71.72652   -32.82421    15.578  182.00  61.00  0.2800E+12    2.89   1.23  -1  -1   110.91     0  4   0.0  0   0.0  0
       0.1         0.1         0.1         0.1
 -71.72800   -32.86005    15.578  182.00  61.00  0.2800E+12    5.02   1.23  -1  -1   114.69     0  4   0.0  0   0.0  0
       0.0         0.0         0.1         0.2
 -71.72949   -32.89590    15.578  182.00  61.00  0.2800E+12    4.70   1.23  -1  -1   115.67     1  4   0.0  0   0.0  0
       0.0         0.1         0.1         0.3
 -71.73098   -32.93174    15.578  182.00  61.00  0.2800E+12    4.99   1.23  -1  -1    46.00     0  4   0.0  0   0.0  0
       0.0         0.0         0.0         0.0
 -71.68290   -32.64605     9.455  182.00  61.00  0.2800E+12    5.03   1.23  -1  -1    46.00     0  4   0.0  0   0.0  0
       0.0         0.0         0.0         0.0
 -71.68439   -32.68189     9.455  182.00  61.00  0.2800E+12    5.03   1.23  -1  -1   125.67     1  4   0.0  0   0.0  0
       0.0         0.0         0.1         0.6
 -71.68587   -32.71774     9.455  182.00  61.00  0.2800E+12    4.86   1.23  -1  -1   134.23     0  4   0.0  0   0.0  0
       0.0         0.0         0.1         0.2
 -71.68736   -32.75358     9.455  182.00  61.00  0.2800E+12    5.00   1.23  -1  -1   118.82     0  4   0.0  0   0.0  0
       0.0         0.0         0.1         0.0
 -71.68885   -32.78942     9.455  182.00  61.00  0.2800E+12    4.10   1.23  -1  -1    99.77     0  4   0.0  0   0.0  0
       0.1         0.0         0.1         0.1
 -71.69034   -32.82527     9.455  182.00  61.00  0.2800E+12    4.67   1.23  -1  -1   116.46     0  4   0.0  0   0.0  0
       0.1         0.0         0.1         0.1
 -71.69183   -32.86111     9.455  182.00  61.00  0.2800E+12    4.68   1.23  -1  -1   119.17     0  4   0.0  0   0.0  0
       0.1         0.0         0.1         0.0
 -71.69332   -32.89696     9.455  182.00  61.00  0.2800E+12    5.03   1.23  -1  -1    83.31     0  4   0.0  0   0.0  0
       0.0         0.1         0.0         0.0
 -71.69481   -32.93280     9.455  182.00  61.00  0.2800E+12    5.03   1.23  -1  -1    46.00     0  4   0.0  0   0.0  0
       0.0         0.0         0.0         0.0
 -71.64672   -32.64711     3.333  182.00  61.00  0.2800E+12    5.03   1.23  -1  -1    46.00     0  4   0.0  0   0.0  0
       0.0         0.0         0.0         0.0
 -71.64821   -32.68295     3.333  182.00  61.00  0.2800E+12    5.03   1.23  -1  -1   135.45     0  4   0.0  0   0.0  0
       0.0         0.0         0.0         0.0
 -71.64970   -32.71880     3.333  182.00  61.00  0.2800E+12    5.03   1.23  -1  -1   134.29     0  4   0.0  0   0.0  0
       0.1         0.0         0.0         0.1
 -71.65119   -32.75464     3.333  182.00  61.00  0.2800E+12    5.03   1.23  -1  -1   120.75     0  4   0.0  0   0.0  0
       0.0         0.0         0.0         0.0
 -71.65268   -32.79049     3.333  182.00  61.00  0.2800E+12    5.03   1.23  -1  -1   133.67     0  4   0.0  0   0.0  0
       0.0         0.0         0.0         0.0
 -71.65417   -32.82633     3.333  182.00  61.00  0.2800E+12    5.03   1.23  -1  -1   116.97     0  4   0.0  0   0.0  0
       0.0         0.0         0.0         0.1
 -71.65565   -32.86217     3.333  182.00  61.00  0.2800E+12    5.03   1.23  -1  -1   118.27     0  4   0.0  0   0.0  0
       0.0         0.0         0.0         0.0
 -71.65714   -32.89802     3.333  182.00  61.00  0.2800E+12    5.03   1.23  -1  -1    79.88     0  4   0.0  0   0.0  0
       0.0         0.0         0.0         0.0
 -71.65863   -32.93386     3.333  182.00  61.00  0.2800E+12    5.03   1.23  -1  -1    46.00     0  4   0.0  0   0.0  0
       0.0         0.0         0.0         0.0
