2.0
#
# http://equake-rc.info/static/paper/SRF-Description-Graves_2.0.pdf
# RECTANGULAR fault MODEL
#
# All subfaults are   4.0 km long along strike and
#   7.0 km wide along dip
#
# Model length along strike is   36.0 km
#
# Model width along dip is   35.0 km
#
# Corners of the rectangular dislocation model (lat, lon):
#    -32.949   -71.924 : corner 1
#    -32.626   -71.925 : corner 2
#    -32.626   -71.598 : corner 3
#    -32.949   -71.598 : corner 4
#
#
# Number of elementary sliprate
# isoceles triangular functions
# per subfault:   4
#
# Half duration of elementary sliprate
# isoceles triangular functions (s):   1.23
# Triangles are overlapping each other by half
#
# slip rate unit: cm/s
#
#
# Seismic moment is converted into slip
# using a single constant value for the
# shear modulus mu of  0.250E+12 dyne/cm2
# assumed to be constant and characteristic
# of the fault shear zone
#
#
#
# "rake" (degrees) is the slip angle (Aki"s convention,
# e.g. rake=+45 means left-lateral-reverse movement.
#
#
# ************************************************
# Total seismic moment M0=  0.544E+25 dyne.cm
# ************************************************
#
#
PLANE 1
 -71.92450   -32.78750    9    5    36.000    35.000
359.94  29.02    13.211     0.000    17.497
POINTS   45
 -71.76120   -32.78730    21.700  359.94  29.02  0.2800E+12    0.00   1.23  -1  -1    86.05    31  4   0.0  0   0.0  0
      24.8         0.2         0.1         0.5
 -71.63049   -32.89478    28.491  359.94  29.02  0.2800E+12    5.03   1.23  -1  -1    43.20     0  4   0.0  0   0.0  0
       0.0         0.0         0.0         0.0
 -71.63053   -32.85891    28.491  359.94  29.02  0.2800E+12    4.76   1.23  -1  -1    45.03     2  4   0.0  0   0.0  0
       0.0         0.1         0.8         0.8
 -71.63058   -32.82305    28.491  359.94  29.02  0.2800E+12    4.71   1.23  -1  -1    77.61     0  4   0.0  0   0.0  0
       0.0         0.0         0.1         0.1
 -71.63062   -32.78718    28.491  359.94  29.02  0.2800E+12    4.11   1.23  -1  -1    82.20     0  4   0.0  0   0.0  0
       0.0         0.1         0.0         0.1
 -71.63067   -32.75132    28.491  359.94  29.02  0.2800E+12    4.18   1.23  -1  -1    84.89     0  4   0.0  0   0.0  0
       0.0         0.0         0.0         0.1
 -71.63071   -32.71545    28.491  359.94  29.02  0.2800E+12    4.67   1.23  -1  -1    79.10     0  4   0.0  0   0.0  0
       0.1         0.1         0.1         0.0
 -71.63076   -32.67958    28.491  359.94  29.02  0.2800E+12    5.03   1.23  -1  -1   126.05     0  4   0.0  0   0.0  0
       0.1         0.1         0.0         0.1
 -71.63081   -32.64371    28.491  359.94  29.02  0.2800E+12    5.03   1.23  -1  -1   131.26     1  4   0.0  0   0.0  0
       0.3         0.1         0.1         0.1
 -71.69572   -32.93071    25.095  359.94  29.02  0.2800E+12    4.99   1.23  -1  -1    43.20     0  4   0.0  0   0.0  0
       0.0         0.0         0.0         0.0
 -71.69577   -32.89484    25.095  359.94  29.02  0.2800E+12    3.97   1.23  -1  -1    43.20     0  4   0.0  0   0.0  0
       0.0         0.0         0.0         0.0
 -71.69582   -32.85897    25.095  359.94  29.02  0.2800E+12    3.04   1.23  -1  -1   110.28     1  4   0.0  0   0.0  0
       0.6         0.2         0.1         0.0
 -71.69586   -32.82311    25.095  359.94  29.02  0.2800E+12    3.06   1.23  -1  -1    88.97     1  4   0.0  0   0.0  0
       0.3         0.1         0.1         0.0
 -71.69591   -32.78724    25.095  359.94  29.02  0.2800E+12    2.03   1.23  -1  -1    81.10     4  4   0.0  0   0.0  0
       3.0         0.1         0.1         0.1
 -71.69595   -32.75137    25.095  359.94  29.02  0.2800E+12    2.95   1.23  -1  -1    77.39     4  4   0.0  0   0.0  0
       3.0         0.1         0.0         0.0
 -71.69600   -32.71551    25.095  359.94  29.02  0.2800E+12    3.11   1.23  -1  -1    71.21     3  4   0.0  0   0.0  0
       2.5         0.1         0.0         0.0
 -71.69604   -32.67964    25.095  359.94  29.02  0.2800E+12    4.67   1.23  -1  -1   129.30     0  4   0.0  0   0.0  0
       0.0         0.0         0.1         0.1
 -71.69610   -32.64378    25.095  359.94  29.02  0.2800E+12    5.01   1.23  -1  -1   132.74     2  4   0.0  0   0.0  0
       0.3         0.5         0.1         0.6
 -71.76102   -32.93077    21.700  359.94  29.02  0.2800E+12    4.57   1.23  -1  -1    43.20     0  4   0.0  0   0.0  0
       0.0         0.0         0.0         0.0
 -71.76106   -32.89490    21.700  359.94  29.02  0.2800E+12    3.43   1.23  -1  -1    43.20     0  4   0.0  0   0.0  0
       0.0         0.0         0.0         0.0
 -71.76111   -32.85903    21.700  359.94  29.02  0.2800E+12    4.70   1.23  -1  -1    52.61     3  4   0.0  0   0.0  0
       0.2         0.2         0.4         1.9
 -71.76115   -32.82317    21.700  359.94  29.02  0.2800E+12    3.16   1.23  -1  -1    80.71     4  4   0.0  0   0.0  0
       0.6         1.0         1.5         0.4
 -71.63044   -32.93064    28.491  359.94  29.02  0.2800E+12    5.03   1.23  -1  -1    43.20     0  4   0.0  0   0.0  0
       0.0         0.0         0.0         0.0
 -71.76125   -32.75143    21.700  359.94  29.02  0.2800E+12    1.15   1.23  -1  -1    69.76     3  4   0.0  0   0.0  0
       0.7         0.8         0.7         0.1
 -71.76129   -32.71557    21.700  359.94  29.02  0.2800E+12    2.89   1.23  -1  -1   106.86     3  4   0.0  0   0.0  0
       0.5         0.2         1.2         0.2
 -71.76134   -32.67970    21.700  359.94  29.02  0.2800E+12    4.12   1.23  -1  -1   129.61     5  4   0.0  0   0.0  0
       0.6         1.9         0.0         1.1
 -71.76138   -32.64383    21.700  359.94  29.02  0.2800E+12    4.98   1.23  -1  -1   119.43     3  4   0.0  0   0.0  0
       1.1         0.1         0.3         1.2
 -71.82630   -32.93082    18.305  359.94  29.02  0.2800E+12    4.99   1.23  -1  -1    43.20     0  4   0.0  0   0.0  0
       0.0         0.0         0.0         0.0
 -71.82635   -32.89496    18.305  359.94  29.02  0.2800E+12    3.97   1.23  -1  -1    43.20     0  4   0.0  0   0.0  0
       0.0         0.0         0.0         0.0
 -71.82640   -32.85909    18.305  359.94  29.02  0.2800E+12    4.38   1.23  -1  -1    67.63     0  4   0.0  0   0.0  0
       0.1         0.1         0.1         0.1
 -71.82645   -32.82323    18.305  359.94  29.02  0.2800E+12    3.14   1.23  -1  -1   106.43     1  4   0.0  0   0.0  0
       0.1         0.2         0.3         0.0
 -71.82649   -32.78736    18.305  359.94  29.02  0.2800E+12    2.15   1.23  -1  -1   114.45     1  4   0.0  0   0.0  0
       0.0         0.4         0.0         0.1
 -71.82654   -32.75149    18.305  359.94  29.02  0.2800E+12    3.17   1.23  -1  -1   108.23     1  4   0.0  0   0.0  0
       0.1         0.7         0.2         0.1
 -71.82658   -32.71563    18.305  359.94  29.02  0.2800E+12    4.31   1.23  -1  -1   129.70     1  4   0.0  0   0.0  0
       0.4         0.1         0.1         0.1
 -71.82663   -32.67976    18.305  359.94  29.02  0.2800E+12    4.22   1.23  -1  -1   113.35     1  4   0.0  0   0.0  0
       0.3         0.1         0.1         0.1
 -71.82668   -32.64389    18.305  359.94  29.02  0.2800E+12    5.01   1.23  -1  -1   131.77     1  4   0.0  0   0.0  0
       0.1         0.1         0.2         0.1
 -71.89159   -32.93089    14.909  359.94  29.02  0.2800E+12    5.03   1.23  -1  -1    43.20     0  4   0.0  0   0.0  0
       0.0         0.0         0.0         0.0
 -71.89164   -32.89502    14.909  359.94  29.02  0.2800E+12    5.03   1.23  -1  -1    43.20     0  4   0.0  0   0.0  0
       0.0         0.0         0.0         0.0
 -71.89169   -32.85915    14.909  359.94  29.02  0.2800E+12    4.94   1.23  -1  -1    81.53     0  4   0.0  0   0.0  0
       0.0         0.0         0.0         0.0
 -71.89173   -32.82328    14.909  359.94  29.02  0.2800E+12    4.56   1.23  -1  -1   110.92     0  4   0.0  0   0.0  0
       0.0         0.0         0.0         0.1
 -71.89178   -32.78742    14.909  359.94  29.02  0.2800E+12    4.29   1.23  -1  -1   126.70     0  4   0.0  0   0.0  0
       0.1         0.0         0.0         0.1
 -71.89182   -32.75155    14.909  359.94  29.02  0.2800E+12    4.27   1.23  -1  -1   127.45     0  4   0.0  0   0.0  0
       0.1         0.1         0.0         0.1
 -71.89187   -32.71569    14.909  359.94  29.02  0.2800E+12    4.64   1.23  -1  -1   129.69     0  4   0.0  0   0.0  0
       0.1         0.1         0.1         0.1
 -71.89191   -32.67982    14.909  359.94  29.02  0.2800E+12    5.03   1.23  -1  -1   124.29     0  4   0.0  0   0.0  0
       0.1         0.0         0.1         0.0
 -71.89196   -32.64396    14.909  359.94  29.02  0.2800E+12    5.03   1.23  -1  -1   131.11     0  4   0.0  0   0.0  0
       0.2         0.1         0.1         0.0
