2.0
#
# http://equake-rc.info/static/paper/SRF-Description-Graves_2.0.pdf
# RECTANGULAR fault MODEL
#
# All subfaults are   4.0 km long along strike and
#   7.0 km wide along dip
#
# Model length along strike is   36.0 km
#
# Model width along dip is   35.0 km
#
# Corners of the rectangular dislocation model (lat, lon):
#     12.830   -90.321 : corner 1
#     13.000   -90.604 : corner 2
#     13.229   -90.458 : corner 3
#     13.059   -90.176 : corner 4
#
#
# Number of elementary sliprate
# isoceles triangular functions
# per subfault:   4
#
# Half duration of elementary sliprate
# isoceles triangular functions (s):   1.33
# Triangles are overlapping each other by half
#
# slip rate unit: cm/s
#
#
# Seismic moment is converted into slip
# using a single constant value for the
# shear modulus mu of  0.250E+12 dyne/cm2
# assumed to be constant and characteristic
# of the fault shear zone
#
#
#
# "rake" (degrees) is the slip angle (Aki"s convention,
# e.g. rake=+45 means left-lateral-reverse movement.
#
#
# ************************************************
# Total seismic moment M0=  0.684E+25 dyne.cm
# ************************************************
#
#
PLANE 1
 -90.46249    12.91500    9    5    36.000    35.000
301.81  31.13    13.334     0.000    24.499
POINTS   45
 -90.36050    13.07530    26.000  301.81  31.13  0.2800E+12    0.00   1.33  -1  -1    99.09    18  4   0.0  0   0.0  0
      13.2         0.1         0.1         0.1
 -90.23723    13.06421    29.619  301.81  31.13  0.2800E+12    4.59   1.33  -1  -1   139.74     4  4   0.0  0   0.0  0
       0.3         1.4         0.6         0.9
 -90.26860    13.08317    29.619  301.81  31.13  0.2800E+12    5.41   1.33  -1  -1   121.73     2  4   0.0  0   0.0  0
       0.1         0.1         0.5         1.0
 -90.29997    13.10212    29.619  301.81  31.13  0.2800E+12    2.33   1.33  -1  -1    66.22     1  4   0.0  0   0.0  0
       0.1         0.1         0.2         0.1
 -90.33134    13.12108    29.619  301.81  31.13  0.2800E+12    2.10   1.33  -1  -1    86.86     2  4   0.0  0   0.0  0
       0.8         0.1         0.1         0.4
 -90.36272    13.14003    29.619  301.81  31.13  0.2800E+12    2.55   1.33  -1  -1   102.72     2  4   0.0  0   0.0  0
       0.6         0.1         0.0         0.4
 -90.39409    13.15899    29.619  301.81  31.13  0.2800E+12    4.15   1.33  -1  -1    85.43     0  4   0.0  0   0.0  0
       0.0         0.1         0.0         0.1
 -90.42547    13.17795    29.619  301.81  31.13  0.2800E+12    3.97   1.33  -1  -1    49.98     0  4   0.0  0   0.0  0
       0.0         0.0         0.0         0.0
 -90.45684    13.19690    29.619  301.81  31.13  0.2800E+12    4.99   1.33  -1  -1    49.98     0  4   0.0  0   0.0  0
       0.0         0.0         0.0         0.0
 -90.23500    12.99948    26.000  301.81  31.13  0.2800E+12    4.57   1.33  -1  -1    49.98     0  4   0.0  0   0.0  0
       0.0         0.0         0.0         0.0
 -90.26637    13.01843    26.000  301.81  31.13  0.2800E+12    4.26   1.33  -1  -1   133.07     3  4   0.0  0   0.0  0
       0.2         0.2         1.3         0.4
 -90.29775    13.03739    26.000  301.81  31.13  0.2800E+12    4.78   1.33  -1  -1   111.03     3  4   0.0  0   0.0  0
       1.1         0.3         0.5         0.4
 -90.32912    13.05634    26.000  301.81  31.13  0.2800E+12    1.31   1.33  -1  -1   103.95     3  4   0.0  0   0.0  0
       0.9         0.2         1.5         0.1
 -90.20585    13.04526    29.619  301.81  31.13  0.2800E+12    4.99   1.33  -1  -1    49.98     0  4   0.0  0   0.0  0
       0.0         0.0         0.0         0.0
 -90.39187    13.09426    26.000  301.81  31.13  0.2800E+12    1.14   1.33  -1  -1    81.39     2  4   0.0  0   0.0  0
       1.6         0.1         0.1         0.1
 -90.42324    13.11321    26.000  301.81  31.13  0.2800E+12    5.58   1.33  -1  -1   123.17     0  4   0.0  0   0.0  0
       0.1         0.0         0.1         0.1
 -90.45462    13.13217    26.000  301.81  31.13  0.2800E+12    3.43   1.33  -1  -1    49.98     0  4   0.0  0   0.0  0
       0.0         0.0         0.0         0.0
 -90.48599    13.15112    26.000  301.81  31.13  0.2800E+12    4.57   1.33  -1  -1    49.98     0  4   0.0  0   0.0  0
       0.0         0.0         0.0         0.0
 -90.26415    12.95370    22.381  301.81  31.13  0.2800E+12    4.99   1.33  -1  -1    49.98     0  4   0.0  0   0.0  0
       0.0         0.0         0.0         0.0
 -90.29552    12.97266    22.381  301.81  31.13  0.2800E+12    5.19   1.33  -1  -1    80.29     1  4   0.0  0   0.0  0
       0.3         0.2         0.1         0.1
 -90.32690    12.99161    22.381  301.81  31.13  0.2800E+12    3.23   1.33  -1  -1    57.95    11  4   0.0  0   0.0  0
       7.8         0.4         0.1         0.1
 -90.35828    13.01057    22.381  301.81  31.13  0.2800E+12    2.36   1.33  -1  -1   101.38     7  4   0.0  0   0.0  0
       3.7         1.6         0.2         0.1
 -90.38965    13.02952    22.381  301.81  31.13  0.2800E+12    2.72   1.33  -1  -1   127.96     9  4   0.0  0   0.0  0
       2.6         2.2         1.5         0.1
 -90.42102    13.04848    22.381  301.81  31.13  0.2800E+12    3.08   1.33  -1  -1   139.78     3  4   0.0  0   0.0  0
       0.8         0.6         0.7         0.1
 -90.45239    13.06743    22.381  301.81  31.13  0.2800E+12    4.59   1.33  -1  -1   139.57     1  4   0.0  0   0.0  0
       0.6         0.3         0.2         0.0
 -90.48376    13.08639    22.381  301.81  31.13  0.2800E+12    3.97   1.33  -1  -1    49.98     0  4   0.0  0   0.0  0
       0.0         0.0         0.0         0.0
 -90.51514    13.10534    22.381  301.81  31.13  0.2800E+12    4.99   1.33  -1  -1    49.98     0  4   0.0  0   0.0  0
       0.0         0.0         0.0         0.0
 -90.29330    12.90792    18.762  301.81  31.13  0.2800E+12    5.67   1.33  -1  -1    49.98     0  4   0.0  0   0.0  0
       0.0         0.0         0.0         0.0
 -90.32468    12.92688    18.762  301.81  31.13  0.2800E+12    5.29   1.33  -1  -1    75.25     4  4   0.0  0   0.0  0
       2.7         0.1         0.1         0.1
 -90.35605    12.94583    18.762  301.81  31.13  0.2800E+12    4.77   1.33  -1  -1    70.46     6  4   0.0  0   0.0  0
       4.7         0.1         0.1         0.0
 -90.38743    12.96479    18.762  301.81  31.13  0.2800E+12    4.17   1.33  -1  -1    61.19     4  4   0.0  0   0.0  0
       3.1         0.0         0.0         0.1
 -90.41880    12.98374    18.762  301.81  31.13  0.2800E+12    5.10   1.33  -1  -1   123.06     0  4   0.0  0   0.0  0
       0.2         0.1         0.0         0.0
 -90.45017    13.00270    18.762  301.81  31.13  0.2800E+12    4.71   1.33  -1  -1   135.13     1  4   0.0  0   0.0  0
       0.4         0.1         0.0         0.1
 -90.48154    13.02165    18.762  301.81  31.13  0.2800E+12    4.73   1.33  -1  -1   138.81     1  4   0.0  0   0.0  0
       0.8         0.1         0.0         0.0
 -90.51292    13.04061    18.762  301.81  31.13  0.2800E+12    5.27   1.33  -1  -1    49.98     0  4   0.0  0   0.0  0
       0.0         0.0         0.0         0.0
 -90.54429    13.05957    18.762  301.81  31.13  0.2800E+12    5.67   1.33  -1  -1    49.98     0  4   0.0  0   0.0  0
       0.0         0.0         0.0         0.0
 -90.32246    12.86214    15.143  301.81  31.13  0.2800E+12    5.67   1.33  -1  -1    49.98     0  4   0.0  0   0.0  0
       0.0         0.0         0.0         0.0
 -90.35383    12.88110    15.143  301.81  31.13  0.2800E+12    5.67   1.33  -1  -1   139.09     0  4   0.0  0   0.0  0
       0.0         0.0         0.0         0.0
 -90.38520    12.90005    15.143  301.81  31.13  0.2800E+12    5.67   1.33  -1  -1   125.04     0  4   0.0  0   0.0  0
       0.0         0.0         0.0         0.1
 -90.41657    12.91901    15.143  301.81  31.13  0.2800E+12    5.67   1.33  -1  -1   121.02     0  4   0.0  0   0.0  0
       0.0         0.0         0.0         0.1
 -90.44795    12.93796    15.143  301.81  31.13  0.2800E+12    5.67   1.33  -1  -1    52.98     0  4   0.0  0   0.0  0
       0.0         0.0         0.0         0.0
 -90.47932    12.95692    15.143  301.81  31.13  0.2800E+12    5.67   1.33  -1  -1    62.55     0  4   0.0  0   0.0  0
       0.0         0.0         0.1         0.1
 -90.51070    12.97588    15.143  301.81  31.13  0.2800E+12    5.67   1.33  -1  -1    50.16     7  4   0.0  0   0.0  0
       0.0         0.1         1.3         3.6
 -90.54207    12.99483    15.143  301.81  31.13  0.2800E+12    5.67   1.33  -1  -1    49.98     0  4   0.0  0   0.0  0
       0.0         0.0         0.0         0.0
 -90.57344    13.01379    15.143  301.81  31.13  0.2800E+12    5.67   1.33  -1  -1    49.98     0  4   0.0  0   0.0  0
       0.0         0.0         0.0         0.0
