2.0
#
# http://equake-rc.info/static/paper/SRF-Description-Graves_2.0.pdf
# RECTANGULAR fault MODEL
#
# All subfaults are  10.0 km long along strike and
#   8.6 km wide along dip
#
# Model length along strike is  130.0 km
#
# Model width along dip is   43.0 km
#
# Corners of the rectangular dislocation model (lat, lon):
#     37.600    27.490 : corner 1
#     37.722    26.015 : corner 2
#     38.059    26.060 : corner 3
#     37.937    27.535 : corner 4
#
#
# Number of elementary sliprate
# isoceles triangular functions
# per subfault:   4
#
# Half duration of elementary sliprate
# isoceles triangular functions (s):   2.86
# Triangles are overlapping each other by half
#
# slip rate unit: cm/s
#
#
# Seismic moment is converted into slip
# using a single constant value for the
# shear modulus mu of  0.250E+12 dyne/cm2
# assumed to be constant and characteristic
# of the fault shear zone
#
#
#
# "rake" (degrees) is the slip angle (Aki"s convention,
# e.g. rake=+45 means left-lateral-reverse movement.
#
#
# ************************************************
# Total seismic moment M0=  0.504E+27 dyne.cm
# ************************************************
#
#
PLANE 1
  26.75250    37.66100   13    5   130.000    43.000
276.00  29.00     0.107     0.000    30.103
POINTS   65
  26.78400    37.89700    14.700  276.00  29.00  0.8600E+12    0.00   2.86  -1  -1  -117.03   107  4   0.0  0   0.0  0
      32.2         3.1         1.8         0.2
  27.36026    37.91729    18.869  276.00  29.00  0.8600E+12   14.49   2.86  -1  -1  -133.00     0  4   0.0  0   0.0  0
       0.0         0.0         0.0         0.0
  27.24680    37.92670    18.869  276.00  29.00  0.8600E+12   11.69   2.86  -1  -1  -133.00     0  4   0.0  0   0.0  0
       0.0         0.0         0.0         0.0
  27.13334    37.93611    18.869  276.00  29.00  0.8600E+12    8.92   2.86  -1  -1  -133.00     0  4   0.0  0   0.0  0
       0.0         0.0         0.0         0.0
  27.01988    37.94552    18.869  276.00  29.00  0.8600E+12   11.81   2.86  -1  -1   -50.84    26  4   0.0  0   0.0  0
       3.1         3.3         2.7         0.1
  26.90643    37.95493    18.869  276.00  29.00  0.8600E+12   13.05   2.86  -1  -1   -84.03    26  4   0.0  0   0.0  0
       3.5         2.1         3.4         0.1
  26.79297    37.96434    18.869  276.00  29.00  0.8600E+12    2.86   2.86  -1  -1  -122.60    40  4   0.0  0   0.0  0
       9.7         0.3         0.8         3.3
  26.67951    37.97375    18.869  276.00  29.00  0.8600E+12    4.32   2.86  -1  -1   -74.53    39  4   0.0  0   0.0  0
       1.7         9.0         2.8         0.2
  26.56606    37.98316    18.869  276.00  29.00  0.8600E+12   11.80   2.86  -1  -1   -96.11    27  4   0.0  0   0.0  0
       6.8         1.7         0.6         0.2
  26.45260    37.99257    18.869  276.00  29.00  0.8600E+12    8.94   2.86  -1  -1   -61.00     8  4   0.0  0   0.0  0
       1.1         0.4         0.9         0.4
  26.33914    38.00198    18.869  276.00  29.00  0.8600E+12   16.20   2.86  -1  -1   -68.81    30  4   0.0  0   0.0  0
       0.1         0.1         3.0         7.1
  26.22568    38.01139    18.869  276.00  29.00  0.8600E+12   14.49   2.86  -1  -1  -133.00     0  4   0.0  0   0.0  0
       0.0         0.0         0.0         0.0
  26.11223    38.02080    18.869  276.00  29.00  0.8600E+12   17.32   2.86  -1  -1  -133.00     0  4   0.0  0   0.0  0
       0.0         0.0         0.0         0.0
  27.46474    37.84054    14.700  276.00  29.00  0.8600E+12   17.14   2.86  -1  -1  -133.00     0  4   0.0  0   0.0  0
       0.0         0.0         0.0         0.0
  27.35129    37.84995    14.700  276.00  29.00  0.8600E+12   14.29   2.86  -1  -1  -133.00     0  4   0.0  0   0.0  0
       0.0         0.0         0.0         0.0
  27.23783    37.85936    14.700  276.00  29.00  0.8600E+12   11.43   2.86  -1  -1  -133.00     0  4   0.0  0   0.0  0
       0.0         0.0         0.0         0.0
  27.12437    37.86877    14.700  276.00  29.00  0.8600E+12    8.57   2.86  -1  -1  -133.00     0  4   0.0  0   0.0  0
       0.0         0.0         0.0         0.0
  27.01092    37.87818    14.700  276.00  29.00  0.8600E+12    8.75   2.86  -1  -1   -53.72    13  4   0.0  0   0.0  0
       2.4         1.4         0.6         0.1
  26.89746    37.88759    14.700  276.00  29.00  0.8600E+12    2.89   2.86  -1  -1   -73.62    55  4   0.0  0   0.0  0
      10.0         4.4         2.3         2.4
  27.47371    37.90788    18.869  276.00  29.00  0.8600E+12   17.32   2.86  -1  -1  -133.00     0  4   0.0  0   0.0  0
       0.0         0.0         0.0         0.0
  26.67054    37.90641    14.700  276.00  29.00  0.8600E+12    2.91   2.86  -1  -1   -92.67    77  4   0.0  0   0.0  0
      21.1         1.9         0.4         3.7
  26.55709    37.91582    14.700  276.00  29.00  0.8600E+12    7.19   2.86  -1  -1   -71.82    75  4   0.0  0   0.0  0
       7.8        12.0         3.7         2.6
  26.44363    37.92523    14.700  276.00  29.00  0.8600E+12   16.11   2.86  -1  -1   -80.18    51  4   0.0  0   0.0  0
      10.2         4.7         2.7         0.4
  26.33017    37.93464    14.700  276.00  29.00  0.8600E+12   15.39   2.86  -1  -1  -110.23    31  4   0.0  0   0.0  0
       0.1         2.4         6.0         2.4
  26.21671    37.94405    14.700  276.00  29.00  0.8600E+12   14.29   2.86  -1  -1  -133.00     0  4   0.0  0   0.0  0
       0.0         0.0         0.0         0.0
  26.10326    37.95346    14.700  276.00  29.00  0.8600E+12   17.14   2.86  -1  -1  -133.00     0  4   0.0  0   0.0  0
       0.0         0.0         0.0         0.0
  27.45577    37.77320    10.531  276.00  29.00  0.8600E+12   17.32   2.86  -1  -1  -133.00     0  4   0.0  0   0.0  0
       0.0         0.0         0.0         0.0
  27.34232    37.78261    10.531  276.00  29.00  0.8600E+12   14.49   2.86  -1  -1  -133.00     0  4   0.0  0   0.0  0
       0.0         0.0         0.0         0.0
  27.22886    37.79202    10.531  276.00  29.00  0.8600E+12   11.69   2.86  -1  -1  -133.00     0  4   0.0  0   0.0  0
       0.0         0.0         0.0         0.0
  27.11540    37.80143    10.531  276.00  29.00  0.8600E+12    8.92   2.86  -1  -1  -133.00     0  4   0.0  0   0.0  0
       0.0         0.0         0.0         0.0
  27.00195    37.81084    10.531  276.00  29.00  0.8600E+12    8.87   2.86  -1  -1   -61.00    21  4   0.0  0   0.0  0
       3.8         2.4         0.4         0.7
  26.88849    37.82025    10.531  276.00  29.00  0.8600E+12   10.33   2.86  -1  -1   -86.77    75  4   0.0  0   0.0  0
      16.0         5.0         4.7         0.5
  26.77503    37.82965    10.531  276.00  29.00  0.8600E+12    2.86   2.86  -1  -1   -81.77   148  4   0.0  0   0.0  0
      20.4        17.7        11.7         1.8
  26.66157    37.83907    10.531  276.00  29.00  0.8600E+12    4.23   2.86  -1  -1   -97.21   217  4   0.0  0   0.0  0
      42.7         4.9        26.6         1.8
  26.54812    37.84848    10.531  276.00  29.00  0.8600E+12    6.24   2.86  -1  -1   -88.37   209  4   0.0  0   0.0  0
      44.3         5.5        16.4         6.8
  26.43466    37.85789    10.531  276.00  29.00  0.8600E+12    9.34   2.86  -1  -1   -96.05   134  4   0.0  0   0.0  0
      28.4         8.1         4.9         5.4
  26.32120    37.86730    10.531  276.00  29.00  0.8600E+12   12.83   2.86  -1  -1   -96.26    83  4   0.0  0   0.0  0
      13.8         0.6         8.6         6.2
  26.20774    37.87671    10.531  276.00  29.00  0.8600E+12   14.49   2.86  -1  -1  -133.00     0  4   0.0  0   0.0  0
       0.0         0.0         0.0         0.0
  26.09429    37.88612    10.531  276.00  29.00  0.8600E+12   17.32   2.86  -1  -1  -133.00     0  4   0.0  0   0.0  0
       0.0         0.0         0.0         0.0
  27.44681    37.70585     6.361  276.00  29.00  0.8600E+12   17.32   2.86  -1  -1  -133.00     0  4   0.0  0   0.0  0
       0.0         0.0         0.0         0.0
  27.33335    37.71526     6.361  276.00  29.00  0.8600E+12   15.11   2.86  -1  -1  -133.00     0  4   0.0  0   0.0  0
       0.0         0.0         0.0         0.0
  27.21989    37.72467     6.361  276.00  29.00  0.8600E+12   12.44   2.86  -1  -1  -133.00     0  4   0.0  0   0.0  0
       0.0         0.0         0.0         0.0
  27.10643    37.73409     6.361  276.00  29.00  0.8600E+12    9.88   2.86  -1  -1  -133.00     0  4   0.0  0   0.0  0
       0.0         0.0         0.0         0.0
  26.99298    37.74349     6.361  276.00  29.00  0.8600E+12   12.66   2.86  -1  -1  -103.45    20  4   0.0  0   0.0  0
       3.7         0.2         3.1         0.1
  26.87952    37.75290     6.361  276.00  29.00  0.8600E+12    8.94   2.86  -1  -1  -115.12    51  4   0.0  0   0.0  0
       2.7         4.7         9.5         0.9
  26.76606    37.76231     6.361  276.00  29.00  0.8600E+12   13.22   2.86  -1  -1   -92.90    63  4   0.0  0   0.0  0
      18.7         0.1         2.2         0.8
  26.65260    37.77172     6.361  276.00  29.00  0.8600E+12   12.21   2.86  -1  -1   -88.15    88  4   0.0  0   0.0  0
      13.9         4.3        10.2         2.6
  26.53915    37.78114     6.361  276.00  29.00  0.8600E+12    7.84   2.86  -1  -1  -106.42   106  4   0.0  0   0.0  0
      28.3         2.9         3.0         2.8
  26.42569    37.79054     6.361  276.00  29.00  0.8600E+12    9.98   2.86  -1  -1  -103.90   184  4   0.0  0   0.0  0
      54.7         3.4         0.4         5.7
  26.31223    37.79995     6.361  276.00  29.00  0.8600E+12   12.88   2.86  -1  -1  -108.13   130  4   0.0  0   0.0  0
      39.6         0.6         2.1         3.0
  26.19877    37.80936     6.361  276.00  29.00  0.8600E+12   15.11   2.86  -1  -1  -133.00     0  4   0.0  0   0.0  0
       0.0         0.0         0.0         0.0
  26.08532    37.81878     6.361  276.00  29.00  0.8600E+12   17.32   2.86  -1  -1  -133.00     0  4   0.0  0   0.0  0
       0.0         0.0         0.0         0.0
  27.43784    37.63851     2.192  276.00  29.00  0.8600E+12   17.32   2.86  -1  -1  -133.00     0  4   0.0  0   0.0  0
       0.0         0.0         0.0         0.0
  27.32438    37.64792     2.192  276.00  29.00  0.8600E+12   16.08   2.86  -1  -1  -133.00     0  4   0.0  0   0.0  0
       0.0         0.0         0.0         0.0
  27.21092    37.65733     2.192  276.00  29.00  0.8600E+12   13.60   2.86  -1  -1  -133.00     0  4   0.0  0   0.0  0
       0.0         0.0         0.0         0.0
  27.09746    37.66674     2.192  276.00  29.00  0.8600E+12   11.31   2.86  -1  -1  -133.00     0  4   0.0  0   0.0  0
       0.0         0.0         0.0         0.0
  26.98401    37.67615     2.192  276.00  29.00  0.8600E+12   17.13   2.86  -1  -1   -78.80    20  4   0.0  0   0.0  0
       2.2         0.2         0.7         3.8
  26.87055    37.68556     2.192  276.00  29.00  0.8600E+12   14.72   2.86  -1  -1   -93.26     7  4   0.0  0   0.0  0
       1.3         0.3         0.3         0.5
  26.75709    37.69497     2.192  276.00  29.00  0.8600E+12   17.12   2.86  -1  -1   -98.08    13  4   0.0  0   0.0  0
       1.7         0.6         2.0         0.2
  26.64363    37.70438     2.192  276.00  29.00  0.8600E+12    7.98   2.86  -1  -1   -69.19    13  4   0.0  0   0.0  0
       3.0         1.0         0.5         0.1
  26.53018    37.71379     2.192  276.00  29.00  0.8600E+12    9.34   2.86  -1  -1   -96.20    52  4   0.0  0   0.0  0
      12.4         0.1         0.6         5.2
  26.41672    37.72320     2.192  276.00  29.00  0.8600E+12   11.83   2.86  -1  -1  -114.91    66  4   0.0  0   0.0  0
       5.8         0.1         9.3         8.0
  26.30326    37.73261     2.192  276.00  29.00  0.8600E+12   16.13   2.86  -1  -1  -130.03    39  4   0.0  0   0.0  0
       2.5         0.2         3.8         7.1
  26.18980    37.74202     2.192  276.00  29.00  0.8600E+12   16.08   2.86  -1  -1  -133.00     0  4   0.0  0   0.0  0
       0.0         0.0         0.0         0.0
  26.07635    37.75143     2.192  276.00  29.00  0.8600E+12   17.32   2.86  -1  -1  -133.00     0  4   0.0  0   0.0  0
       0.0         0.0         0.0         0.0
