2.0
#
# http://equake-rc.info/static/paper/SRF-Description-Graves_2.0.pdf
# RECTANGULAR fault MODEL
#
# All subfaults are   5.0 km long along strike and
#   3.5 km wide along dip
#
# Model length along strike is   45.0 km
#
# Model width along dip is   17.5 km
#
# Corners of the rectangular dislocation model (lat, lon):
#     40.842    27.916 : corner 1
#     40.891    28.448 : corner 2
#     40.856    28.454 : corner 3
#     40.807    27.922 : corner 4
#
#
# Number of elementary sliprate
# isoceles triangular functions
# per subfault:   4
#
# Half duration of elementary sliprate
# isoceles triangular functions (s):   1.55
# Triangles are overlapping each other by half
#
# slip rate unit: cm/s
#
#
# Seismic moment is converted into slip
# using a single constant value for the
# shear modulus mu of  0.250E+12 dyne/cm2
# assumed to be constant and characteristic
# of the fault shear zone
#
#
#
# "rake" (degrees) is the slip angle (Aki"s convention,
# e.g. rake=+45 means left-lateral-reverse movement.
#
#
# ************************************************
# Total seismic moment M0=  0.231E+26 dyne.cm
# ************************************************
#
#
PLANE 1
  28.18200    40.86650    9    5    45.000    17.500
 83.00  77.00     0.064     0.000    12.250
POINTS   45
  28.18600    40.84180    12.000   83.00  77.00  0.1750E+12    0.00   1.55  -1  -1  -155.94    61  4   0.0  0   0.0  0
      38.7         0.2         0.1         0.1
  28.00995    40.81831    15.410   83.00  77.00  0.1750E+12    4.40   1.55  -1  -1   133.00     0  4   0.0  0   0.0  0
       0.0         0.0         0.0         0.0
  28.06902    40.82379    15.410   83.00  77.00  0.1750E+12    3.03   1.55  -1  -1   133.00     0  4   0.0  0   0.0  0
       0.0         0.0         0.0         0.0
  28.12808    40.82928    15.410   83.00  77.00  0.1750E+12    5.86   1.55  -1  -1  -155.27     1  4   0.0  0   0.0  0
       0.1         0.1         0.3         0.1
  28.18714    40.83477    15.410   83.00  77.00  0.1750E+12    1.41   1.55  -1  -1   159.32     1  4   0.0  0   0.0  0
       0.2         0.1         0.1         0.1
  28.24621    40.84025    15.410   83.00  77.00  0.1750E+12    1.86   1.55  -1  -1   133.36    47  4   0.0  0   0.0  0
      30.0         0.1         0.1         0.1
  28.30527    40.84574    15.410   83.00  77.00  0.1750E+12    3.60   1.55  -1  -1   133.06    53  4   0.0  0   0.0  0
      34.0         0.2         0.1         0.1
  28.36433    40.85122    15.410   83.00  77.00  0.1750E+12    4.42   1.55  -1  -1   133.25    43  4   0.0  0   0.0  0
      27.2         0.1         0.1         0.1
  28.42340    40.85671    15.410   83.00  77.00  0.1750E+12    5.80   1.55  -1  -1   133.00     0  4   0.0  0   0.0  0
       0.0         0.0         0.0         0.0
  27.94975    40.81985    12.000   83.00  77.00  0.1750E+12    5.71   1.55  -1  -1   133.00     0  4   0.0  0   0.0  0
       0.0         0.0         0.0         0.0
  28.00881    40.82534    12.000   83.00  77.00  0.1750E+12    4.29   1.55  -1  -1   133.00     0  4   0.0  0   0.0  0
       0.0         0.0         0.0         0.0
  28.06787    40.83083    12.000   83.00  77.00  0.1750E+12    2.86   1.55  -1  -1   133.00     0  4   0.0  0   0.0  0
       0.0         0.0         0.0         0.0
  28.12694    40.83632    12.000   83.00  77.00  0.1750E+12    4.87   1.55  -1  -1  -145.14    14  4   0.0  0   0.0  0
       1.4         0.1         5.4         2.0
  27.95089    40.81282    15.410   83.00  77.00  0.1750E+12    5.80   1.55  -1  -1   133.00     0  4   0.0  0   0.0  0
       0.0         0.0         0.0         0.0
  28.24506    40.84729    12.000   83.00  77.00  0.1750E+12    1.43   1.55  -1  -1   166.23     1  4   0.0  0   0.0  0
       0.5         0.2         0.1         0.1
  28.30413    40.85277    12.000   83.00  77.00  0.1750E+12    2.92   1.55  -1  -1   135.35     4  4   0.0  0   0.0  0
       2.7         0.1         0.1         0.1
  28.36319    40.85826    12.000   83.00  77.00  0.1750E+12    4.60   1.55  -1  -1   133.38    17  4   0.0  0   0.0  0
       9.8         0.1         0.8         0.1
  28.42225    40.86375    12.000   83.00  77.00  0.1750E+12    5.71   1.55  -1  -1   133.00     0  4   0.0  0   0.0  0
       0.0         0.0         0.0         0.0
  27.94860    40.82689     8.590   83.00  77.00  0.1750E+12    5.80   1.55  -1  -1   133.00     0  4   0.0  0   0.0  0
       0.0         0.0         0.0         0.0
  28.00767    40.83238     8.590   83.00  77.00  0.1750E+12    4.40   1.55  -1  -1   133.00     0  4   0.0  0   0.0  0
       0.0         0.0         0.0         0.0
  28.06673    40.83786     8.590   83.00  77.00  0.1750E+12    3.03   1.55  -1  -1   133.00     0  4   0.0  0   0.0  0
       0.0         0.0         0.0         0.0
  28.12580    40.84335     8.590   83.00  77.00  0.1750E+12    5.22   1.55  -1  -1  -153.61    10  4   0.0  0   0.0  0
       0.7         0.1         1.5         4.1
  28.18486    40.84883     8.590   83.00  77.00  0.1750E+12    1.01   1.55  -1  -1  -163.11    60  4   0.0  0   0.0  0
      38.6         0.1         0.1         0.1
  28.24392    40.85432     8.590   83.00  77.00  0.1750E+12    1.96   1.55  -1  -1  -163.56    46  4   0.0  0   0.0  0
      29.8         0.1         0.1         0.1
  28.30299    40.85981     8.590   83.00  77.00  0.1750E+12    3.60   1.55  -1  -1   138.85     3  4   0.0  0   0.0  0
       1.3         0.2         0.3         0.1
  28.36205    40.86530     8.590   83.00  77.00  0.1750E+12    4.55   1.55  -1  -1   133.35    18  4   0.0  0   0.0  0
       9.4         0.2         2.0         0.1
  28.42111    40.87078     8.590   83.00  77.00  0.1750E+12    5.80   1.55  -1  -1   133.00     0  4   0.0  0   0.0  0
       0.0         0.0         0.0         0.0
  27.94746    40.83393     5.179   83.00  77.00  0.1750E+12    6.05   1.55  -1  -1   133.00     0  4   0.0  0   0.0  0
       0.0         0.0         0.0         0.0
  28.00653    40.83941     5.179   83.00  77.00  0.1750E+12    4.73   1.55  -1  -1   133.00     0  4   0.0  0   0.0  0
       0.0         0.0         0.0         0.0
  28.06559    40.84490     5.179   83.00  77.00  0.1750E+12    3.49   1.55  -1  -1   133.00     0  4   0.0  0   0.0  0
       0.0         0.0         0.0         0.0
  28.12465    40.85039     5.179   83.00  77.00  0.1750E+12    5.21   1.55  -1  -1  -140.44     1  4   0.0  0   0.0  0
       0.1         0.1         0.0         0.3
  28.18372    40.85587     5.179   83.00  77.00  0.1750E+12    2.43   1.55  -1  -1   162.90     9  4   0.0  0   0.0  0
       3.2         0.1         0.1         2.2
  28.24278    40.86136     5.179   83.00  77.00  0.1750E+12    2.47   1.55  -1  -1  -174.22    44  4   0.0  0   0.0  0
      23.9         0.1         0.1         4.4
  28.30184    40.86684     5.179   83.00  77.00  0.1750E+12    3.61   1.55  -1  -1   170.18    20  4   0.0  0   0.0  0
      12.3         0.3         0.1         0.1
  28.36091    40.87233     5.179   83.00  77.00  0.1750E+12    4.80   1.55  -1  -1   150.97     1  4   0.0  0   0.0  0
       0.2         0.3         0.1         0.1
  28.41997    40.87782     5.179   83.00  77.00  0.1750E+12    6.05   1.55  -1  -1   133.00     0  4   0.0  0   0.0  0
       0.0         0.0         0.0         0.0
  27.94632    40.84096     1.769   83.00  77.00  0.1750E+12    6.45   1.55  -1  -1   133.00     0  4   0.0  0   0.0  0
       0.0         0.0         0.0         0.0
  28.00538    40.84645     1.769   83.00  77.00  0.1750E+12    5.23   1.55  -1  -1   133.00     0  4   0.0  0   0.0  0
       0.0         0.0         0.0         0.0
  28.06445    40.85194     1.769   83.00  77.00  0.1750E+12    4.14   1.55  -1  -1   133.00     0  4   0.0  0   0.0  0
       0.0         0.0         0.0         0.0
  28.12351    40.85742     1.769   83.00  77.00  0.1750E+12    6.77   1.55  -1  -1  -153.81     0  4   0.0  0   0.0  0
       0.1         0.1         0.1         0.0
  28.18258    40.86291     1.769   83.00  77.00  0.1750E+12    6.85   1.55  -1  -1   176.82     5  4   0.0  0   0.0  0
       0.1         0.1         0.1         2.8
  28.24164    40.86840     1.769   83.00  77.00  0.1750E+12    3.34   1.55  -1  -1   170.07    26  4   0.0  0   0.0  0
      12.9         0.0         0.0         4.1
  28.30070    40.87388     1.769   83.00  77.00  0.1750E+12    4.43   1.55  -1  -1  -172.06    17  4   0.0  0   0.0  0
      11.1         0.0         0.1         0.1
  28.35977    40.87937     1.769   83.00  77.00  0.1750E+12    5.48   1.55  -1  -1  -172.87    25  4   0.0  0   0.0  0
      15.8         0.1         0.1         0.0
  28.41883    40.88485     1.769   83.00  77.00  0.1750E+12    6.45   1.55  -1  -1   133.00     0  4   0.0  0   0.0  0
       0.0         0.0         0.0         0.0
