2.0
#
# http://equake-rc.info/static/paper/SRF-Description-Graves_2.0.pdf
# RECTANGULAR fault MODEL
#
# All subfaults are   5.0 km long along strike and
#   4.7 km wide along dip
#
# Model length along strike is   45.0 km
#
# Model width along dip is   23.5 km
#
# Corners of the rectangular dislocation model (lat, lon):
#     41.043    28.160 : corner 1
#     40.641    28.221 : corner 2
#     40.640    28.212 : corner 3
#     41.043    28.151 : corner 4
#
#
# Number of elementary sliprate
# isoceles triangular functions
# per subfault:   4
#
# Half duration of elementary sliprate
# isoceles triangular functions (s):   1.55
# Triangles are overlapping each other by half
#
# slip rate unit: cm/s
#
#
# Seismic moment is converted into slip
# using a single constant value for the
# shear modulus mu of  0.250E+12 dyne/cm2
# assumed to be constant and characteristic
# of the fault shear zone
#
#
#
# "rake" (degrees) is the slip angle (Aki"s convention,
# e.g. rake=+45 means left-lateral-reverse movement.
#
#
# ************************************************
# Total seismic moment M0=  0.210E+26 dyne.cm
# ************************************************
#
#
PLANE 1
  28.19050    40.84200    9    5    45.000    23.500
173.45  88.05     0.256     0.000    11.751
POINTS   45
  28.18600    40.84180    12.000  173.45  88.05  0.2350E+12    0.00   1.55  -1  -1    -6.19    61  4   0.0  0   0.0  0
      38.7         0.3         0.1         0.1
  28.16186    40.97565    21.395  173.45  88.05  0.2350E+12    5.06   1.55  -1  -1   -31.99     0  4   0.0  0   0.0  0
       0.0         0.0         0.0         0.0
  28.16865    40.93092    21.395  173.45  88.05  0.2350E+12    4.68   1.55  -1  -1    50.52     2  4   0.0  0   0.0  0
       1.0         0.1         0.1         0.1
  28.17543    40.88620    21.395  173.45  88.05  0.2350E+12    5.62   1.55  -1  -1    57.10     7  4   0.0  0   0.0  0
       3.7         0.3         0.7         0.1
  28.18222    40.84147    21.395  173.45  88.05  0.2350E+12    4.16   1.55  -1  -1    54.54     1  4   0.0  0   0.0  0
       0.2         0.1         0.1         0.2
  28.18901    40.79675    21.395  173.45  88.05  0.2350E+12    5.96   1.55  -1  -1    47.68     0  4   0.0  0   0.0  0
       0.1         0.1         0.1         0.1
  28.19580    40.75202    21.395  173.45  88.05  0.2350E+12    4.70   1.55  -1  -1     6.60     0  4   0.0  0   0.0  0
       0.1         0.1         0.1         0.1
  28.20259    40.70730    21.395  173.45  88.05  0.2350E+12    5.06   1.55  -1  -1   -31.99     0  4   0.0  0   0.0  0
       0.0         0.0         0.0         0.0
  28.20937    40.66257    21.395  173.45  88.05  0.2350E+12    6.31   1.55  -1  -1   -31.99     0  4   0.0  0   0.0  0
       0.0         0.0         0.0         0.0
  28.15696    41.02053    16.697  173.45  88.05  0.2350E+12    5.87   1.55  -1  -1   -31.99     0  4   0.0  0   0.0  0
       0.0         0.0         0.0         0.0
  28.16375    40.97581    16.697  173.45  88.05  0.2350E+12    4.49   1.55  -1  -1   -31.99     0  4   0.0  0   0.0  0
       0.0         0.0         0.0         0.0
  28.17054    40.93108    16.697  173.45  88.05  0.2350E+12    5.66   1.55  -1  -1    56.42     2  4   0.0  0   0.0  0
       1.0         0.1         0.3         0.2
  28.17732    40.88636    16.697  173.45  88.05  0.2350E+12    2.79   1.55  -1  -1    41.13    10  4   0.0  0   0.0  0
       4.0         2.4         0.1         0.1
  28.18411    40.84164    16.697  173.45  88.05  0.2350E+12    1.70   1.55  -1  -1   -13.74    55  4   0.0  0   0.0  0
      35.0         0.1         0.1         0.1
  28.19090    40.79691    16.697  173.45  88.05  0.2350E+12    5.26   1.55  -1  -1    27.02     1  4   0.0  0   0.0  0
       0.1         0.0         0.1         0.1
  28.19769    40.75219    16.697  173.45  88.05  0.2350E+12    6.75   1.55  -1  -1    28.76     0  4   0.0  0   0.0  0
       0.1         0.1         0.1         0.1
  28.20448    40.70746    16.697  173.45  88.05  0.2350E+12    4.49   1.55  -1  -1   -31.99     0  4   0.0  0   0.0  0
       0.0         0.0         0.0         0.0
  28.21126    40.66274    16.697  173.45  88.05  0.2350E+12    5.87   1.55  -1  -1   -31.99     0  4   0.0  0   0.0  0
       0.0         0.0         0.0         0.0
  28.15885    41.02070    12.000  173.45  88.05  0.2350E+12    5.71   1.55  -1  -1   -31.99     0  4   0.0  0   0.0  0
       0.0         0.0         0.0         0.0
  28.16564    40.97598    12.000  173.45  88.05  0.2350E+12    4.29   1.55  -1  -1   -31.99     0  4   0.0  0   0.0  0
       0.0         0.0         0.0         0.0
  28.17242    40.93125    12.000  173.45  88.05  0.2350E+12    7.06   1.55  -1  -1    57.42     8  4   0.0  0   0.0  0
       0.1         0.1         2.0         2.8
  28.17921    40.88652    12.000  173.45  88.05  0.2350E+12    1.87   1.55  -1  -1    41.93    48  4   0.0  0   0.0  0
      30.8         0.1         0.1         0.1
  28.15507    41.02037    21.395  173.45  88.05  0.2350E+12    6.31   1.55  -1  -1   -31.99     0  4   0.0  0   0.0  0
       0.0         0.0         0.0         0.0
  28.19279    40.79708    12.000  173.45  88.05  0.2350E+12    1.72   1.55  -1  -1    37.49     2  4   0.0  0   0.0  0
       1.0         0.1         0.1         0.1
  28.19958    40.75235    12.000  173.45  88.05  0.2350E+12    5.95   1.55  -1  -1    48.16     9  4   0.0  0   0.0  0
       0.1         0.1         3.8         2.0
  28.20636    40.70763    12.000  173.45  88.05  0.2350E+12    4.29   1.55  -1  -1   -31.99     0  4   0.0  0   0.0  0
       0.0         0.0         0.0         0.0
  28.21315    40.66290    12.000  173.45  88.05  0.2350E+12    5.71   1.55  -1  -1   -31.99     0  4   0.0  0   0.0  0
       0.0         0.0         0.0         0.0
  28.16074    41.02086     7.303  173.45  88.05  0.2350E+12    5.87   1.55  -1  -1   -31.99     0  4   0.0  0   0.0  0
       0.0         0.0         0.0         0.0
  28.16753    40.97614     7.303  173.45  88.05  0.2350E+12    4.49   1.55  -1  -1   -31.99     0  4   0.0  0   0.0  0
       0.0         0.0         0.0         0.0
  28.17431    40.93142     7.303  173.45  88.05  0.2350E+12    6.59   1.55  -1  -1    57.83    20  4   0.0  0   0.0  0
       0.1         0.1         5.9         6.9
  28.18110    40.88669     7.303  173.45  88.05  0.2350E+12    2.82   1.55  -1  -1    54.55    13  4   0.0  0   0.0  0
       7.0         0.1         0.1         1.1
  28.18789    40.84196     7.303  173.45  88.05  0.2350E+12    1.90   1.55  -1  -1    29.20    46  4   0.0  0   0.0  0
      29.4         0.1         0.0         0.1
  28.19468    40.79724     7.303  173.45  88.05  0.2350E+12    6.73   1.55  -1  -1    46.25     6  4   0.0  0   0.0  0
       0.1         0.1         0.1         3.8
  28.20147    40.75252     7.303  173.45  88.05  0.2350E+12    5.87   1.55  -1  -1    44.05     4  4   0.0  0   0.0  0
       0.1         0.3         2.1         0.3
  28.20825    40.70779     7.303  173.45  88.05  0.2350E+12    4.49   1.55  -1  -1   -31.99     0  4   0.0  0   0.0  0
       0.0         0.0         0.0         0.0
  28.21504    40.66307     7.303  173.45  88.05  0.2350E+12    5.87   1.55  -1  -1   -31.99     0  4   0.0  0   0.0  0
       0.0         0.0         0.0         0.0
  28.16263    41.02103     2.605  173.45  88.05  0.2350E+12    6.31   1.55  -1  -1   -31.99     0  4   0.0  0   0.0  0
       0.0         0.0         0.0         0.0
  28.16942    40.97630     2.605  173.45  88.05  0.2350E+12    5.06   1.55  -1  -1   -31.99     0  4   0.0  0   0.0  0
       0.0         0.0         0.0         0.0
  28.17620    40.93158     2.605  173.45  88.05  0.2350E+12    6.99   1.55  -1  -1    38.39     2  4   0.0  0   0.0  0
       0.1         0.1         1.2         0.3
  28.18299    40.88685     2.605  173.45  88.05  0.2350E+12    6.91   1.55  -1  -1    33.16     4  4   0.0  0   0.0  0
       0.1         0.1         0.1         2.1
  28.18978    40.84213     2.605  173.45  88.05  0.2350E+12    2.82   1.55  -1  -1    10.70    29  4   0.0  0   0.0  0
      16.5         0.1         0.1         1.9
  28.19657    40.79741     2.605  173.45  88.05  0.2350E+12    3.77   1.55  -1  -1    19.98     4  4   0.0  0   0.0  0
       1.9         0.1         0.1         0.2
  28.20336    40.75268     2.605  173.45  88.05  0.2350E+12    5.87   1.55  -1  -1     0.50    23  4   0.0  0   0.0  0
       0.1         5.8         9.0         0.1
  28.21014    40.70795     2.605  173.45  88.05  0.2350E+12    5.06   1.55  -1  -1   -31.99     0  4   0.0  0   0.0  0
       0.0         0.0         0.0         0.0
  28.21693    40.66323     2.605  173.45  88.05  0.2350E+12    6.31   1.55  -1  -1   -31.99     0  4   0.0  0   0.0  0
       0.0         0.0         0.0         0.0
