2.0
#
# http://equake-rc.info/static/paper/SRF-Description-Graves_2.0.pdf
# RECTANGULAR fault MODEL
#
# All subfaults are   4.0 km long along strike and
#   7.0 km wide along dip
#
# Model length along strike is   36.0 km
#
# Model width along dip is   35.0 km
#
# Corners of the rectangular dislocation model (lat, lon):
#     13.248   -90.459 : corner 1
#     13.106   -90.160 : corner 2
#     12.961   -90.233 : corner 3
#     13.103   -90.532 : corner 4
#
#
# Number of elementary sliprate
# isoceles triangular functions
# per subfault:   4
#
# Half duration of elementary sliprate
# isoceles triangular functions (s):   1.33
# Triangles are overlapping each other by half
#
# slip rate unit: cm/s
#
#
# Seismic moment is converted into slip
# using a single constant value for the
# shear modulus mu of  0.250E+12 dyne/cm2
# assumed to be constant and characteristic
# of the fault shear zone
#
#
#
# "rake" (degrees) is the slip angle (Aki"s convention,
# e.g. rake=+45 means left-lateral-reverse movement.
#
#
# ************************************************
# Total seismic moment M0=  0.587E+25 dyne.cm
# ************************************************
#
#
PLANE 1
 -90.30950    13.17700    9    5    36.000    35.000
116.00  59.00     4.999     0.000    24.499
POINTS   45
 -90.36050    13.07530    26.000  116.00  59.00  0.2800E+12    0.00   1.33  -1  -1    80.47    16  4   0.0  0   0.0  0
      12.1         0.1         0.0         0.1
 -90.47463    13.09346    32.000  116.00  59.00  0.2800E+12    3.97   1.33  -1  -1    42.00     0  4   0.0  0   0.0  0
       0.0         0.0         0.0         0.0
 -90.44144    13.07770    32.000  116.00  59.00  0.2800E+12    5.62   1.33  -1  -1    43.64     1  4   0.0  0   0.0  0
       0.3         0.1         0.1         0.0
 -90.40826    13.06193    32.000  116.00  59.00  0.2800E+12    2.57   1.33  -1  -1    42.18     9  4   0.0  0   0.0  0
       2.7         3.3         0.4         0.1
 -90.37508    13.04617    32.000  116.00  59.00  0.2800E+12    2.77   1.33  -1  -1    46.85    10  4   0.0  0   0.0  0
       2.1         3.2         2.3         0.1
 -90.34190    13.03040    32.000  116.00  59.00  0.2800E+12    2.59   1.33  -1  -1    86.25     7  4   0.0  0   0.0  0
       2.9         1.0         1.1         0.1
 -90.30872    13.01464    32.000  116.00  59.00  0.2800E+12    3.08   1.33  -1  -1    91.51     7  4   0.0  0   0.0  0
       2.8         0.9         0.7         0.7
 -90.27554    12.99887    32.000  116.00  59.00  0.2800E+12    4.86   1.33  -1  -1    77.83     4  4   0.0  0   0.0  0
       2.2         0.1         0.1         0.6
 -90.24236    12.98311    32.000  116.00  59.00  0.2800E+12    4.99   1.33  -1  -1    42.00     0  4   0.0  0   0.0  0
       0.0         0.0         0.0         0.0
 -90.49323    13.13836    26.000  116.00  59.00  0.2800E+12    4.57   1.33  -1  -1    42.00     0  4   0.0  0   0.0  0
       0.0         0.0         0.0         0.0
 -90.46004    13.12259    26.000  116.00  59.00  0.2800E+12    3.43   1.33  -1  -1    42.00     0  4   0.0  0   0.0  0
       0.0         0.0         0.0         0.0
 -90.42686    13.10683    26.000  116.00  59.00  0.2800E+12    3.43   1.33  -1  -1    46.37     0  4   0.0  0   0.0  0
       0.0         0.0         0.1         0.0
 -90.39368    13.09106    26.000  116.00  59.00  0.2800E+12    2.10   1.33  -1  -1    55.60     0  4   0.0  0   0.0  0
       0.1         0.1         0.1         0.0
 -90.50781    13.10923    32.000  116.00  59.00  0.2800E+12    4.99   1.33  -1  -1    42.00     0  4   0.0  0   0.0  0
       0.0         0.0         0.0         0.0
 -90.32732    13.05954    26.000  116.00  59.00  0.2800E+12    2.04   1.33  -1  -1   101.22     2  4   0.0  0   0.0  0
       0.1         0.1         0.3         1.3
 -90.29413    13.04377    26.000  116.00  59.00  0.2800E+12    4.65   1.33  -1  -1   105.65     3  4   0.0  0   0.0  0
       0.0         0.1         1.2         0.9
 -90.26095    13.02801    26.000  116.00  59.00  0.2800E+12    3.43   1.33  -1  -1   126.98     1  4   0.0  0   0.0  0
       0.1         0.1         0.6         0.1
 -90.22777    13.01224    26.000  116.00  59.00  0.2800E+12    4.57   1.33  -1  -1    42.00     0  4   0.0  0   0.0  0
       0.0         0.0         0.0         0.0
 -90.47864    13.16749    20.000  116.00  59.00  0.2800E+12    4.99   1.33  -1  -1    42.00     0  4   0.0  0   0.0  0
       0.0         0.0         0.0         0.0
 -90.44546    13.15173    20.000  116.00  59.00  0.2800E+12    3.97   1.33  -1  -1    42.00     0  4   0.0  0   0.0  0
       0.0         0.0         0.0         0.0
 -90.41228    13.13596    20.000  116.00  59.00  0.2800E+12    3.43   1.33  -1  -1    43.35     0  4   0.0  0   0.0  0
       0.1         0.0         0.0         0.1
 -90.37909    13.12020    20.000  116.00  59.00  0.2800E+12    5.66   1.33  -1  -1    87.71     0  4   0.0  0   0.0  0
       0.0         0.0         0.1         0.1
 -90.34591    13.10443    20.000  116.00  59.00  0.2800E+12    5.47   1.33  -1  -1   116.46     1  4   0.0  0   0.0  0
       0.1         0.1         0.1         0.8
 -90.31273    13.08867    20.000  116.00  59.00  0.2800E+12    5.44   1.33  -1  -1   117.37     3  4   0.0  0   0.0  0
       0.1         0.0         0.5         1.7
 -90.27955    13.07290    20.000  116.00  59.00  0.2800E+12    5.18   1.33  -1  -1   117.80     5  4   0.0  0   0.0  0
       0.1         0.1         0.2         3.6
 -90.24636    13.05714    20.000  116.00  59.00  0.2800E+12    5.59   1.33  -1  -1   112.52     2  4   0.0  0   0.0  0
       0.0         0.0         0.1         1.6
 -90.21318    13.04137    20.000  116.00  59.00  0.2800E+12    4.99   1.33  -1  -1    42.00     0  4   0.0  0   0.0  0
       0.0         0.0         0.0         0.0
 -90.46405    13.19662    14.000  116.00  59.00  0.2800E+12    5.67   1.33  -1  -1    42.00     0  4   0.0  0   0.0  0
       0.0         0.0         0.0         0.0
 -90.43087    13.18086    14.000  116.00  59.00  0.2800E+12    5.27   1.33  -1  -1    42.00     0  4   0.0  0   0.0  0
       0.0         0.0         0.0         0.0
 -90.39769    13.16509    14.000  116.00  59.00  0.2800E+12    4.88   1.33  -1  -1    61.83     0  4   0.0  0   0.0  0
       0.0         0.1         0.1         0.0
 -90.36450    13.14933    14.000  116.00  59.00  0.2800E+12    5.23   1.33  -1  -1    93.89     0  4   0.0  0   0.0  0
       0.0         0.0         0.0         0.1
 -90.33132    13.13356    14.000  116.00  59.00  0.2800E+12    5.04   1.33  -1  -1   131.49     1  4   0.0  0   0.0  0
       0.0         0.1         0.1         0.9
 -90.29814    13.11780    14.000  116.00  59.00  0.2800E+12    4.83   1.33  -1  -1   131.58     1  4   0.0  0   0.0  0
       0.0         0.1         0.1         0.6
 -90.26496    13.10204    14.000  116.00  59.00  0.2800E+12    4.63   1.33  -1  -1   131.24     0  4   0.0  0   0.0  0
       0.1         0.0         0.1         0.1
 -90.23177    13.08627    14.000  116.00  59.00  0.2800E+12    5.57   1.33  -1  -1   131.04     0  4   0.0  0   0.0  0
       0.1         0.1         0.1         0.2
 -90.19859    13.07051    14.000  116.00  59.00  0.2800E+12    5.67   1.33  -1  -1    42.00     0  4   0.0  0   0.0  0
       0.0         0.0         0.0         0.0
 -90.44946    13.22575     7.999  116.00  59.00  0.2800E+12    5.67   1.33  -1  -1    42.00     0  4   0.0  0   0.0  0
       0.0         0.0         0.0         0.0
 -90.41628    13.20999     7.999  116.00  59.00  0.2800E+12    5.67   1.33  -1  -1    42.00     0  4   0.0  0   0.0  0
       0.0         0.0         0.0         0.0
 -90.38310    13.19423     7.999  116.00  59.00  0.2800E+12    5.67   1.33  -1  -1   131.92     3  4   0.0  0   0.0  0
       2.2         0.1         0.1         0.1
 -90.34991    13.17846     7.999  116.00  59.00  0.2800E+12    5.67   1.33  -1  -1   124.48     1  4   0.0  0   0.0  0
       0.1         0.1         0.1         0.3
 -90.31673    13.16270     7.999  116.00  59.00  0.2800E+12    5.67   1.33  -1  -1   131.13     0  4   0.0  0   0.0  0
       0.1         0.1         0.1         0.1
 -90.28355    13.14693     7.999  116.00  59.00  0.2800E+12    5.67   1.33  -1  -1   127.51     0  4   0.0  0   0.0  0
       0.1         0.0         0.0         0.0
 -90.25037    13.13117     7.999  116.00  59.00  0.2800E+12    5.67   1.33  -1  -1   130.57     0  4   0.0  0   0.0  0
       0.1         0.0         0.1         0.1
 -90.21719    13.11540     7.999  116.00  59.00  0.2800E+12    5.67   1.33  -1  -1   127.13     2  4   0.0  0   0.0  0
       1.3         0.0         0.0         0.1
 -90.18401    13.09964     7.999  116.00  59.00  0.2800E+12    5.67   1.33  -1  -1    42.00     0  4   0.0  0   0.0  0
       0.0         0.0         0.0         0.0
