2.0
#
# http://equake-rc.info/static/paper/SRF-Description-Graves_2.0.pdf
# RECTANGULAR fault MODEL
#
# All subfaults are  16.0 km long along strike and
#  25.8 km wide along dip
#
# Model length along strike is  208.0 km
#
# Model width along dip is  129.0 km
#
# Corners of the rectangular dislocation model (lat, lon):
#      0.324   125.678 : corner 1
#      2.170   125.970 : corner 2
#      2.025   126.884 : corner 3
#      0.179   126.592 : corner 4
#
#
# Number of elementary sliprate
# isoceles triangular functions
# per subfault:   4
#
# Half duration of elementary sliprate
# isoceles triangular functions (s):   3.89
# Triangles are overlapping each other by half
#
# slip rate unit: cm/s
#
#
# Seismic moment is converted into slip
# using a single constant value for the
# shear modulus mu of  0.250E+12 dyne/cm2
# assumed to be constant and characteristic
# of the fault shear zone
#
#
#
# "rake" (degrees) is the slip angle (Aki"s convention,
# e.g. rake=+45 means left-lateral-reverse movement.
#
#
# ************************************************
# Total seismic moment M0=  0.106E+28 dyne.cm
# ************************************************
#
#
PLANE 1
 125.82401     1.24700   13    5   208.000   129.000
  9.00  37.00     0.183     0.000    64.502
POINTS   65
 126.28100     1.17450    39.000    9.00  37.00  0.4128E+13    0.00   3.89  -1  -1    88.33   174  4   0.0  0   0.0  0
      29.8         0.2        11.3         3.4
 126.53429     0.40671    70.054    9.00  37.00  0.4128E+13   25.64   3.89  -1  -1    24.00     0  4   0.0  0   0.0  0
       0.0         0.0         0.0         0.0
 126.55678     0.54869    70.054    9.00  37.00  0.4128E+13   23.49   3.89  -1  -1    24.00     0  4   0.0  0   0.0  0
       0.0         0.0         0.0         0.0
 126.57927     0.69066    70.054    9.00  37.00  0.4128E+13   20.14   3.89  -1  -1    24.00     0  4   0.0  0   0.0  0
       0.0         0.0         0.0         0.0
 126.60176     0.83264    70.054    9.00  37.00  0.4128E+13   17.35   3.89  -1  -1    24.00     0  4   0.0  0   0.0  0
       0.0         0.0         0.0         0.0
 126.62425     0.97461    70.054    9.00  37.00  0.4128E+13   25.19   3.89  -1  -1    41.84     4  4   0.0  0   0.0  0
       0.2         0.1         0.6         0.2
 126.64674     1.11658    70.054    9.00  37.00  0.4128E+13   21.17   3.89  -1  -1   113.80     9  4   0.0  0   0.0  0
       0.2         1.7         0.1         0.1
 126.66924     1.25856    70.054    9.00  37.00  0.4128E+13   21.19   3.89  -1  -1   113.74     3  4   0.0  0   0.0  0
       0.1         0.3         0.1         0.1
 126.69173     1.40053    70.054    9.00  37.00  0.4128E+13   18.56   3.89  -1  -1   113.58     3  4   0.0  0   0.0  0
       0.1         0.1         0.3         0.1
 126.71422     1.54251    70.054    9.00  37.00  0.4128E+13   25.39   3.89  -1  -1    95.99     3  4   0.0  0   0.0  0
       0.1         0.1         0.1         0.3
 126.73671     1.68448    70.054    9.00  37.00  0.4128E+13   23.49   3.89  -1  -1    24.00     0  4   0.0  0   0.0  0
       0.0         0.0         0.0         0.0
 126.75920     1.82645    70.054    9.00  37.00  0.4128E+13   25.64   3.89  -1  -1    24.00     0  4   0.0  0   0.0  0
       0.0         0.0         0.0         0.0
 126.78169     1.96843    70.054    9.00  37.00  0.4128E+13   25.64   3.89  -1  -1    24.00     0  4   0.0  0   0.0  0
       0.0         0.0         0.0         0.0
 126.32893     0.29370    54.527    9.00  37.00  0.4128E+13   25.64   3.89  -1  -1    24.00     0  4   0.0  0   0.0  0
       0.0         0.0         0.0         0.0
 126.35142     0.43567    54.527    9.00  37.00  0.4128E+13   24.02   3.89  -1  -1    24.00     0  4   0.0  0   0.0  0
       0.0         0.0         0.0         0.0
 126.37391     0.57765    54.527    9.00  37.00  0.4128E+13   19.72   3.89  -1  -1    24.00     0  4   0.0  0   0.0  0
       0.0         0.0         0.0         0.0
 126.39640     0.71962    54.527    9.00  37.00  0.4128E+13   15.57   3.89  -1  -1    24.00     0  4   0.0  0   0.0  0
       0.0         0.0         0.0         0.0
 126.41889     0.86159    54.527    9.00  37.00  0.4128E+13   11.74   3.89  -1  -1    24.00     0  4   0.0  0   0.0  0
       0.0         0.0         0.0         0.0
 126.44138     1.00357    54.527    9.00  37.00  0.4128E+13   25.34   3.89  -1  -1    39.56    12  4   0.0  0   0.0  0
       0.1         2.2         0.6         0.1
 126.46387     1.14554    54.527    9.00  37.00  0.4128E+13    7.41   3.89  -1  -1   111.93    99  4   0.0  0   0.0  0
      24.1         0.9         0.2         0.2
 126.48636     1.28752    54.527    9.00  37.00  0.4128E+13    9.13   3.89  -1  -1    74.68    38  4   0.0  0   0.0  0
       6.4         0.4         2.7         0.2
 126.50885     1.42949    54.527    9.00  37.00  0.4128E+13   11.75   3.89  -1  -1    58.12    36  4   0.0  0   0.0  0
       4.8         2.6         0.1         1.8
 126.53134     1.57146    54.527    9.00  37.00  0.4128E+13   23.87   3.89  -1  -1    34.09    28  4   0.0  0   0.0  0
       0.1         0.1         1.6         5.2
 126.55383     1.71344    54.527    9.00  37.00  0.4128E+13   19.72   3.89  -1  -1    24.00     0  4   0.0  0   0.0  0
       0.0         0.0         0.0         0.0
 126.57632     1.85541    54.527    9.00  37.00  0.4128E+13   24.02   3.89  -1  -1    24.00     0  4   0.0  0   0.0  0
       0.0         0.0         0.0         0.0
 126.59882     1.99739    54.527    9.00  37.00  0.4128E+13   25.64   3.89  -1  -1    24.00     0  4   0.0  0   0.0  0
       0.0         0.0         0.0         0.0
 126.14605     0.32266    39.000    9.00  37.00  0.4128E+13   25.64   3.89  -1  -1    24.00     0  4   0.0  0   0.0  0
       0.0         0.0         0.0         0.0
 126.16854     0.46463    39.000    9.00  37.00  0.4128E+13   22.86   3.89  -1  -1    24.00     0  4   0.0  0   0.0  0
       0.0         0.0         0.0         0.0
 126.19103     0.60660    39.000    9.00  37.00  0.4128E+13   18.29   3.89  -1  -1    24.00     0  4   0.0  0   0.0  0
       0.0         0.0         0.0         0.0
 126.21352     0.74858    39.000    9.00  37.00  0.4128E+13   13.71   3.89  -1  -1    24.00     0  4   0.0  0   0.0  0
       0.0         0.0         0.0         0.0
 126.23602     0.89055    39.000    9.00  37.00  0.4128E+13    9.14   3.89  -1  -1    24.00     0  4   0.0  0   0.0  0
       0.0         0.0         0.0         0.0
 126.25851     1.03253    39.000    9.00  37.00  0.4128E+13    5.27   3.89  -1  -1    74.06    53  4   0.0  0   0.0  0
       3.7         7.4         2.3         0.2
 126.51180     0.26474    70.054    9.00  37.00  0.4128E+13   25.64   3.89  -1  -1    24.00     0  4   0.0  0   0.0  0
       0.0         0.0         0.0         0.0
 126.30349     1.31647    39.000    9.00  37.00  0.4128E+13    5.86   3.89  -1  -1    42.65   252  4   0.0  0   0.0  0
      11.9        39.8        12.8         0.1
 126.32598     1.45845    39.000    9.00  37.00  0.4128E+13    9.16   3.89  -1  -1    78.19    54  4   0.0  0   0.0  0
       9.0         4.5         0.1         0.2
 126.34847     1.60042    39.000    9.00  37.00  0.4128E+13   25.10   3.89  -1  -1    42.55    16  4   0.0  0   0.0  0
       0.6         0.2         2.4         0.9
 126.37096     1.74240    39.000    9.00  37.00  0.4128E+13   18.29   3.89  -1  -1    24.00     0  4   0.0  0   0.0  0
       0.0         0.0         0.0         0.0
 126.39346     1.88437    39.000    9.00  37.00  0.4128E+13   22.86   3.89  -1  -1    24.00     0  4   0.0  0   0.0  0
       0.0         0.0         0.0         0.0
 126.41595     2.02634    39.000    9.00  37.00  0.4128E+13   25.64   3.89  -1  -1    24.00     0  4   0.0  0   0.0  0
       0.0         0.0         0.0         0.0
 125.96318     0.35161    23.473    9.00  37.00  0.4128E+13   25.64   3.89  -1  -1    24.00     0  4   0.0  0   0.0  0
       0.0         0.0         0.0         0.0
 125.98567     0.49359    23.473    9.00  37.00  0.4128E+13   24.02   3.89  -1  -1    24.00     0  4   0.0  0   0.0  0
       0.0         0.0         0.0         0.0
 126.00816     0.63556    23.473    9.00  37.00  0.4128E+13   19.72   3.89  -1  -1    24.00     0  4   0.0  0   0.0  0
       0.0         0.0         0.0         0.0
 126.03065     0.77754    23.473    9.00  37.00  0.4128E+13   15.57   3.89  -1  -1    24.00     0  4   0.0  0   0.0  0
       0.0         0.0         0.0         0.0
 126.05315     0.91951    23.473    9.00  37.00  0.4128E+13   11.74   3.89  -1  -1    24.00     0  4   0.0  0   0.0  0
       0.0         0.0         0.0         0.0
 126.07564     1.06148    23.473    9.00  37.00  0.4128E+13   17.30   3.89  -1  -1    45.01    12  4   0.0  0   0.0  0
       1.0         0.1         0.7         1.3
 126.09813     1.20346    23.473    9.00  37.00  0.4128E+13   19.85   3.89  -1  -1    53.08    31  4   0.0  0   0.0  0
       4.1         0.7         2.4         0.7
 126.12062     1.34543    23.473    9.00  37.00  0.4128E+13   19.82   3.89  -1  -1    37.81    26  4   0.0  0   0.0  0
       1.0         1.7         3.3         0.6
 126.14310     1.48741    23.473    9.00  37.00  0.4128E+13   19.86   3.89  -1  -1    94.11    11  4   0.0  0   0.0  0
       0.7         1.1         1.0         0.1
 126.16560     1.62938    23.473    9.00  37.00  0.4128E+13   17.22   3.89  -1  -1    88.99     6  4   0.0  0   0.0  0
       0.2         0.9         0.4         0.1
 126.18809     1.77135    23.473    9.00  37.00  0.4128E+13   19.72   3.89  -1  -1    24.00     0  4   0.0  0   0.0  0
       0.0         0.0         0.0         0.0
 126.21058     1.91333    23.473    9.00  37.00  0.4128E+13   24.02   3.89  -1  -1    24.00     0  4   0.0  0   0.0  0
       0.0         0.0         0.0         0.0
 126.23307     2.05530    23.473    9.00  37.00  0.4128E+13   25.64   3.89  -1  -1    24.00     0  4   0.0  0   0.0  0
       0.0         0.0         0.0         0.0
 125.78030     0.38057     7.946    9.00  37.00  0.4128E+13   25.64   3.89  -1  -1    24.00     0  4   0.0  0   0.0  0
       0.0         0.0         0.0         0.0
 125.80280     0.52255     7.946    9.00  37.00  0.4128E+13   25.64   3.89  -1  -1    24.00     0  4   0.0  0   0.0  0
       0.0         0.0         0.0         0.0
 125.82529     0.66452     7.946    9.00  37.00  0.4128E+13   23.49   3.89  -1  -1    24.00     0  4   0.0  0   0.0  0
       0.0         0.0         0.0         0.0
 125.84778     0.80649     7.946    9.00  37.00  0.4128E+13   20.14   3.89  -1  -1    24.00     0  4   0.0  0   0.0  0
       0.0         0.0         0.0         0.0
 125.87027     0.94847     7.946    9.00  37.00  0.4128E+13   17.35   3.89  -1  -1    24.00     0  4   0.0  0   0.0  0
       0.0         0.0         0.0         0.0
 125.89276     1.09044     7.946    9.00  37.00  0.4128E+13   15.66   3.89  -1  -1    89.28    54  4   0.0  0   0.0  0
      13.5         0.2         0.1         0.1
 125.91525     1.23242     7.946    9.00  37.00  0.4128E+13   15.78   3.89  -1  -1    65.19    24  4   0.0  0   0.0  0
       4.2         1.7         0.2         0.1
 125.93774     1.37439     7.946    9.00  37.00  0.4128E+13   15.63   3.89  -1  -1    69.66    45  4   0.0  0   0.0  0
      10.4         0.4         0.5         0.1
 125.96024     1.51636     7.946    9.00  37.00  0.4128E+13   18.05   3.89  -1  -1    69.08    30  4   0.0  0   0.0  0
       6.8         0.1         0.2         0.5
 125.98273     1.65834     7.946    9.00  37.00  0.4128E+13   25.25   3.89  -1  -1    88.49     9  4   0.0  0   0.0  0
       0.1         0.2         1.1         0.9
 126.00522     1.80031     7.946    9.00  37.00  0.4128E+13   23.49   3.89  -1  -1    24.00     0  4   0.0  0   0.0  0
       0.0         0.0         0.0         0.0
 126.02771     1.94229     7.946    9.00  37.00  0.4128E+13   25.64   3.89  -1  -1    24.00     0  4   0.0  0   0.0  0
       0.0         0.0         0.0         0.0
 126.05020     2.08426     7.946    9.00  37.00  0.4128E+13   25.64   3.89  -1  -1    24.00     0  4   0.0  0   0.0  0
       0.0         0.0         0.0         0.0
