2.0
#
# http://equake-rc.info/static/paper/SRF-Description-Graves_2.0.pdf
# RECTANGULAR fault MODEL
#
# All subfaults are  16.0 km long along strike and
#  13.4 km wide along dip
#
# Model length along strike is  208.0 km
#
# Model width along dip is   67.0 km
#
# Corners of the rectangular dislocation model (lat, lon):
#      1.808   127.007 : corner 1
#      0.271   125.944 : corner 2
#      0.464   125.666 : corner 3
#      2.001   126.729 : corner 4
#
#
# Number of elementary sliprate
# isoceles triangular functions
# per subfault:   4
#
# Half duration of elementary sliprate
# isoceles triangular functions (s):   3.89
# Triangles are overlapping each other by half
#
# slip rate unit: cm/s
#
#
# Seismic moment is converted into slip
# using a single constant value for the
# shear modulus mu of  0.250E+12 dyne/cm2
# assumed to be constant and characteristic
# of the fault shear zone
#
#
#
# "rake" (degrees) is the slip angle (Aki"s convention,
# e.g. rake=+45 means left-lateral-reverse movement.
#
#
# ************************************************
# Total seismic moment M0=  0.121E+28 dyne.cm
# ************************************************
#
#
PLANE 1
 126.47550     1.03950   13    5   208.000    67.000
214.67  55.82     0.202     0.000    46.900
POINTS   65
 126.28100     1.17450    39.000  214.67  55.82  0.2144E+13    0.00   3.89  -1  -1   127.19   332  4   0.0  0   0.0  0
      73.4         2.0         9.8         0.2
 126.63430     1.80407    50.085  214.67  55.82  0.2144E+13   23.17   3.89  -1  -1    60.11     0  4   0.0  0   0.0  0
       0.0         0.0         0.0         0.0
 126.55251     1.68585    50.085  214.67  55.82  0.2144E+13   18.68   3.89  -1  -1    60.11     0  4   0.0  0   0.0  0
       0.0         0.0         0.0         0.0
 126.47073     1.56763    50.085  214.67  55.82  0.2144E+13   14.24   3.89  -1  -1    60.11     0  4   0.0  0   0.0  0
       0.0         0.0         0.0         0.0
 126.38894     1.44941    50.085  214.67  55.82  0.2144E+13   10.56   3.89  -1  -1    74.39    47  4   0.0  0   0.0  0
       9.4         0.2         1.8         0.7
 126.30714     1.33120    50.085  214.67  55.82  0.2144E+13   10.55   3.89  -1  -1   130.08   244  4   0.0  0   0.0  0
      43.7        10.3         8.6         0.1
 126.22536     1.21298    50.085  214.67  55.82  0.2144E+13    5.98   3.89  -1  -1    91.75   155  4   0.0  0   0.0  0
      22.3        17.3         0.2         0.2
 126.14357     1.09476    50.085  214.67  55.82  0.2144E+13   19.91   3.89  -1  -1    60.42   122  4   0.0  0   0.0  0
       8.9         0.2         5.9        16.5
 126.06178     0.97654    50.085  214.67  55.82  0.2144E+13    9.91   3.89  -1  -1    60.11     0  4   0.0  0   0.0  0
       0.0         0.0         0.0         0.0
 125.98000     0.85832    50.085  214.67  55.82  0.2144E+13   14.24   3.89  -1  -1    60.11     0  4   0.0  0   0.0  0
       0.0         0.0         0.0         0.0
 125.89821     0.74010    50.085  214.67  55.82  0.2144E+13   18.68   3.89  -1  -1    60.11     0  4   0.0  0   0.0  0
       0.0         0.0         0.0         0.0
 125.81642     0.62188    50.085  214.67  55.82  0.2144E+13   23.17   3.89  -1  -1    60.11     0  4   0.0  0   0.0  0
       0.0         0.0         0.0         0.0
 125.73463     0.50366    50.085  214.67  55.82  0.2144E+13   25.64   3.89  -1  -1    60.11     0  4   0.0  0   0.0  0
       0.0         0.0         0.0         0.0
 126.77173     1.88381    39.000  214.67  55.82  0.2144E+13   25.64   3.89  -1  -1    86.24    48  4   0.0  0   0.0  0
       5.1         0.2         1.5         5.5
 126.68994     1.76560    39.000  214.67  55.82  0.2144E+13   22.86   3.89  -1  -1    60.11     0  4   0.0  0   0.0  0
       0.0         0.0         0.0         0.0
 126.60815     1.64738    39.000  214.67  55.82  0.2144E+13   18.29   3.89  -1  -1    60.11     0  4   0.0  0   0.0  0
       0.0         0.0         0.0         0.0
 126.52636     1.52916    39.000  214.67  55.82  0.2144E+13   13.71   3.89  -1  -1    60.11     0  4   0.0  0   0.0  0
       0.0         0.0         0.0         0.0
 126.44457     1.41094    39.000  214.67  55.82  0.2144E+13    9.94   3.89  -1  -1   108.79   154  4   0.0  0   0.0  0
      32.4         6.8         0.1         0.1
 126.36279     1.29272    39.000  214.67  55.82  0.2144E+13    6.42   3.89  -1  -1   134.78   208  4   0.0  0   0.0  0
      34.8         8.0        10.2         0.5
 126.71609     1.92229    50.085  214.67  55.82  0.2144E+13   25.64   3.89  -1  -1    96.18   135  4   0.0  0   0.0  0
      16.4         2.9         3.5        11.9
 126.19921     1.05628    39.000  214.67  55.82  0.2144E+13    5.31   3.89  -1  -1    96.02    86  4   0.0  0   0.0  0
      11.4         7.9         2.0         1.0
 126.11742     0.93806    39.000  214.67  55.82  0.2144E+13    9.14   3.89  -1  -1    60.11     0  4   0.0  0   0.0  0
       0.0         0.0         0.0         0.0
 126.03564     0.81984    39.000  214.67  55.82  0.2144E+13   13.71   3.89  -1  -1    60.11     0  4   0.0  0   0.0  0
       0.0         0.0         0.0         0.0
 125.95384     0.70162    39.000  214.67  55.82  0.2144E+13   18.29   3.89  -1  -1    60.11     0  4   0.0  0   0.0  0
       0.0         0.0         0.0         0.0
 125.87206     0.58340    39.000  214.67  55.82  0.2144E+13   22.86   3.89  -1  -1    60.11     0  4   0.0  0   0.0  0
       0.0         0.0         0.0         0.0
 125.79027     0.46519    39.000  214.67  55.82  0.2144E+13   25.64   3.89  -1  -1    60.11     0  4   0.0  0   0.0  0
       0.0         0.0         0.0         0.0
 126.82737     1.84534    27.915  214.67  55.82  0.2144E+13   25.64   3.89  -1  -1   149.97    57  4   0.0  0   0.0  0
      11.4         2.8         0.3         0.2
 126.74557     1.72712    27.915  214.67  55.82  0.2144E+13   23.17   3.89  -1  -1    60.11     0  4   0.0  0   0.0  0
       0.0         0.0         0.0         0.0
 126.66379     1.60890    27.915  214.67  55.82  0.2144E+13   18.68   3.89  -1  -1    60.11     0  4   0.0  0   0.0  0
       0.0         0.0         0.0         0.0
 126.58200     1.49068    27.915  214.67  55.82  0.2144E+13   14.24   3.89  -1  -1    60.11     0  4   0.0  0   0.0  0
       0.0         0.0         0.0         0.0
 126.50021     1.37246    27.915  214.67  55.82  0.2144E+13   13.17   3.89  -1  -1    64.93    31  4   0.0  0   0.0  0
       4.0         2.6         1.2         0.1
 126.41843     1.25424    27.915  214.67  55.82  0.2144E+13    6.08   3.89  -1  -1   113.86    52  4   0.0  0   0.0  0
       7.4         3.6         2.0         0.2
 126.33664     1.13602    27.915  214.67  55.82  0.2144E+13    3.83   3.89  -1  -1   134.58   118  4   0.0  0   0.0  0
      10.0         5.3         7.6         7.3
 126.25485     1.01780    27.915  214.67  55.82  0.2144E+13    7.94   3.89  -1  -1    87.16    52  4   0.0  0   0.0  0
       3.4         5.8         0.2         4.1
 126.17306     0.89959    27.915  214.67  55.82  0.2144E+13    9.91   3.89  -1  -1    60.11     0  4   0.0  0   0.0  0
       0.0         0.0         0.0         0.0
 126.09127     0.78137    27.915  214.67  55.82  0.2144E+13   14.24   3.89  -1  -1    60.11     0  4   0.0  0   0.0  0
       0.0         0.0         0.0         0.0
 126.00948     0.66315    27.915  214.67  55.82  0.2144E+13   18.68   3.89  -1  -1    60.11     0  4   0.0  0   0.0  0
       0.0         0.0         0.0         0.0
 125.92770     0.54493    27.915  214.67  55.82  0.2144E+13   23.17   3.89  -1  -1    60.11     0  4   0.0  0   0.0  0
       0.0         0.0         0.0         0.0
 125.84591     0.42671    27.915  214.67  55.82  0.2144E+13   25.64   3.89  -1  -1    60.11     0  4   0.0  0   0.0  0
       0.0         0.0         0.0         0.0
 126.88300     1.80686    16.830  214.67  55.82  0.2144E+13   25.64   3.89  -1  -1   149.99    43  4   0.0  0   0.0  0
       0.9         1.1         0.4         8.7
 126.80122     1.68864    16.830  214.67  55.82  0.2144E+13   24.11   3.89  -1  -1    60.11     0  4   0.0  0   0.0  0
       0.0         0.0         0.0         0.0
 126.71943     1.57042    16.830  214.67  55.82  0.2144E+13   19.82   3.89  -1  -1    60.11     0  4   0.0  0   0.0  0
       0.0         0.0         0.0         0.0
 126.63764     1.45220    16.830  214.67  55.82  0.2144E+13   15.71   3.89  -1  -1    60.11     0  4   0.0  0   0.0  0
       0.0         0.0         0.0         0.0
 126.55585     1.33398    16.830  214.67  55.82  0.2144E+13   19.77   3.89  -1  -1   113.53    13  4   0.0  0   0.0  0
       0.5         1.7         0.4         0.7
 126.47407     1.21577    16.830  214.67  55.82  0.2144E+13   22.85   3.89  -1  -1    75.75    15  4   0.0  0   0.0  0
       0.9         0.1         0.3         2.5
 126.39227     1.09755    16.830  214.67  55.82  0.2144E+13   12.88   3.89  -1  -1   104.34    23  4   0.0  0   0.0  0
       3.6         0.1         1.2         0.8
 126.31049     0.97933    16.830  214.67  55.82  0.2144E+13   21.56   3.89  -1  -1   104.23    22  4   0.0  0   0.0  0
       2.0         0.1         0.1         3.5
 126.22870     0.86111    16.830  214.67  55.82  0.2144E+13   11.93   3.89  -1  -1    60.11     0  4   0.0  0   0.0  0
       0.0         0.0         0.0         0.0
 126.14691     0.74289    16.830  214.67  55.82  0.2144E+13   15.71   3.89  -1  -1    60.11     0  4   0.0  0   0.0  0
       0.0         0.0         0.0         0.0
 126.06512     0.62467    16.830  214.67  55.82  0.2144E+13   19.82   3.89  -1  -1    60.11     0  4   0.0  0   0.0  0
       0.0         0.0         0.0         0.0
 125.98334     0.50645    16.830  214.67  55.82  0.2144E+13   24.11   3.89  -1  -1    60.11     0  4   0.0  0   0.0  0
       0.0         0.0         0.0         0.0
 125.90155     0.38823    16.830  214.67  55.82  0.2144E+13   25.64   3.89  -1  -1    60.11     0  4   0.0  0   0.0  0
       0.0         0.0         0.0         0.0
 126.93864     1.76838     5.745  214.67  55.82  0.2144E+13   25.64   3.89  -1  -1   111.63   100  4   0.0  0   0.0  0
      11.4        10.6         0.2         3.6
 126.85686     1.65016     5.745  214.67  55.82  0.2144E+13   25.58   3.89  -1  -1    60.11     0  4   0.0  0   0.0  0
       0.0         0.0         0.0         0.0
 126.77507     1.53195     5.745  214.67  55.82  0.2144E+13   21.59   3.89  -1  -1    60.11     0  4   0.0  0   0.0  0
       0.0         0.0         0.0         0.0
 126.69328     1.41373     5.745  214.67  55.82  0.2144E+13   17.89   3.89  -1  -1    60.11     0  4   0.0  0   0.0  0
       0.0         0.0         0.0         0.0
 126.61149     1.29551     5.745  214.67  55.82  0.2144E+13   16.20   3.89  -1  -1   100.26    33  4   0.0  0   0.0  0
       6.6         0.3         0.1         1.5
 126.52970     1.17729     5.745  214.67  55.82  0.2144E+13   20.15   3.89  -1  -1   108.30    32  4   0.0  0   0.0  0
       0.5         0.2         7.0         0.5
 126.44791     1.05907     5.745  214.67  55.82  0.2144E+13   24.16   3.89  -1  -1   132.62    41  4   0.0  0   0.0  0
       0.2         7.8         2.3         0.2
 126.36613     0.94085     5.745  214.67  55.82  0.2144E+13   22.46   3.89  -1  -1   119.59    85  4   0.0  0   0.0  0
       0.1         9.1        12.5         0.2
 126.28434     0.82263     5.745  214.67  55.82  0.2144E+13   14.68   3.89  -1  -1    60.11     0  4   0.0  0   0.0  0
       0.0         0.0         0.0         0.0
 126.20255     0.70441     5.745  214.67  55.82  0.2144E+13   17.89   3.89  -1  -1    60.11     0  4   0.0  0   0.0  0
       0.0         0.0         0.0         0.0
 126.12077     0.58619     5.745  214.67  55.82  0.2144E+13   21.59   3.89  -1  -1    60.11     0  4   0.0  0   0.0  0
       0.0         0.0         0.0         0.0
 126.03897     0.46797     5.745  214.67  55.82  0.2144E+13   25.58   3.89  -1  -1    60.11     0  4   0.0  0   0.0  0
       0.0         0.0         0.0         0.0
 125.95718     0.34976     5.745  214.67  55.82  0.2144E+13   25.64   3.89  -1  -1    60.11     0  4   0.0  0   0.0  0
       0.0         0.0         0.0         0.0
