2.0
#
# http://equake-rc.info/static/paper/SRF-Description-Graves_2.0.pdf
# RECTANGULAR fault MODEL
#
# All subfaults are   7.0 km long along strike and
#   6.2 km wide along dip
#
# Model length along strike is   63.0 km
#
# Model width along dip is   31.0 km
#
# Corners of the rectangular dislocation model (lat, lon):
#     52.209   176.818 : corner 1
#     52.305   175.904 : corner 2
#     52.324   175.909 : corner 3
#     52.227   176.823 : corner 4
#
#
# Number of elementary sliprate
# isoceles triangular functions
# per subfault:   4
#
# Half duration of elementary sliprate
# isoceles triangular functions (s):   1.81
# Triangles are overlapping each other by half
#
# slip rate unit: cm/s
#
#
# Seismic moment is converted into slip
# using a single constant value for the
# shear modulus mu of  0.250E+12 dyne/cm2
# assumed to be constant and characteristic
# of the fault shear zone
#
#
#
# "rake" (degrees) is the slip angle (Aki"s convention,
# e.g. rake=+45 means left-lateral-reverse movement.
#
#
# ************************************************
# Total seismic moment M0=  0.877E+26 dyne.cm
# ************************************************
#
#
PLANE 1
 176.36099    52.25700    9    5    63.000    31.000
279.83  86.09     0.136     0.000    15.500
POINTS   45
 176.36340    52.26640    15.600  279.83  86.09  0.4340E+12    0.00   1.81  -1  -1  -124.13    57  4   0.0  0   0.0  0
      31.4         0.1         0.1         0.1
 176.67009    52.24160    27.971  279.83  86.09  0.4340E+12    7.33   1.81  -1  -1  -125.48     1  4   0.0  0   0.0  0
       0.1         0.1         0.1         0.1
 176.56857    52.25237    27.971  279.83  86.09  0.4340E+12    9.04   1.81  -1  -1  -157.13     0  4   0.0  0   0.0  0
       0.1         0.1         0.1         0.1
 176.46706    52.26314    27.971  279.83  86.09  0.4340E+12    8.48   1.81  -1  -1   176.72     1  4   0.0  0   0.0  0
       0.1         0.1         0.1         0.1
 176.36552    52.27391    27.971  279.83  86.09  0.4340E+12    8.98   1.81  -1  -1   152.41     1  4   0.0  0   0.0  0
       0.1         0.1         0.1         0.1
 176.26401    52.28468    27.971  279.83  86.09  0.4340E+12    8.98   1.81  -1  -1   149.33     0  4   0.0  0   0.0  0
       0.1         0.1         0.1         0.1
 176.16249    52.29544    27.971  279.83  86.09  0.4340E+12    6.09   1.81  -1  -1   161.24     1  4   0.0  0   0.0  0
       0.1         0.1         0.1         0.1
 176.06097    52.30621    27.971  279.83  86.09  0.4340E+12    8.16   1.81  -1  -1   166.82     1  4   0.0  0   0.0  0
       0.1         0.1         0.1         0.1
 175.95946    52.31698    27.971  279.83  86.09  0.4340E+12    8.75   1.81  -1  -1   147.03     0  4   0.0  0   0.0  0
       0.0         0.0         0.0         0.0
 176.77054    52.22708    21.786  279.83  86.09  0.4340E+12    8.21   1.81  -1  -1  -123.44    55  4   0.0  0   0.0  0
      30.3         0.1         0.1         0.1
 176.66902    52.23785    21.786  279.83  86.09  0.4340E+12    6.27   1.81  -1  -1  -131.88    15  4   0.0  0   0.0  0
       8.1         0.1         0.1         0.1
 176.56750    52.24862    21.786  279.83  86.09  0.4340E+12    4.68   1.81  -1  -1  -157.99     1  4   0.0  0   0.0  0
       0.3         0.1         0.1         0.1
 176.46599    52.25938    21.786  279.83  86.09  0.4340E+12    8.87   1.81  -1  -1   173.54     0  4   0.0  0   0.0  0
       0.1         0.1         0.1         0.1
 176.36447    52.27015    21.786  279.83  86.09  0.4340E+12    3.27   1.81  -1  -1   165.02     1  4   0.0  0   0.0  0
       0.1         0.1         0.1         0.2
 176.26294    52.28092    21.786  279.83  86.09  0.4340E+12    6.29   1.81  -1  -1   157.40     1  4   0.0  0   0.0  0
       0.1         0.1         0.1         0.1
 176.16142    52.29169    21.786  279.83  86.09  0.4340E+12    8.35   1.81  -1  -1   179.26     1  4   0.0  0   0.0  0
       0.1         0.1         0.1         0.1
 176.05991    52.30246    21.786  279.83  86.09  0.4340E+12    8.69   1.81  -1  -1   156.83     1  4   0.0  0   0.0  0
       0.1         0.1         0.2         0.1
 175.95839    52.31323    21.786  279.83  86.09  0.4340E+12    8.19   1.81  -1  -1   147.03     0  4   0.0  0   0.0  0
       0.0         0.0         0.0         0.0
 176.76949    52.22333    15.600  279.83  86.09  0.4340E+12    8.25   1.81  -1  -1  -123.07    76  4   0.0  0   0.0  0
      41.7         0.1         0.1         0.1
 176.66797    52.23409    15.600  279.83  86.09  0.4340E+12    6.13   1.81  -1  -1  -126.73    62  4   0.0  0   0.0  0
      34.2         0.1         0.1         0.1
 176.56644    52.24486    15.600  279.83  86.09  0.4340E+12    4.08   1.81  -1  -1  -123.23    41  4   0.0  0   0.0  0
      22.3         0.1         0.1         0.1
 176.46492    52.25563    15.600  279.83  86.09  0.4340E+12    2.43   1.81  -1  -1  -145.43    66  4   0.0  0   0.0  0
      36.5         0.1         0.1         0.1
 176.77161    52.23083    27.971  279.83  86.09  0.4340E+12    8.77   1.81  -1  -1  -135.68     1  4   0.0  0   0.0  0
       0.1         0.1         0.1         0.1
 176.26189    52.27717    15.600  279.83  86.09  0.4340E+12    5.16   1.81  -1  -1   155.11     1  4   0.0  0   0.0  0
       0.1         0.1         0.1         0.1
 176.16037    52.28794    15.600  279.83  86.09  0.4340E+12    8.98   1.81  -1  -1   164.68     1  4   0.0  0   0.0  0
       0.1         0.1         0.3         0.1
 176.05884    52.29871    15.600  279.83  86.09  0.4340E+12    7.09   1.81  -1  -1   176.05    20  4   0.0  0   0.0  0
       0.1         1.3         7.4         2.2
 175.95732    52.30947    15.600  279.83  86.09  0.4340E+12    8.00   1.81  -1  -1   147.03     0  4   0.0  0   0.0  0
       0.0         0.0         0.0         0.0
 176.76842    52.21957     9.414  279.83  86.09  0.4340E+12    8.29   1.81  -1  -1  -123.00    82  4   0.0  0   0.0  0
      44.8         0.1         0.1         0.1
 176.66690    52.23034     9.414  279.83  86.09  0.4340E+12    6.29   1.81  -1  -1  -126.22    83  4   0.0  0   0.0  0
      45.6         0.1         0.1         0.1
 176.56538    52.24111     9.414  279.83  86.09  0.4340E+12    8.40   1.81  -1  -1  -172.05    33  4   0.0  0   0.0  0
       4.3         0.1         0.1        13.8
 176.46387    52.25188     9.414  279.83  86.09  0.4340E+12    8.96   1.81  -1  -1   166.81    11  4   0.0  0   0.0  0
       2.6         0.1         0.9         2.3
 176.36234    52.26265     9.414  279.83  86.09  0.4340E+12    4.50   1.81  -1  -1   148.85    35  4   0.0  0   0.0  0
       0.1         0.1         4.7        14.6
 176.26082    52.27341     9.414  279.83  86.09  0.4340E+12    5.63   1.81  -1  -1   163.67    24  4   0.0  0   0.0  0
       6.2         6.8         0.1         0.1
 176.15930    52.28418     9.414  279.83  86.09  0.4340E+12    7.22   1.81  -1  -1   170.01     1  4   0.0  0   0.0  0
       0.1         0.1         0.1         0.2
 176.05779    52.29495     9.414  279.83  86.09  0.4340E+12    8.41   1.81  -1  -1   174.59     4  4   0.0  0   0.0  0
       0.1         1.3         0.6         0.1
 175.95627    52.30572     9.414  279.83  86.09  0.4340E+12    8.19   1.81  -1  -1   147.03     0  4   0.0  0   0.0  0
       0.0         0.0         0.0         0.0
 176.76735    52.21582     3.229  279.83  86.09  0.4340E+12    8.75   1.81  -1  -1  -145.48     1  4   0.0  0   0.0  0
       0.1         0.1         0.1         0.1
 176.66583    52.22659     3.229  279.83  86.09  0.4340E+12    9.06   1.81  -1  -1  -172.83     8  4   0.0  0   0.0  0
       0.1         0.1         0.1         4.1
 176.56432    52.23735     3.229  279.83  86.09  0.4340E+12    8.35   1.81  -1  -1   169.65    80  4   0.0  0   0.0  0
       0.1         0.1         0.1        44.2
 176.46280    52.24812     3.229  279.83  86.09  0.4340E+12    7.65   1.81  -1  -1   160.58    12  4   0.0  0   0.0  0
       0.1         0.1         6.7         0.1
 176.36128    52.25889     3.229  279.83  86.09  0.4340E+12    6.30   1.81  -1  -1   166.51    26  4   0.0  0   0.0  0
       0.1         3.9        10.4         0.1
 176.25975    52.26966     3.229  279.83  86.09  0.4340E+12    5.13   1.81  -1  -1  -179.62     5  4   0.0  0   0.0  0
       0.9         1.5         0.1         0.1
 176.15823    52.28043     3.229  279.83  86.09  0.4340E+12    8.78   1.81  -1  -1  -175.80     1  4   0.0  0   0.0  0
       0.1         0.1         0.1         0.1
 176.05672    52.29119     3.229  279.83  86.09  0.4340E+12    8.95   1.81  -1  -1  -179.84     1  4   0.0  0   0.0  0
       0.1         0.2         0.2         0.1
 175.95520    52.30196     3.229  279.83  86.09  0.4340E+12    8.75   1.81  -1  -1   147.03     0  4   0.0  0   0.0  0
       0.0         0.0         0.0         0.0
