2.0
#
# http://equake-rc.info/static/paper/SRF-Description-Graves_2.0.pdf
# RECTANGULAR fault MODEL
#
# All subfaults are  10.0 km long along strike and
#   5.1 km wide along dip
#
# Model length along strike is  130.0 km
#
# Model width along dip is   25.5 km
#
# Corners of the rectangular dislocation model (lat, lon):
#     60.189  -140.562 : corner 1
#     60.757  -138.488 : corner 2
#     60.657  -138.375 : corner 3
#     60.089  -140.449 : corner 4
#
#
# Number of elementary sliprate
# isoceles triangular functions
# per subfault:   4
#
# Half duration of elementary sliprate
# isoceles triangular functions (s):   2.86
# Triangles are overlapping each other by half
#
# slip rate unit: cm/s
#
#
# Seismic moment is converted into slip
# using a single constant value for the
# shear modulus mu of  0.250E+12 dyne/cm2
# assumed to be constant and characteristic
# of the fault shear zone
#
#
#
# "rake" (degrees) is the slip angle (Aki"s convention,
# e.g. rake=+45 means left-lateral-reverse movement.
#
#
# ************************************************
# Total seismic moment M0=  0.474E+27 dyne.cm
# ************************************************
#
#
PLANE 1
-139.52499    60.47300   13    5   130.000    25.500
 61.00  60.00     0.142     0.000    17.850
POINTS   65
-139.44600    60.40310    15.600   61.00  60.00  0.5100E+12    0.00   2.86  -1  -1    47.99   187  4   0.0  0   0.0  0
      64.3         0.2         0.2         0.6
-140.22125    60.16459    20.017   61.00  60.00  0.5100E+12   15.40   2.86  -1  -1    60.79    24  4   0.0  0   0.0  0
       0.4         3.6         4.2         0.2
-140.06169    60.20827    20.017   61.00  60.00  0.5100E+12   15.77   2.86  -1  -1    41.62     9  4   0.0  0   0.0  0
       0.2         1.4         1.6         0.1
-139.90213    60.25195    20.017   61.00  60.00  0.5100E+12    8.69   2.86  -1  -1   -14.00     0  4   0.0  0   0.0  0
       0.0         0.0         0.0         0.0
-139.74257    60.29564    20.017   61.00  60.00  0.5100E+12   10.89   2.86  -1  -1    54.99     6  4   0.0  0   0.0  0
       1.0         0.2         0.6         0.1
-139.58301    60.33932    20.017   61.00  60.00  0.5100E+12    7.44   2.86  -1  -1   -12.99    65  4   0.0  0   0.0  0
      19.7         2.8         0.1         0.1
-139.42345    60.38300    20.017   61.00  60.00  0.5100E+12    3.39   2.86  -1  -1    49.51    68  4   0.0  0   0.0  0
      23.2         0.1         0.1         0.3
-139.26389    60.42669    20.017   61.00  60.00  0.5100E+12    3.40   2.86  -1  -1    32.18    90  4   0.0  0   0.0  0
      26.7         0.1         0.4         4.1
-139.10432    60.47037    20.017   61.00  60.00  0.5100E+12    6.22   2.86  -1  -1    73.75    30  4   0.0  0   0.0  0
       5.0         0.9         4.3         0.1
-138.94476    60.51405    20.017   61.00  60.00  0.5100E+12    8.69   2.86  -1  -1   -14.00     0  4   0.0  0   0.0  0
       0.0         0.0         0.0         0.0
-138.78520    60.55774    20.017   61.00  60.00  0.5100E+12   11.52   2.86  -1  -1   -14.00     0  4   0.0  0   0.0  0
       0.0         0.0         0.0         0.0
-138.62564    60.60142    20.017   61.00  60.00  0.5100E+12   14.36   2.86  -1  -1   -14.00     0  4   0.0  0   0.0  0
       0.0         0.0         0.0         0.0
-138.46608    60.64510    20.017   61.00  60.00  0.5100E+12   17.20   2.86  -1  -1   -14.00     0  4   0.0  0   0.0  0
       0.0         0.0         0.0         0.0
-140.40337    60.14100    15.600   61.00  60.00  0.5100E+12   17.14   2.86  -1  -1   -14.00     0  4   0.0  0   0.0  0
       0.0         0.0         0.0         0.0
-140.24380    60.18468    15.600   61.00  60.00  0.5100E+12   15.08   2.86  -1  -1    70.03    39  4   0.0  0   0.0  0
       1.2         6.6         5.6         0.1
-140.08424    60.22837    15.600   61.00  60.00  0.5100E+12   15.94   2.86  -1  -1     7.37    43  4   0.0  0   0.0  0
      11.2         2.9         0.8         0.1
-139.92468    60.27205    15.600   61.00  60.00  0.5100E+12    8.57   2.86  -1  -1   -14.00     0  4   0.0  0   0.0  0
       0.0         0.0         0.0         0.0
-139.76512    60.31573    15.600   61.00  60.00  0.5100E+12   12.68   2.86  -1  -1    16.46    12  4   0.0  0   0.0  0
       1.4         0.3         0.4         1.9
-139.60556    60.35942    15.600   61.00  60.00  0.5100E+12    6.39   2.86  -1  -1    -9.72   118  4   0.0  0   0.0  0
      22.6        13.9         4.5         0.4
-140.38081    60.12090    20.017   61.00  60.00  0.5100E+12   17.20   2.86  -1  -1   -14.00     0  4   0.0  0   0.0  0
       0.0         0.0         0.0         0.0
-139.28644    60.44678    15.600   61.00  60.00  0.5100E+12    3.41   2.86  -1  -1    37.87   154  4   0.0  0   0.0  0
      49.1         1.7         2.7         0.2
-139.12688    60.49047    15.600   61.00  60.00  0.5100E+12   10.22   2.86  -1  -1    71.42    57  4   0.0  0   0.0  0
      11.4         8.1         0.2         0.1
-138.96732    60.53415    15.600   61.00  60.00  0.5100E+12    8.57   2.86  -1  -1   -14.00     0  4   0.0  0   0.0  0
       0.0         0.0         0.0         0.0
-138.80775    60.57783    15.600   61.00  60.00  0.5100E+12   11.43   2.86  -1  -1   -14.00     0  4   0.0  0   0.0  0
       0.0         0.0         0.0         0.0
-138.64819    60.62151    15.600   61.00  60.00  0.5100E+12   14.29   2.86  -1  -1   -14.00     0  4   0.0  0   0.0  0
       0.0         0.0         0.0         0.0
-138.48863    60.66520    15.600   61.00  60.00  0.5100E+12   17.14   2.86  -1  -1   -14.00     0  4   0.0  0   0.0  0
       0.0         0.0         0.0         0.0
-140.42592    60.16109    11.183   61.00  60.00  0.5100E+12   17.20   2.86  -1  -1   -14.00     0  4   0.0  0   0.0  0
       0.0         0.0         0.0         0.0
-140.26636    60.20478    11.183   61.00  60.00  0.5100E+12   15.85   2.86  -1  -1    44.10    18  4   0.0  0   0.0  0
       1.4         2.5         1.8         0.5
-140.10680    60.24846    11.183   61.00  60.00  0.5100E+12   14.86   2.86  -1  -1    -5.02    83  4   0.0  0   0.0  0
       8.4         9.8         5.1         5.7
-139.94724    60.29214    11.183   61.00  60.00  0.5100E+12    8.69   2.86  -1  -1   -14.00     0  4   0.0  0   0.0  0
       0.0         0.0         0.0         0.0
-139.78767    60.33583    11.183   61.00  60.00  0.5100E+12   15.44   2.86  -1  -1     7.54    41  4   0.0  0   0.0  0
       9.7         0.6         3.6         0.4
-139.62811    60.37951    11.183   61.00  60.00  0.5100E+12    4.84   2.86  -1  -1    44.67    87  4   0.0  0   0.0  0
       2.3         7.6         9.8        10.7
-139.46855    60.42319    11.183   61.00  60.00  0.5100E+12    4.54   2.86  -1  -1    19.44   167  4   0.0  0   0.0  0
      29.7        17.9         3.8         7.1
-139.30899    60.46688    11.183   61.00  60.00  0.5100E+12    3.47   2.86  -1  -1    45.64   135  4   0.0  0   0.0  0
      20.3        12.1         9.6         5.2
-139.14943    60.51056    11.183   61.00  60.00  0.5100E+12    5.99   2.86  -1  -1    74.86    43  4   0.0  0   0.0  0
       5.3         4.4         5.0         0.3
-138.98987    60.55424    11.183   61.00  60.00  0.5100E+12    8.69   2.86  -1  -1   -14.00     0  4   0.0  0   0.0  0
       0.0         0.0         0.0         0.0
-138.83031    60.59793    11.183   61.00  60.00  0.5100E+12   11.52   2.86  -1  -1   -14.00     0  4   0.0  0   0.0  0
       0.0         0.0         0.0         0.0
-138.67075    60.64161    11.183   61.00  60.00  0.5100E+12   14.36   2.86  -1  -1   -14.00     0  4   0.0  0   0.0  0
       0.0         0.0         0.0         0.0
-138.51118    60.68530    11.183   61.00  60.00  0.5100E+12   17.20   2.86  -1  -1   -14.00     0  4   0.0  0   0.0  0
       0.0         0.0         0.0         0.0
-140.44847    60.18119     6.767   61.00  60.00  0.5100E+12   17.32   2.86  -1  -1   -14.00     0  4   0.0  0   0.0  0
       0.0         0.0         0.0         0.0
-140.28891    60.22488     6.767   61.00  60.00  0.5100E+12   17.04   2.86  -1  -1    26.06    19  4   0.0  0   0.0  0
       0.1         0.9         2.3         3.4
-140.12935    60.26856     6.767   61.00  60.00  0.5100E+12   15.38   2.86  -1  -1     2.83   105  4   0.0  0   0.0  0
       7.4         7.9        20.5         1.0
-139.96979    60.31224     6.767   61.00  60.00  0.5100E+12    9.05   2.86  -1  -1   -14.00     0  4   0.0  0   0.0  0
       0.0         0.0         0.0         0.0
-139.81023    60.35592     6.767   61.00  60.00  0.5100E+12   10.81   2.86  -1  -1    13.19    86  4   0.0  0   0.0  0
       9.3        11.6         8.8         0.3
-139.65067    60.39961     6.767   61.00  60.00  0.5100E+12    9.15   2.86  -1  -1    20.91   156  4   0.0  0   0.0  0
      10.8        42.6         1.2         0.1
-139.49110    60.44329     6.767   61.00  60.00  0.5100E+12    5.37   2.86  -1  -1    50.35   209  4   0.0  0   0.0  0
      40.7        22.1        10.1         0.3
-139.33154    60.48697     6.767   61.00  60.00  0.5100E+12    5.54   2.86  -1  -1    66.81   184  4   0.0  0   0.0  0
      18.5        43.4         1.9         0.6
-139.17198    60.53065     6.767   61.00  60.00  0.5100E+12    9.60   2.86  -1  -1    54.34    54  4   0.0  0   0.0  0
       1.0         9.9         3.6         4.4
-139.01242    60.57434     6.767   61.00  60.00  0.5100E+12    9.05   2.86  -1  -1   -14.00     0  4   0.0  0   0.0  0
       0.0         0.0         0.0         0.0
-138.85286    60.61802     6.767   61.00  60.00  0.5100E+12   11.79   2.86  -1  -1   -14.00     0  4   0.0  0   0.0  0
       0.0         0.0         0.0         0.0
-138.69330    60.66171     6.767   61.00  60.00  0.5100E+12   14.58   2.86  -1  -1   -14.00     0  4   0.0  0   0.0  0
       0.0         0.0         0.0         0.0
-138.53374    60.70539     6.767   61.00  60.00  0.5100E+12   17.32   2.86  -1  -1   -14.00     0  4   0.0  0   0.0  0
       0.0         0.0         0.0         0.0
-140.47102    60.20129     2.350   61.00  60.00  0.5100E+12   17.32   2.86  -1  -1   -14.00     0  4   0.0  0   0.0  0
       0.0         0.0         0.0         0.0
-140.31146    60.24497     2.350   61.00  60.00  0.5100E+12   16.33   2.86  -1  -1    49.75    96  4   0.0  0   0.0  0
       0.1        18.5        10.8         4.2
-140.15190    60.28865     2.350   61.00  60.00  0.5100E+12   13.26   2.86  -1  -1    46.73   166  4   0.0  0   0.0  0
       9.6        36.3         9.6         2.4
-139.99234    60.33234     2.350   61.00  60.00  0.5100E+12    9.62   2.86  -1  -1   -14.00     0  4   0.0  0   0.0  0
       0.0         0.0         0.0         0.0
-139.83278    60.37602     2.350   61.00  60.00  0.5100E+12    9.78   2.86  -1  -1    -0.61   146  4   0.0  0   0.0  0
      17.0        23.4        10.6         0.2
-139.67322    60.41970     2.350   61.00  60.00  0.5100E+12    6.64   2.86  -1  -1    32.96   285  4   0.0  0   0.0  0
      51.4        44.5         3.8         0.1
-139.51366    60.46339     2.350   61.00  60.00  0.5100E+12    5.68   2.86  -1  -1    60.19   351  4   0.0  0   0.0  0
      56.1        35.7        22.7         8.4
-139.35410    60.50707     2.350   61.00  60.00  0.5100E+12    9.90   2.86  -1  -1    57.75   213  4   0.0  0   0.0  0
      54.9        13.4         5.9         0.1
-139.19453    60.55075     2.350   61.00  60.00  0.5100E+12   12.04   2.86  -1  -1    73.63   169  4   0.0  0   0.0  0
      20.5        22.0        16.4         0.2
-139.03497    60.59444     2.350   61.00  60.00  0.5100E+12    9.62   2.86  -1  -1   -14.00     0  4   0.0  0   0.0  0
       0.0         0.0         0.0         0.0
-138.87541    60.63812     2.350   61.00  60.00  0.5100E+12   12.24   2.86  -1  -1   -14.00     0  4   0.0  0   0.0  0
       0.0         0.0         0.0         0.0
-138.71585    60.68180     2.350   61.00  60.00  0.5100E+12   14.94   2.86  -1  -1   -14.00     0  4   0.0  0   0.0  0
       0.0         0.0         0.0         0.0
-138.55629    60.72549     2.350   61.00  60.00  0.5100E+12   17.32   2.86  -1  -1   -14.00     0  4   0.0  0   0.0  0
       0.0         0.0         0.0         0.0
