2.0
#
# http://equake-rc.info/static/paper/SRF-Description-Graves_2.0.pdf
# RECTANGULAR fault MODEL
#
# All subfaults are  10.0 km long along strike and
#   6.4 km wide along dip
#
# Model length along strike is  110.0 km
#
# Model width along dip is   32.0 km
#
# Corners of the rectangular dislocation model (lat, lon):
#     40.889  -124.638 : corner 1
#     39.911  -124.841 : corner 2
#     39.917  -124.893 : corner 3
#     40.895  -124.690 : corner 4
#
#
# Number of elementary sliprate
# isoceles triangular functions
# per subfault:   4
#
# Half duration of elementary sliprate
# isoceles triangular functions (s):   2.65
# Triangles are overlapping each other by half
#
# slip rate unit: cm/s
#
#
# Seismic moment is converted into slip
# using a single constant value for the
# shear modulus mu of  0.250E+12 dyne/cm2
# assumed to be constant and characteristic
# of the fault shear zone
#
#
#
# "rake" (degrees) is the slip angle (Aki"s convention,
# e.g. rake=+45 means left-lateral-reverse movement.
#
#
# ************************************************
# Total seismic moment M0=  0.366E+27 dyne.cm
# ************************************************
#
#
PLANE 1
-124.73950    40.40000   11    5   110.000    32.000
189.00  82.00     0.156     0.000    16.000
POINTS   55
-124.76520    40.40320    16.000  189.00  82.00  0.6400E+12    0.00   2.65  -1  -1    -6.35   297  4   0.0  0   0.0  0
      69.0        42.7         0.2         0.1
-124.71202    40.76141    28.675  189.00  82.00  0.6400E+12   12.00   2.65  -1  -1   -40.00     0  4   0.0  0   0.0  0
       0.0         0.0         0.0         0.0
-124.73051    40.67249    28.675  189.00  82.00  0.6400E+12   15.31   2.65  -1  -1    -8.11    16  4   0.0  0   0.0  0
       0.1         2.2         0.1         3.4
-124.74901    40.58356    28.675  189.00  82.00  0.6400E+12    7.47   2.65  -1  -1    19.98    14  4   0.0  0   0.0  0
       4.6         0.2         0.3         0.3
-124.76750    40.49463    28.675  189.00  82.00  0.6400E+12   15.29   2.65  -1  -1    45.63    23  4   0.0  0   0.0  0
       2.9         0.1         4.8         0.9
-124.78600    40.40571    28.675  189.00  82.00  0.6400E+12   12.04   2.65  -1  -1    45.12    64  4   0.0  0   0.0  0
       0.1         0.1         4.7        19.3
-124.80450    40.31678    28.675  189.00  82.00  0.6400E+12   14.42   2.65  -1  -1    26.05    10  4   0.0  0   0.0  0
       0.1         2.6         0.3         0.8
-124.82299    40.22786    28.675  189.00  82.00  0.6400E+12   14.72   2.65  -1  -1    23.39     1  4   0.0  0   0.0  0
       0.1         0.1         0.1         0.2
-124.84149    40.13893    28.675  189.00  82.00  0.6400E+12    9.32   2.65  -1  -1   -40.00     0  4   0.0  0   0.0  0
       0.0         0.0         0.0         0.0
-124.85999    40.05000    28.675  189.00  82.00  0.6400E+12   12.00   2.65  -1  -1   -40.00     0  4   0.0  0   0.0  0
       0.0         0.0         0.0         0.0
-124.87848    39.96107    28.675  189.00  82.00  0.6400E+12   14.75   2.65  -1  -1   -40.00     0  4   0.0  0   0.0  0
       0.0         0.0         0.0         0.0
-124.68312    40.84908    22.338  189.00  82.00  0.6400E+12   14.40   2.65  -1  -1   -40.00     0  4   0.0  0   0.0  0
       0.0         0.0         0.0         0.0
-124.70161    40.76016    22.338  189.00  82.00  0.6400E+12   11.57   2.65  -1  -1   -40.00     0  4   0.0  0   0.0  0
       0.0         0.0         0.0         0.0
-124.72012    40.67123    22.338  189.00  82.00  0.6400E+12    9.34   2.65  -1  -1    30.11    56  4   0.0  0   0.0  0
      17.9         0.1         0.1         3.0
-124.73861    40.58231    22.338  189.00  82.00  0.6400E+12    7.46   2.65  -1  -1    42.57    74  4   0.0  0   0.0  0
      24.3         0.2         0.2         3.1
-124.75710    40.49338    22.338  189.00  82.00  0.6400E+12    3.97   2.65  -1  -1    40.97    25  4   0.0  0   0.0  0
       5.2         0.7         0.6         2.9
-124.77560    40.40445    22.338  189.00  82.00  0.6400E+12    1.86   2.65  -1  -1    -1.57   175  4   0.0  0   0.0  0
      65.2         0.2         0.7         0.1
-124.79410    40.31553    22.338  189.00  82.00  0.6400E+12    9.07   2.65  -1  -1    40.58    29  4   0.0  0   0.0  0
       1.6         0.4         0.1         8.7
-124.81259    40.22660    22.338  189.00  82.00  0.6400E+12    6.98   2.65  -1  -1    17.60     5  4   0.0  0   0.0  0
       0.1         0.1         0.1         1.6
-124.83109    40.13767    22.338  189.00  82.00  0.6400E+12    8.76   2.65  -1  -1   -40.00     0  4   0.0  0   0.0  0
       0.0         0.0         0.0         0.0
-124.84958    40.04875    22.338  189.00  82.00  0.6400E+12   11.57   2.65  -1  -1   -40.00     0  4   0.0  0   0.0  0
       0.0         0.0         0.0         0.0
-124.86808    39.95982    22.338  189.00  82.00  0.6400E+12   14.40   2.65  -1  -1   -40.00     0  4   0.0  0   0.0  0
       0.0         0.0         0.0         0.0
-124.67272    40.84783    16.000  189.00  82.00  0.6400E+12   14.29   2.65  -1  -1   -40.00     0  4   0.0  0   0.0  0
       0.0         0.0         0.0         0.0
-124.69122    40.75890    16.000  189.00  82.00  0.6400E+12   11.43   2.65  -1  -1   -40.00     0  4   0.0  0   0.0  0
       0.0         0.0         0.0         0.0
-124.70971    40.66998    16.000  189.00  82.00  0.6400E+12   15.33   2.65  -1  -1    28.82   117  4   0.0  0   0.0  0
       8.1         7.5         0.1        28.4
-124.72820    40.58105    16.000  189.00  82.00  0.6400E+12    5.72   2.65  -1  -1    44.78    80  4   0.0  0   0.0  0
      11.9         0.2         9.0         8.9
-124.74670    40.49212    16.000  189.00  82.00  0.6400E+12    4.97   2.65  -1  -1    42.18    84  4   0.0  0   0.0  0
       0.4         0.3        30.8         0.1
-124.69352    40.85034    28.675  189.00  82.00  0.6400E+12   14.75   2.65  -1  -1   -40.00     0  4   0.0  0   0.0  0
       0.0         0.0         0.0         0.0
-124.78369    40.31427    16.000  189.00  82.00  0.6400E+12    3.17   2.65  -1  -1    -1.19   203  4   0.0  0   0.0  0
      66.8         9.6         0.2         0.1
-124.80219    40.22535    16.000  189.00  82.00  0.6400E+12   14.81   2.65  -1  -1    -9.42    25  4   0.0  0   0.0  0
       0.3         1.0         0.2         7.9
-124.82069    40.13642    16.000  189.00  82.00  0.6400E+12    8.57   2.65  -1  -1   -40.00     0  4   0.0  0   0.0  0
       0.0         0.0         0.0         0.0
-124.83918    40.04749    16.000  189.00  82.00  0.6400E+12   11.43   2.65  -1  -1   -40.00     0  4   0.0  0   0.0  0
       0.0         0.0         0.0         0.0
-124.85767    39.95857    16.000  189.00  82.00  0.6400E+12   14.29   2.65  -1  -1   -40.00     0  4   0.0  0   0.0  0
       0.0         0.0         0.0         0.0
-124.66232    40.84658     9.662  189.00  82.00  0.6400E+12   14.40   2.65  -1  -1   -40.00     0  4   0.0  0   0.0  0
       0.0         0.0         0.0         0.0
-124.68082    40.75765     9.662  189.00  82.00  0.6400E+12   11.57   2.65  -1  -1   -40.00     0  4   0.0  0   0.0  0
       0.0         0.0         0.0         0.0
-124.69931    40.66872     9.662  189.00  82.00  0.6400E+12   10.40   2.65  -1  -1    49.85    70  4   0.0  0   0.0  0
      19.4         6.8         0.1         0.1
-124.71780    40.57980     9.662  189.00  82.00  0.6400E+12   15.34   2.65  -1  -1    41.06    45  4   0.0  0   0.0  0
       5.1         1.2         3.1         7.7
-124.73630    40.49087     9.662  189.00  82.00  0.6400E+12    4.05   2.65  -1  -1     7.12    87  4   0.0  0   0.0  0
       9.7         8.4        14.6         0.2
-124.75480    40.40194     9.662  189.00  82.00  0.6400E+12    2.08   2.65  -1  -1    -6.38   200  4   0.0  0   0.0  0
      68.9         0.1         6.4         0.1
-124.77329    40.31302     9.662  189.00  82.00  0.6400E+12    3.66   2.65  -1  -1    13.88   199  4   0.0  0   0.0  0
      41.8        30.8         0.2         2.4
-124.79179    40.22409     9.662  189.00  82.00  0.6400E+12   12.43   2.65  -1  -1    25.37    25  4   0.0  0   0.0  0
       0.1         4.8         4.5         0.1
-124.81028    40.13517     9.662  189.00  82.00  0.6400E+12    8.76   2.65  -1  -1   -40.00     0  4   0.0  0   0.0  0
       0.0         0.0         0.0         0.0
-124.82878    40.04624     9.662  189.00  82.00  0.6400E+12   11.57   2.65  -1  -1   -40.00     0  4   0.0  0   0.0  0
       0.0         0.0         0.0         0.0
-124.84727    39.95731     9.662  189.00  82.00  0.6400E+12   14.40   2.65  -1  -1   -40.00     0  4   0.0  0   0.0  0
       0.0         0.0         0.0         0.0
-124.65192    40.84532     3.325  189.00  82.00  0.6400E+12   14.75   2.65  -1  -1   -40.00     0  4   0.0  0   0.0  0
       0.0         0.0         0.0         0.0
-124.67041    40.75639     3.325  189.00  82.00  0.6400E+12   12.00   2.65  -1  -1   -40.00     0  4   0.0  0   0.0  0
       0.0         0.0         0.0         0.0
-124.68890    40.66747     3.325  189.00  82.00  0.6400E+12   10.39   2.65  -1  -1    34.04     3  4   0.0  0   0.0  0
       0.9         0.1         0.2         0.1
-124.70741    40.57854     3.325  189.00  82.00  0.6400E+12   10.29   2.65  -1  -1    19.03     5  4   0.0  0   0.0  0
       1.6         0.1         0.2         0.1
-124.72590    40.48962     3.325  189.00  82.00  0.6400E+12    6.53   2.65  -1  -1    -2.11    32  4   0.0  0   0.0  0
       8.1         3.7         0.2         0.1
-124.74439    40.40069     3.325  189.00  82.00  0.6400E+12    4.36   2.65  -1  -1   -16.08   139  4   0.0  0   0.0  0
      40.9        11.4         0.2         0.1
-124.76289    40.31176     3.325  189.00  82.00  0.6400E+12    5.67   2.65  -1  -1     1.74   138  4   0.0  0   0.0  0
      25.9        23.9         0.1         2.3
-124.78139    40.22284     3.325  189.00  82.00  0.6400E+12   10.58   2.65  -1  -1    -2.34    44  4   0.0  0   0.0  0
       0.1         0.4         7.8         8.4
-124.79988    40.13391     3.325  189.00  82.00  0.6400E+12    9.32   2.65  -1  -1   -40.00     0  4   0.0  0   0.0  0
       0.0         0.0         0.0         0.0
-124.81837    40.04498     3.325  189.00  82.00  0.6400E+12   12.00   2.65  -1  -1   -40.00     0  4   0.0  0   0.0  0
       0.0         0.0         0.0         0.0
-124.83688    39.95606     3.325  189.00  82.00  0.6400E+12   14.75   2.65  -1  -1   -40.00     0  4   0.0  0   0.0  0
       0.0         0.0         0.0         0.0
