2.0
#
# http://equake-rc.info/static/paper/SRF-Description-Graves_2.0.pdf
# RECTANGULAR fault MODEL
#
# All subfaults are   7.0 km long along strike and
#  12.0 km wide along dip
#
# Model length along strike is   77.0 km
#
# Model width along dip is   60.0 km
#
# Corners of the rectangular dislocation model (lat, lon):
#     24.672   121.617 : corner 1
#     24.951   122.315 : corner 2
#     24.643   122.464 : corner 3
#     24.364   121.766 : corner 4
#
#
# Number of elementary sliprate
# isoceles triangular functions
# per subfault:   4
#
# Half duration of elementary sliprate
# isoceles triangular functions (s):   2.11
# Triangles are overlapping each other by half
#
# slip rate unit: cm/s
#
#
# Seismic moment is converted into slip
# using a single constant value for the
# shear modulus mu of  0.250E+12 dyne/cm2
# assumed to be constant and characteristic
# of the fault shear zone
#
#
#
# "rake" (degrees) is the slip angle (Aki"s convention,
# e.g. rake=+45 means left-lateral-reverse movement.
#
#
# ************************************************
# Total seismic moment M0=  0.674E+26 dyne.cm
# ************************************************
#
#
PLANE 1
 121.96600    24.81150   11    5    77.000    60.000
 66.23  51.46    79.234     0.000    30.000
POINTS   55
 122.04060    24.65740   102.700   66.23  51.46  0.8400E+12    0.00   2.11  -1  -1   126.40   114  4   0.0  0   0.0  0
      53.8         0.1         0.1         0.1
 121.84661    24.43276   121.473   66.23  51.46  0.8400E+12   10.65   2.11  -1  -1  -166.84     7  4   0.0  0   0.0  0
       0.1         0.1         0.1         2.9
 121.91003    24.45814   121.473   66.23  51.46  0.8400E+12   10.24   2.11  -1  -1  -168.25     1  4   0.0  0   0.0  0
       0.1         0.1         0.1         0.1
 121.97344    24.48352   121.473   66.23  51.46  0.8400E+12   10.39   2.11  -1  -1   172.38     1  4   0.0  0   0.0  0
       0.1         0.1         0.1         0.1
 122.03685    24.50891   121.473   66.23  51.46  0.8400E+12    8.21   2.11  -1  -1   175.23     1  4   0.0  0   0.0  0
       0.1         0.1         0.1         0.1
 122.10027    24.53429   121.473   66.23  51.46  0.8400E+12    8.28   2.11  -1  -1  -169.82     1  4   0.0  0   0.0  0
       0.1         0.1         0.1         0.1
 122.16368    24.55968   121.473   66.23  51.46  0.8400E+12    8.54   2.11  -1  -1  -168.39     1  4   0.0  0   0.0  0
       0.1         0.1         0.1         0.1
 122.22710    24.58506   121.473   66.23  51.46  0.8400E+12    8.72   2.11  -1  -1  -171.91     1  4   0.0  0   0.0  0
       0.1         0.1         0.1         0.1
 122.29050    24.61044   121.473   66.23  51.46  0.8400E+12    9.11   2.11  -1  -1   103.67     0  4   0.0  0   0.0  0
       0.0         0.0         0.0         0.0
 122.35392    24.63583   121.473   66.23  51.46  0.8400E+12   10.54   2.11  -1  -1   103.67     0  4   0.0  0   0.0  0
       0.0         0.0         0.0         0.0
 122.41734    24.66121   121.473   66.23  51.46  0.8400E+12   10.67   2.11  -1  -1   103.67     0  4   0.0  0   0.0  0
       0.0         0.0         0.0         0.0
 121.75336    24.46893   112.086   66.23  51.46  0.8400E+12   10.57   2.11  -1  -1   103.67     0  4   0.0  0   0.0  0
       0.0         0.0         0.0         0.0
 121.81678    24.49431   112.086   66.23  51.46  0.8400E+12    9.27   2.11  -1  -1   168.10     1  4   0.0  0   0.0  0
       0.1         0.1         0.1         0.1
 121.88020    24.51970   112.086   66.23  51.46  0.8400E+12    9.23   2.11  -1  -1   155.05     1  4   0.0  0   0.0  0
       0.1         0.1         0.1         0.1
 121.94361    24.54508   112.086   66.23  51.46  0.8400E+12    5.98   2.11  -1  -1   121.90     1  4   0.0  0   0.0  0
       0.1         0.1         0.1         0.1
 122.00702    24.57046   112.086   66.23  51.46  0.8400E+12    4.96   2.11  -1  -1   120.89     1  4   0.0  0   0.0  0
       0.1         0.1         0.1         0.1
 122.07043    24.59585   112.086   66.23  51.46  0.8400E+12    7.08   2.11  -1  -1   142.96     1  4   0.0  0   0.0  0
       0.1         0.1         0.1         0.1
 122.13385    24.62123   112.086   66.23  51.46  0.8400E+12    5.04   2.11  -1  -1   158.35     1  4   0.0  0   0.0  0
       0.1         0.1         0.1         0.1
 122.19727    24.64661   112.086   66.23  51.46  0.8400E+12    5.72   2.11  -1  -1  -169.18     1  4   0.0  0   0.0  0
       0.1         0.1         0.1         0.1
 122.26067    24.67200   112.086   66.23  51.46  0.8400E+12    6.91   2.11  -1  -1   103.67     0  4   0.0  0   0.0  0
       0.0         0.0         0.0         0.0
 122.32409    24.69738   112.086   66.23  51.46  0.8400E+12    8.70   2.11  -1  -1   103.67     0  4   0.0  0   0.0  0
       0.0         0.0         0.0         0.0
 122.38750    24.72276   112.086   66.23  51.46  0.8400E+12   10.57   2.11  -1  -1   103.67     0  4   0.0  0   0.0  0
       0.0         0.0         0.0         0.0
 121.72353    24.53048   102.700   66.23  51.46  0.8400E+12   10.00   2.11  -1  -1   103.67     0  4   0.0  0   0.0  0
       0.0         0.0         0.0         0.0
 121.78695    24.55586   102.700   66.23  51.46  0.8400E+12    8.07   2.11  -1  -1   104.81     3  4   0.0  0   0.0  0
       1.4         0.1         0.1         0.1
 121.85036    24.58125   102.700   66.23  51.46  0.8400E+12    8.10   2.11  -1  -1   113.92     4  4   0.0  0   0.0  0
       1.5         0.1         0.1         0.1
 121.91377    24.60663   102.700   66.23  51.46  0.8400E+12    7.07   2.11  -1  -1   104.56     2  4   0.0  0   0.0  0
       0.9         0.1         0.1         0.1
 121.97719    24.63202   102.700   66.23  51.46  0.8400E+12    3.94   2.11  -1  -1   118.16     2  4   0.0  0   0.0  0
       0.1         0.5         0.1         0.1
 121.78320    24.40737   121.473   66.23  51.46  0.8400E+12   10.67   2.11  -1  -1   103.67     0  4   0.0  0   0.0  0
       0.0         0.0         0.0         0.0
 122.10402    24.68278   102.700   66.23  51.46  0.8400E+12    3.05   2.11  -1  -1   149.86     9  4   0.0  0   0.0  0
       4.3         0.1         0.1         0.1
 122.16743    24.70817   102.700   66.23  51.46  0.8400E+12    4.03   2.11  -1  -1   173.65     1  4   0.0  0   0.0  0
       0.1         0.1         0.1         0.1
 122.23084    24.73355   102.700   66.23  51.46  0.8400E+12    6.00   2.11  -1  -1   103.67     0  4   0.0  0   0.0  0
       0.0         0.0         0.0         0.0
 122.29426    24.75894   102.700   66.23  51.46  0.8400E+12    8.00   2.11  -1  -1   103.67     0  4   0.0  0   0.0  0
       0.0         0.0         0.0         0.0
 122.35767    24.78432   102.700   66.23  51.46  0.8400E+12   10.00   2.11  -1  -1   103.67     0  4   0.0  0   0.0  0
       0.0         0.0         0.0         0.0
 121.69370    24.59204    93.314   66.23  51.46  0.8400E+12   10.57   2.11  -1  -1   103.67     0  4   0.0  0   0.0  0
       0.0         0.0         0.0         0.0
 121.75712    24.61742    93.314   66.23  51.46  0.8400E+12   10.14   2.11  -1  -1   105.05    13  4   0.0  0   0.0  0
       4.3         1.6         0.1         0.1
 121.82053    24.64280    93.314   66.23  51.46  0.8400E+12    8.08   2.11  -1  -1   103.76    23  4   0.0  0   0.0  0
       5.2         5.4         0.1         0.1
 121.88394    24.66819    93.314   66.23  51.46  0.8400E+12    8.00   2.11  -1  -1   104.22     7  4   0.0  0   0.0  0
       1.6         1.4         0.1         0.1
 121.94736    24.69357    93.314   66.23  51.46  0.8400E+12    7.13   2.11  -1  -1   106.63     8  4   0.0  0   0.0  0
       3.8         0.1         0.1         0.1
 122.01077    24.71895    93.314   66.23  51.46  0.8400E+12    3.83   2.11  -1  -1   104.61    90  4   0.0  0   0.0  0
      42.6         0.1         0.1         0.1
 122.07419    24.74434    93.314   66.23  51.46  0.8400E+12    4.00   2.11  -1  -1   156.76     8  4   0.0  0   0.0  0
       3.5         0.1         0.1         0.1
 122.13760    24.76972    93.314   66.23  51.46  0.8400E+12    5.94   2.11  -1  -1   175.47     1  4   0.0  0   0.0  0
       0.1         0.1         0.1         0.1
 122.20101    24.79510    93.314   66.23  51.46  0.8400E+12    6.91   2.11  -1  -1   103.67     0  4   0.0  0   0.0  0
       0.0         0.0         0.0         0.0
 122.26443    24.82049    93.314   66.23  51.46  0.8400E+12    8.70   2.11  -1  -1   103.67     0  4   0.0  0   0.0  0
       0.0         0.0         0.0         0.0
 122.32784    24.84587    93.314   66.23  51.46  0.8400E+12   10.57   2.11  -1  -1   103.67     0  4   0.0  0   0.0  0
       0.0         0.0         0.0         0.0
 121.66387    24.65359    83.927   66.23  51.46  0.8400E+12   10.67   2.11  -1  -1   103.67     0  4   0.0  0   0.0  0
       0.0         0.0         0.0         0.0
 121.72729    24.67897    83.927   66.23  51.46  0.8400E+12   10.55   2.11  -1  -1   103.85     7  4   0.0  0   0.0  0
       0.1         0.1         2.1         1.0
 121.79070    24.70436    83.927   66.23  51.46  0.8400E+12   10.14   2.11  -1  -1   104.15     9  4   0.0  0   0.0  0
       0.5         3.4         0.1         0.1
 121.85411    24.72974    83.927   66.23  51.46  0.8400E+12    9.05   2.11  -1  -1   105.38     1  4   0.0  0   0.0  0
       0.1         0.1         0.1         0.1
 121.91753    24.75513    83.927   66.23  51.46  0.8400E+12    9.01   2.11  -1  -1   105.98     1  4   0.0  0   0.0  0
       0.1         0.1         0.1         0.1
 121.98094    24.78051    83.927   66.23  51.46  0.8400E+12    6.87   2.11  -1  -1   122.34     1  4   0.0  0   0.0  0
       0.1         0.1         0.1         0.1
 122.04436    24.80589    83.927   66.23  51.46  0.8400E+12    7.21   2.11  -1  -1   172.78     2  4   0.0  0   0.0  0
       0.5         0.1         0.1         0.1
 122.10777    24.83128    83.927   66.23  51.46  0.8400E+12    7.99   2.11  -1  -1   176.55     1  4   0.0  0   0.0  0
       0.1         0.1         0.1         0.1
 122.17118    24.85666    83.927   66.23  51.46  0.8400E+12    9.11   2.11  -1  -1   103.67     0  4   0.0  0   0.0  0
       0.0         0.0         0.0         0.0
 122.23460    24.88204    83.927   66.23  51.46  0.8400E+12   10.54   2.11  -1  -1   103.67     0  4   0.0  0   0.0  0
       0.0         0.0         0.0         0.0
 122.29801    24.90743    83.927   66.23  51.46  0.8400E+12   10.67   2.11  -1  -1   103.67     0  4   0.0  0   0.0  0
       0.0         0.0         0.0         0.0
