2.0
#
# http://equake-rc.info/static/paper/SRF-Description-Graves_2.0.pdf
# RECTANGULAR fault MODEL
#
# All subfaults are  10.0 km long along strike and
#   3.3 km wide along dip
#
# Model length along strike is  130.0 km
#
# Model width along dip is   16.5 km
#
# Corners of the rectangular dislocation model (lat, lon):
#     35.312  -117.150 : corner 1
#     36.222  -118.057 : corner 2
#     36.232  -118.042 : corner 3
#     35.322  -117.135 : corner 4
#
#
# Number of elementary sliprate
# isoceles triangular functions
# per subfault:   4
#
# Half duration of elementary sliprate
# isoceles triangular functions (s):   3.09
# Triangles are overlapping each other by half
#
# slip rate unit: cm/s
#
#
# Seismic moment is converted into slip
# using a single constant value for the
# shear modulus mu of  0.250E+12 dyne/cm2
# assumed to be constant and characteristic
# of the fault shear zone
#
#
#
# "rake" (degrees) is the slip angle (Aki"s convention,
# e.g. rake=+45 means left-lateral-reverse movement.
#
#
# ************************************************
# Total seismic moment M0=  0.465E+27 dyne.cm
# ************************************************
#
#
PLANE 1
-117.60350    35.76700   13    5   130.000    16.500
321.00  84.00     0.077     0.000     4.950
POINTS   65
-117.59900    35.77000     5.000  321.00  84.00  0.3300E+12   0.00   3.09  -1  -1   173.69   313  4   0.0  0   0.0  0
      71.4        22.9         6.6         0.2
-117.24099    35.42609    14.846  321.00  84.00  0.3300E+12  14.56   3.09  -1  -1   144.00     0  4   0.0  0   0.0  0
       0.0         0.0         0.0         0.0
-117.31081    35.49604    14.846  321.00  84.00  0.3300E+12  11.77   3.09  -1  -1   144.00     0  4   0.0  0   0.0  0
       0.0         0.0         0.0         0.0
-117.38062    35.56600    14.846  321.00  84.00  0.3300E+12  17.38   3.09  -1  -1  -126.46    86  4   0.0  0   0.0  0
       1.6         1.2         4.6        20.4
-117.45044    35.63595    14.846  321.00  84.00  0.3300E+12  12.53   3.09  -1  -1  -135.20   158  4   0.0  0   0.0  0
      20.4        24.4         5.1         1.2
-117.52026    35.70591    14.846  321.00  84.00  0.3300E+12   7.26   3.09  -1  -1  -126.56   261  4   0.0  0   0.0  0
      31.5        27.9        19.5         5.3
-117.59008    35.77586    14.846  321.00  84.00  0.3300E+12   3.17   3.09  -1  -1  -147.40   249  4   0.0  0   0.0  0
      79.9         0.2         0.2         0.3
-117.65990    35.84582    14.846  321.00  84.00  0.3300E+12   5.91   3.09  -1  -1  -155.33    33  4   0.0  0   0.0  0
       7.4         2.7         0.3         0.2
-117.72971    35.91577    14.846  321.00  84.00  0.3300E+12  10.41   3.09  -1  -1  -143.18    10  4   0.0  0   0.0  0
       1.3         1.4         0.4         0.2
-117.79953    35.98573    14.846  321.00  84.00  0.3300E+12   9.03   3.09  -1  -1   144.00     0  4   0.0  0   0.0  0
       0.0         0.0         0.0         0.0
-117.86935    36.05568    14.846  321.00  84.00  0.3300E+12  11.77   3.09  -1  -1   144.00     0  4   0.0  0   0.0  0
       0.0         0.0         0.0         0.0
-117.93916    36.12564    14.846  321.00  84.00  0.3300E+12  14.56   3.09  -1  -1   144.00     0  4   0.0  0   0.0  0
       0.0         0.0         0.0         0.0
-118.00899    36.19559    14.846  321.00  84.00  0.3300E+12  17.38   3.09  -1  -1   144.00     0  4   0.0  0   0.0  0
       0.0         0.0         0.0         0.0
-117.17414    35.35418    11.564  321.00  84.00  0.3300E+12  17.25   3.09  -1  -1   144.00     0  4   0.0  0   0.0  0
       0.0         0.0         0.0         0.0
-117.24396    35.42413    11.564  321.00  84.00  0.3300E+12  14.41   3.09  -1  -1   144.00     0  4   0.0  0   0.0  0
       0.0         0.0         0.0         0.0
-117.31378    35.49409    11.564  321.00  84.00  0.3300E+12  11.58   3.09  -1  -1   144.00     0  4   0.0  0   0.0  0
       0.0         0.0         0.0         0.0
-117.38360    35.56404    11.564  321.00  84.00  0.3300E+12  12.54   3.09  -1  -1  -146.84    78  4   0.0  0   0.0  0
       3.0        11.3         4.5         6.4
-117.45341    35.63400    11.564  321.00  84.00  0.3300E+12   9.40   3.09  -1  -1  -160.67   171  4   0.0  0   0.0  0
      20.1        19.2        15.8         0.2
-117.52323    35.70395    11.564  321.00  84.00  0.3300E+12   3.51   3.09  -1  -1  -137.19   219  4   0.0  0   0.0  0
      39.9        11.2        16.5         3.2
-117.59305    35.77391    11.564  321.00  84.00  0.3300E+12   2.30   3.09  -1  -1   177.63   251  4   0.0  0   0.0  0
      80.8         0.1         0.2         0.1
-117.66287    35.84386    11.564  321.00  84.00  0.3300E+12   5.92   3.09  -1  -1  -149.92   103  4   0.0  0   0.0  0
      24.5         7.4         1.1         0.2
-117.73269    35.91382    11.564  321.00  84.00  0.3300E+12   6.94   3.09  -1  -1  -133.24    59  4   0.0  0   0.0  0
      16.0         1.4         1.2         0.4
-117.80251    35.98377    11.564  321.00  84.00  0.3300E+12   8.78   3.09  -1  -1   144.00     0  4   0.0  0   0.0  0
       0.0         0.0         0.0         0.0
-117.87232    36.05373    11.564  321.00  84.00  0.3300E+12  11.58   3.09  -1  -1   144.00     0  4   0.0  0   0.0  0
       0.0         0.0         0.0         0.0
-117.94214    36.12368    11.564  321.00  84.00  0.3300E+12  14.41   3.09  -1  -1   144.00     0  4   0.0  0   0.0  0
       0.0         0.0         0.0         0.0
-118.01196    36.19364    11.564  321.00  84.00  0.3300E+12  17.25   3.09  -1  -1   144.00     0  4   0.0  0   0.0  0
       0.0         0.0         0.0         0.0
-117.17712    35.35223     8.282  321.00  84.00  0.3300E+12  17.17   3.09  -1  -1   144.00     0  4   0.0  0   0.0  0
       0.0         0.0         0.0         0.0
-117.24693    35.42218     8.282  321.00  84.00  0.3300E+12  14.32   3.09  -1  -1   144.00     0  4   0.0  0   0.0  0
       0.0         0.0         0.0         0.0
-117.31675    35.49213     8.282  321.00  84.00  0.3300E+12  11.47   3.09  -1  -1   144.00     0  4   0.0  0   0.0  0
       0.0         0.0         0.0         0.0
-117.38657    35.56209     8.282  321.00  84.00  0.3300E+12  13.64   3.09  -1  -1  -149.72    83  4   0.0  0   0.0  0
       6.1         7.4         6.6         6.6
-117.45639    35.63205     8.282  321.00  84.00  0.3300E+12   8.69   3.09  -1  -1   172.83   194  4   0.0  0   0.0  0
      34.2        12.3        15.7         0.5
-117.52621    35.70200     8.282  321.00  84.00  0.3300E+12   4.28   3.09  -1  -1   177.25   255  4   0.0  0   0.0  0
      60.6        16.3         0.5         4.9
-117.59602    35.77195     8.282  321.00  84.00  0.3300E+12   1.01   3.09  -1  -1   172.76   286  4   0.0  0   0.0  0
      76.5        15.5         0.3         0.1
-117.66584    35.84191     8.282  321.00  84.00  0.3300E+12   4.94   3.09  -1  -1   175.51   171  4   0.0  0   0.0  0
      52.9         1.5         0.7         0.2
-117.73566    35.91187     8.282  321.00  84.00  0.3300E+12  11.60   3.09  -1  -1  -126.28   114  4   0.0  0   0.0  0
      25.9         2.4         5.6         2.9
-117.80548    35.98182     8.282  321.00  84.00  0.3300E+12   8.62   3.09  -1  -1   144.00     0  4   0.0  0   0.0  0
       0.0         0.0         0.0         0.0
-117.87530    36.05177     8.282  321.00  84.00  0.3300E+12  11.47   3.09  -1  -1   144.00     0  4   0.0  0   0.0  0
       0.0         0.0         0.0         0.0
-117.94511    36.12173     8.282  321.00  84.00  0.3300E+12  14.32   3.09  -1  -1   144.00     0  4   0.0  0   0.0  0
       0.0         0.0         0.0         0.0
-118.01493    36.19168     8.282  321.00  84.00  0.3300E+12  17.17   3.09  -1  -1   144.00     0  4   0.0  0   0.0  0
       0.0         0.0         0.0         0.0
-117.18009    35.35027     5.000  321.00  84.00  0.3300E+12  17.14   3.09  -1  -1   144.00     0  4   0.0  0   0.0  0
       0.0         0.0         0.0         0.0
-117.24991    35.42023     5.000  321.00  84.00  0.3300E+12  14.29   3.09  -1  -1   144.00     0  4   0.0  0   0.0  0
       0.0         0.0         0.0         0.0
-117.31973    35.49018     5.000  321.00  84.00  0.3300E+12  11.43   3.09  -1  -1   144.00     0  4   0.0  0   0.0  0
       0.0         0.0         0.0         0.0
-117.38954    35.56013     5.000  321.00  84.00  0.3300E+12  13.93   3.09  -1  -1  -151.90    94  4   0.0  0   0.0  0
      10.2         8.0         6.8         5.4
-117.45937    35.63009     5.000  321.00  84.00  0.3300E+12  14.91   3.09  -1  -1  -163.99   161  4   0.0  0   0.0  0
      29.1        15.1         5.7         2.1
-117.52918    35.70005     5.000  321.00  84.00  0.3300E+12   4.63   3.09  -1  -1   176.67   262  4   0.0  0   0.0  0
      58.9        21.5         2.2         2.1
-117.17117    35.35613    14.846  321.00  84.00  0.3300E+12  17.38   3.09  -1  -1   144.00     0  4   0.0  0   0.0  0
       0.0         0.0         0.0         0.0
-117.66882    35.83995     5.000  321.00  84.00  0.3300E+12   2.93   3.09  -1  -1   174.48   249  4   0.0  0   0.0  0
      70.4         0.8         2.2         7.1
-117.73863    35.90991     5.000  321.00  84.00  0.3300E+12   8.67   3.09  -1  -1  -126.05   197  4   0.0  0   0.0  0
      12.4         7.6        38.2         5.4
-117.80846    35.97987     5.000  321.00  84.00  0.3300E+12   8.57   3.09  -1  -1   144.00     0  4   0.0  0   0.0  0
       0.0         0.0         0.0         0.0
-117.87827    36.04982     5.000  321.00  84.00  0.3300E+12  11.43   3.09  -1  -1   144.00     0  4   0.0  0   0.0  0
       0.0         0.0         0.0         0.0
-117.94809    36.11977     5.000  321.00  84.00  0.3300E+12  14.29   3.09  -1  -1   144.00     0  4   0.0  0   0.0  0
       0.0         0.0         0.0         0.0
-118.01791    36.18973     5.000  321.00  84.00  0.3300E+12  17.14   3.09  -1  -1   144.00     0  4   0.0  0   0.0  0
       0.0         0.0         0.0         0.0
-117.18307    35.34832     1.718  321.00  84.00  0.3300E+12  17.17   3.09  -1  -1   144.00     0  4   0.0  0   0.0  0
       0.0         0.0         0.0         0.0
-117.25288    35.41827     1.718  321.00  84.00  0.3300E+12  14.32   3.09  -1  -1   144.00     0  4   0.0  0   0.0  0
       0.0         0.0         0.0         0.0
-117.32270    35.48823     1.718  321.00  84.00  0.3300E+12  11.47   3.09  -1  -1   144.00     0  4   0.0  0   0.0  0
       0.0         0.0         0.0         0.0
-117.39252    35.55818     1.718  321.00  84.00  0.3300E+12  11.40   3.09  -1  -1  -148.12   107  4   0.0  0   0.0  0
       9.2        11.3        13.7         0.5
-117.46233    35.62814     1.718  321.00  84.00  0.3300E+12   7.26   3.09  -1  -1   171.28   162  4   0.0  0   0.0  0
      34.2        13.3         1.0         4.1
-117.53216    35.69809     1.718  321.00  84.00  0.3300E+12   4.72   3.09  -1  -1   152.53   322  4   0.0  0   0.0  0
      32.2        44.0        26.7         1.3
-117.60197    35.76805     1.718  321.00  84.00  0.3300E+12   1.21   3.09  -1  -1   164.99   412  4   0.0  0   0.0  0
      49.4        39.2        44.0         0.6
-117.67179    35.83800     1.718  321.00  84.00  0.3300E+12   4.72   3.09  -1  -1   170.02   385  4   0.0  0   0.0  0
      40.4        47.5        33.0         3.8
-117.74161    35.90796     1.718  321.00  84.00  0.3300E+12   9.80   3.09  -1  -1  -129.22   195  4   0.0  0   0.0  0
      24.4         7.6        20.9        10.1
-117.81142    35.97791     1.718  321.00  84.00  0.3300E+12   8.62   3.09  -1  -1   144.00     0  4   0.0  0   0.0  0
       0.0         0.0         0.0         0.0
-117.88125    36.04787     1.718  321.00  84.00  0.3300E+12  11.47   3.09  -1  -1   144.00     0  4   0.0  0   0.0  0
       0.0         0.0         0.0         0.0
-117.95107    36.11782     1.718  321.00  84.00  0.3300E+12  14.32   3.09  -1  -1   144.00     0  4   0.0  0   0.0  0
       0.0         0.0         0.0         0.0
-118.02088    36.18777     1.718  321.00  84.00  0.3300E+12  17.17   3.09  -1  -1   144.00     0  4   0.0  0   0.0  0
       0.0         0.0         0.0         0.0
