2.0
#
# http://equake-rc.info/static/paper/SRF-Description-Graves_2.0.pdf
# RECTANGULAR fault MODEL
#
# All subfaults are  10.0 km long along strike and
#   3.3 km wide along dip
#
# Model length along strike is  130.0 km
#
# Model width along dip is   16.5 km
#
# Corners of the rectangular dislocation model (lat, lon):
#     36.140  -117.041 : corner 1
#     35.389  -118.146 : corner 2
#     35.407  -118.165 : corner 3
#     36.158  -117.059 : corner 4
#
#
# Number of elementary sliprate
# isoceles triangular functions
# per subfault:   4
#
# Half duration of elementary sliprate
# isoceles triangular functions (s):   3.09
# Triangles are overlapping each other by half
#
# slip rate unit: cm/s
#
#
# Seismic moment is converted into slip
# using a single constant value for the
# shear modulus mu of  0.250E+12 dyne/cm2
# assumed to be constant and characteristic
# of the fault shear zone
#
#
#
# "rake" (degrees) is the slip angle (Aki"s convention,
# e.g. rake=+45 means left-lateral-reverse movement.
#
#
# ************************************************
# Total seismic moment M0=  0.375E+27 dyne.cm
# ************************************************
#
#
PLANE 1
-117.59351    35.76450   13    5   130.000    16.500
230.05  81.05     0.110     0.000     4.950
POINTS   65
-117.59900    35.77000     5.000  230.05  81.05  0.3300E+12   0.00   3.09  -1  -1    -6.44   413  4   0.0  0   0.0  0
      80.3        35.9        17.1         0.2
-117.18472    36.06962    14.779  230.05  81.05  0.3300E+12  14.56   3.09  -1  -1   -51.07     0  4   0.0  0   0.0  0
       0.0         0.0         0.0         0.0
-117.26977    36.01182    14.779  230.05  81.05  0.3300E+12  11.77   3.09  -1  -1   -51.07     0  4   0.0  0   0.0  0
       0.0         0.0         0.0         0.0
-117.35482    35.95403    14.779  230.05  81.05  0.3300E+12  15.73   3.09  -1  -1     3.36    50  4   0.0  0   0.0  0
       2.9         6.3         5.3         1.9
-117.43987    35.89622    14.779  230.05  81.05  0.3300E+12   9.86   3.09  -1  -1   -11.64    31  4   0.0  0   0.0  0
       5.8         3.6         0.3         0.1
-117.52492    35.83843    14.779  230.05  81.05  0.3300E+12   6.45   3.09  -1  -1    -1.95    43  4   0.0  0   0.0  0
       3.0         0.7         3.0         7.1
-117.60997    35.78063    14.779  230.05  81.05  0.3300E+12   3.94   3.09  -1  -1    -4.73   255  4   0.0  0   0.0  0
      81.2         0.7         0.5         0.1
-117.69502    35.72283    14.779  230.05  81.05  0.3300E+12  12.89   3.09  -1  -1   -48.14    62  4   0.0  0   0.0  0
       4.5         6.0         0.3         9.3
-117.78008    35.66503    14.779  230.05  81.05  0.3300E+12  15.79   3.09  -1  -1   -50.55    84  4   0.0  0   0.0  0
       5.7         0.1         4.5        16.9
-117.86512    35.60723    14.779  230.05  81.05  0.3300E+12   9.03   3.09  -1  -1   -51.07     0  4   0.0  0   0.0  0
       0.0         0.0         0.0         0.0
-117.95017    35.54943    14.779  230.05  81.05  0.3300E+12  11.77   3.09  -1  -1   -51.07     0  4   0.0  0   0.0  0
       0.0         0.0         0.0         0.0
-118.03522    35.49164    14.779  230.05  81.05  0.3300E+12  14.56   3.09  -1  -1   -51.07     0  4   0.0  0   0.0  0
       0.0         0.0         0.0         0.0
-118.12028    35.43384    14.779  230.05  81.05  0.3300E+12  17.38   3.09  -1  -1   -51.07     0  4   0.0  0   0.0  0
       0.0         0.0         0.0         0.0
-117.09601    36.12388    11.520  230.05  81.05  0.3300E+12  17.25   3.09  -1  -1   -51.07     0  4   0.0  0   0.0  0
       0.0         0.0         0.0         0.0
-117.18106    36.06608    11.520  230.05  81.05  0.3300E+12  14.41   3.09  -1  -1   -51.07     0  4   0.0  0   0.0  0
       0.0         0.0         0.0         0.0
-117.26611    36.00828    11.520  230.05  81.05  0.3300E+12  11.58   3.09  -1  -1   -51.07     0  4   0.0  0   0.0  0
       0.0         0.0         0.0         0.0
-117.35116    35.95048    11.520  230.05  81.05  0.3300E+12  13.63   3.09  -1  -1    18.28    42  4   0.0  0   0.0  0
       5.0         4.6         3.0         1.2
-117.43621    35.89268    11.520  230.05  81.05  0.3300E+12  10.55   3.09  -1  -1   -17.80    56  4   0.0  0   0.0  0
       6.1        10.5         1.5         0.2
-117.52126    35.83488    11.520  230.05  81.05  0.3300E+12   3.42   3.09  -1  -1    30.44   176  4   0.0  0   0.0  0
      55.8         0.5         0.5         0.1
-117.60632    35.77708    11.520  230.05  81.05  0.3300E+12   1.97   3.09  -1  -1    -9.59   255  4   0.0  0   0.0  0
      81.1         1.1         0.2         0.2
-117.69136    35.71929    11.520  230.05  81.05  0.3300E+12   8.91   3.09  -1  -1   -11.42   101  4   0.0  0   0.0  0
      29.0         1.4         0.6         1.6
-117.77641    35.66149    11.520  230.05  81.05  0.3300E+12  13.40   3.09  -1  -1   -41.10    18  4   0.0  0   0.0  0
       0.8         0.1         0.3         4.6
-117.86147    35.60369    11.520  230.05  81.05  0.3300E+12   8.78   3.09  -1  -1   -51.07     0  4   0.0  0   0.0  0
       0.0         0.0         0.0         0.0
-117.94652    35.54589    11.520  230.05  81.05  0.3300E+12  11.58   3.09  -1  -1   -51.07     0  4   0.0  0   0.0  0
       0.0         0.0         0.0         0.0
-118.03156    35.48809    11.520  230.05  81.05  0.3300E+12  14.41   3.09  -1  -1   -51.07     0  4   0.0  0   0.0  0
       0.0         0.0         0.0         0.0
-118.11662    35.43029    11.520  230.05  81.05  0.3300E+12  17.25   3.09  -1  -1   -51.07     0  4   0.0  0   0.0  0
       0.0         0.0         0.0         0.0
-117.09235    36.12033     8.260  230.05  81.05  0.3300E+12  17.17   3.09  -1  -1   -51.07     0  4   0.0  0   0.0  0
       0.0         0.0         0.0         0.0
-117.17741    36.06253     8.260  230.05  81.05  0.3300E+12  14.32   3.09  -1  -1   -51.07     0  4   0.0  0   0.0  0
       0.0         0.0         0.0         0.0
-117.26245    36.00474     8.260  230.05  81.05  0.3300E+12  11.47   3.09  -1  -1   -51.07     0  4   0.0  0   0.0  0
       0.0         0.0         0.0         0.0
-117.34750    35.94694     8.260  230.05  81.05  0.3300E+12  13.73   3.09  -1  -1    38.11    68  4   0.0  0   0.0  0
      10.4         2.5         5.0         4.1
-117.43256    35.88914     8.260  230.05  81.05  0.3300E+12   6.77   3.09  -1  -1   -22.67    80  4   0.0  0   0.0  0
       4.4        18.4         2.3         0.6
-117.51761    35.83134     8.260  230.05  81.05  0.3300E+12   3.38   3.09  -1  -1    -1.13   145  4   0.0  0   0.0  0
      42.2         2.1         2.0         0.6
-117.60265    35.77354     8.260  230.05  81.05  0.3300E+12   1.15   3.09  -1  -1    -6.23   393  4   0.0  0   0.0  0
      81.1        45.7         0.4         0.2
-117.68771    35.71574     8.260  230.05  81.05  0.3300E+12   3.84   3.09  -1  -1    22.85   164  4   0.0  0   0.0  0
      29.9        21.7         1.0         0.4
-117.77276    35.65795     8.260  230.05  81.05  0.3300E+12  12.89   3.09  -1  -1   -25.34     3  4   0.0  0   0.0  0
       0.6         0.2         0.1         0.2
-117.85781    35.60015     8.260  230.05  81.05  0.3300E+12   8.62   3.09  -1  -1   -51.07     0  4   0.0  0   0.0  0
       0.0         0.0         0.0         0.0
-117.94286    35.54235     8.260  230.05  81.05  0.3300E+12  11.47   3.09  -1  -1   -51.07     0  4   0.0  0   0.0  0
       0.0         0.0         0.0         0.0
-118.02791    35.48455     8.260  230.05  81.05  0.3300E+12  14.32   3.09  -1  -1   -51.07     0  4   0.0  0   0.0  0
       0.0         0.0         0.0         0.0
-118.11296    35.42675     8.260  230.05  81.05  0.3300E+12  17.17   3.09  -1  -1   -51.07     0  4   0.0  0   0.0  0
       0.0         0.0         0.0         0.0
-117.08869    36.11679     5.000  230.05  81.05  0.3300E+12  17.14   3.09  -1  -1   -51.07     0  4   0.0  0   0.0  0
       0.0         0.0         0.0         0.0
-117.17374    36.05899     5.000  230.05  81.05  0.3300E+12  14.29   3.09  -1  -1   -51.07     0  4   0.0  0   0.0  0
       0.0         0.0         0.0         0.0
-117.25880    36.00119     5.000  230.05  81.05  0.3300E+12  11.43   3.09  -1  -1   -51.07     0  4   0.0  0   0.0  0
       0.0         0.0         0.0         0.0
-117.34385    35.94340     5.000  230.05  81.05  0.3300E+12  10.63   3.09  -1  -1    38.64    47  4   0.0  0   0.0  0
       6.6         6.7         0.9         1.1
-117.42889    35.88560     5.000  230.05  81.05  0.3300E+12   6.80   3.09  -1  -1   -50.69   169  4   0.0  0   0.0  0
      37.3        17.2         0.2         0.1
-117.51395    35.82780     5.000  230.05  81.05  0.3300E+12   6.72   3.09  -1  -1    17.86   234  4   0.0  0   0.0  0
      30.5        39.7         5.2         0.4
-117.09967    36.12742    14.779  230.05  81.05  0.3300E+12  17.38   3.09  -1  -1   -51.07     0  4   0.0  0   0.0  0
       0.0         0.0         0.0         0.0
-117.68405    35.71220     5.000  230.05  81.05  0.3300E+12   6.43   3.09  -1  -1    12.98   228  4   0.0  0   0.0  0
      42.4        17.6         4.3         9.6
-117.76910    35.65440     5.000  230.05  81.05  0.3300E+12   8.73   3.09  -1  -1    35.70    35  4   0.0  0   0.0  0
       3.9         5.6         1.0         0.8
-117.85415    35.59660     5.000  230.05  81.05  0.3300E+12   8.57   3.09  -1  -1   -51.07     0  4   0.0  0   0.0  0
       0.0         0.0         0.0         0.0
-117.93920    35.53881     5.000  230.05  81.05  0.3300E+12  11.43   3.09  -1  -1   -51.07     0  4   0.0  0   0.0  0
       0.0         0.0         0.0         0.0
-118.02425    35.48101     5.000  230.05  81.05  0.3300E+12  14.29   3.09  -1  -1   -51.07     0  4   0.0  0   0.0  0
       0.0         0.0         0.0         0.0
-118.10931    35.42321     5.000  230.05  81.05  0.3300E+12  17.14   3.09  -1  -1   -51.07     0  4   0.0  0   0.0  0
       0.0         0.0         0.0         0.0
-117.08504    36.11325     1.740  230.05  81.05  0.3300E+12  17.17   3.09  -1  -1   -51.07     0  4   0.0  0   0.0  0
       0.0         0.0         0.0         0.0
-117.17009    36.05545     1.740  230.05  81.05  0.3300E+12  14.32   3.09  -1  -1   -51.07     0  4   0.0  0   0.0  0
       0.0         0.0         0.0         0.0
-117.25514    35.99765     1.740  230.05  81.05  0.3300E+12  11.47   3.09  -1  -1   -51.07     0  4   0.0  0   0.0  0
       0.0         0.0         0.0         0.0
-117.34019    35.93985     1.740  230.05  81.05  0.3300E+12   8.88   3.09  -1  -1    26.78    83  4   0.0  0   0.0  0
      26.2         0.2         0.2         0.3
-117.42524    35.88205     1.740  230.05  81.05  0.3300E+12   5.80   3.09  -1  -1   -44.01   156  4   0.0  0   0.0  0
      49.1         0.4         0.9         0.1
-117.51029    35.82426     1.740  230.05  81.05  0.3300E+12   5.95   3.09  -1  -1    20.80   243  4   0.0  0   0.0  0
      28.6        34.9        14.3         0.9
-117.59534    35.76646     1.740  230.05  81.05  0.3300E+12   1.21   3.09  -1  -1    -1.19   599  4   0.0  0   0.0  0
      71.4        68.4        53.8         0.1
-117.68039    35.70866     1.740  230.05  81.05  0.3300E+12   5.47   3.09  -1  -1   -28.89   282  4   0.0  0   0.0  0
       6.5        52.2        14.8        17.8
-117.76544    35.65086     1.740  230.05  81.05  0.3300E+12   7.73   3.09  -1  -1    31.25    25  4   0.0  0   0.0  0
       3.7         2.4         2.0         0.1
-117.85049    35.59306     1.740  230.05  81.05  0.3300E+12   8.62   3.09  -1  -1   -51.07     0  4   0.0  0   0.0  0
       0.0         0.0         0.0         0.0
-117.93555    35.53526     1.740  230.05  81.05  0.3300E+12  11.47   3.09  -1  -1   -51.07     0  4   0.0  0   0.0  0
       0.0         0.0         0.0         0.0
-118.02059    35.47747     1.740  230.05  81.05  0.3300E+12  14.32   3.09  -1  -1   -51.07     0  4   0.0  0   0.0  0
       0.0         0.0         0.0         0.0
-118.10564    35.41967     1.740  230.05  81.05  0.3300E+12  17.17   3.09  -1  -1   -51.07     0  4   0.0  0   0.0  0
       0.0         0.0         0.0         0.0
