2.0
#
# http://equake-rc.info/static/paper/SRF-Description-Graves_2.0.pdf
# RECTANGULAR fault MODEL
#
# All subfaults are   7.0 km long along strike and
#  12.0 km wide along dip
#
# Model length along strike is   77.0 km
#
# Model width along dip is   60.0 km
#
# Corners of the rectangular dislocation model (lat, lon):
#     38.673   141.753 : corner 1
#     39.290   142.159 : corner 2
#     39.215   142.348 : corner 3
#     38.598   141.942 : corner 4
#
#
# Number of elementary sliprate
# isoceles triangular functions
# per subfault:   4
#
# Half duration of elementary sliprate
# isoceles triangular functions (s):   2.11
# Triangles are overlapping each other by half
#
# slip rate unit: cm/s
#
#
# Seismic moment is converted into slip
# using a single constant value for the
# shear modulus mu of  0.250E+12 dyne/cm2
# assumed to be constant and characteristic
# of the fault shear zone
#
#
#
# "rake" (degrees) is the slip angle (Aki"s convention,
# e.g. rake=+45 means left-lateral-reverse movement.
#
#
# ************************************************
# Total seismic moment M0=  0.596E+26 dyne.cm
# ************************************************
#
#
PLANE 1
 141.95599    38.98150   11    5    77.000    60.000
 27.05  72.19     2.939     0.000    29.999
POINTS   55
 142.05040    38.94420    31.500   27.05  72.19  0.8400E+12    0.00   2.11  -1  -1    98.66    39  4   0.0  0   0.0  0
      14.3         2.4         0.1         1.4
 141.97868    38.68964    54.349   27.05  72.19  0.8400E+12   10.64   2.11  -1  -1    52.03     8  4   0.0  0   0.0  0
       3.4         0.1         0.1         0.1
 142.01553    38.74576    54.349   27.05  72.19  0.8400E+12   10.52   2.11  -1  -1    52.34     3  4   0.0  0   0.0  0
       0.3         0.2         0.8         0.1
 142.05238    38.80188    54.349   27.05  72.19  0.8400E+12   10.51   2.11  -1  -1    51.79    13  4   0.0  0   0.0  0
       0.1         2.0         2.6         1.3
 142.08923    38.85801    54.349   27.05  72.19  0.8400E+12   10.47   2.11  -1  -1    60.78     8  4   0.0  0   0.0  0
       0.1         0.7         0.4         2.8
 142.12610    38.91413    54.349   27.05  72.19  0.8400E+12    6.87   2.11  -1  -1    94.76     6  4   0.0  0   0.0  0
       1.7         0.1         0.1         0.8
 142.16295    38.97026    54.349   27.05  72.19  0.8400E+12   10.25   2.11  -1  -1   138.99    11  4   0.0  0   0.0  0
       0.1         0.7         1.3         2.9
 142.19980    39.02638    54.349   27.05  72.19  0.8400E+12   10.18   2.11  -1  -1   141.63    10  4   0.0  0   0.0  0
       0.2         1.9         1.5         1.1
 142.23665    39.08251    54.349   27.05  72.19  0.8400E+12   10.32   2.11  -1  -1   140.64     3  4   0.0  0   0.0  0
       0.1         0.8         0.2         0.5
 142.27350    39.13863    54.349   27.05  72.19  0.8400E+12   10.56   2.11  -1  -1   141.41     4  4   0.0  0   0.0  0
       1.4         0.1         0.1         0.1
 142.31036    39.19476    54.349   27.05  72.19  0.8400E+12   10.67   2.11  -1  -1    51.72     0  4   0.0  0   0.0  0
       0.0         0.0         0.0         0.0
 141.90398    38.64854    42.925   27.05  72.19  0.8400E+12   10.62   2.11  -1  -1    52.69     1  4   0.0  0   0.0  0
       0.1         0.1         0.1         0.1
 141.94083    38.70467    42.925   27.05  72.19  0.8400E+12    8.91   2.11  -1  -1    76.90    12  4   0.0  0   0.0  0
       5.5         0.1         0.1         0.1
 141.97769    38.76079    42.925   27.05  72.19  0.8400E+12    7.14   2.11  -1  -1    83.73    13  4   0.0  0   0.0  0
       5.7         0.1         0.1         0.1
 142.01454    38.81692    42.925   27.05  72.19  0.8400E+12    8.19   2.11  -1  -1    59.17     5  4   0.0  0   0.0  0
       0.1         0.6         0.3         1.3
 142.05139    38.87304    42.925   27.05  72.19  0.8400E+12   10.06   2.11  -1  -1    60.95     8  4   0.0  0   0.0  0
       1.3         1.7         0.3         0.7
 142.08824    38.92916    42.925   27.05  72.19  0.8400E+12   10.39   2.11  -1  -1   117.21    12  4   0.0  0   0.0  0
       0.1         0.9         0.2         4.4
 142.12511    38.98529    42.925   27.05  72.19  0.8400E+12    9.93   2.11  -1  -1   106.74    10  4   0.0  0   0.0  0
       1.0         1.2         0.9         1.8
 142.16196    39.04142    42.925   27.05  72.19  0.8400E+12    6.87   2.11  -1  -1   123.87     7  4   0.0  0   0.0  0
       1.5         0.9         0.3         0.8
 142.19881    39.09754    42.925   27.05  72.19  0.8400E+12    8.68   2.11  -1  -1   116.38     7  4   0.0  0   0.0  0
       1.7         0.1         0.1         1.2
 142.23566    39.15366    42.925   27.05  72.19  0.8400E+12    8.82   2.11  -1  -1   130.18     5  4   0.0  0   0.0  0
       2.1         0.2         0.1         0.1
 142.27251    39.20979    42.925   27.05  72.19  0.8400E+12   10.57   2.11  -1  -1    51.72     0  4   0.0  0   0.0  0
       0.0         0.0         0.0         0.0
 141.86613    38.66358    31.500   27.05  72.19  0.8400E+12   10.37   2.11  -1  -1   106.11     1  4   0.0  0   0.0  0
       0.1         0.1         0.1         0.1
 141.90298    38.71970    31.500   27.05  72.19  0.8400E+12    8.48   2.11  -1  -1    87.39     2  4   0.0  0   0.0  0
       0.7         0.1         0.1         0.1
 141.93983    38.77583    31.500   27.05  72.19  0.8400E+12    6.84   2.11  -1  -1    70.23     4  4   0.0  0   0.0  0
       1.5         0.1         0.1         0.1
 141.97670    38.83195    31.500   27.05  72.19  0.8400E+12    6.86   2.11  -1  -1    84.08     2  4   0.0  0   0.0  0
       0.4         0.4         0.1         0.1
 142.01355    38.88807    31.500   27.05  72.19  0.8400E+12    2.62   2.11  -1  -1   101.67     9  4   0.0  0   0.0  0
       1.0         0.9         1.9         0.4
 141.94182    38.63351    54.349   27.05  72.19  0.8400E+12   10.67   2.11  -1  -1    52.13     1  4   0.0  0   0.0  0
       0.2         0.1         0.1         0.1
 142.08725    39.00032    31.500   27.05  72.19  0.8400E+12    2.63   2.11  -1  -1   130.04    10  4   0.0  0   0.0  0
       2.6         1.5         0.2         0.2
 142.12410    39.05645    31.500   27.05  72.19  0.8400E+12    4.21   2.11  -1  -1   117.54     1  4   0.0  0   0.0  0
       0.1         0.1         0.2         0.1
 142.16096    39.11257    31.500   27.05  72.19  0.8400E+12    6.06   2.11  -1  -1   117.51     1  4   0.0  0   0.0  0
       0.2         0.2         0.1         0.1
 142.19781    39.16870    31.500   27.05  72.19  0.8400E+12    8.63   2.11  -1  -1   127.07     5  4   0.0  0   0.0  0
       2.1         0.1         0.1         0.1
 142.23466    39.22482    31.500   27.05  72.19  0.8400E+12   10.00   2.11  -1  -1    51.72     0  4   0.0  0   0.0  0
       0.0         0.0         0.0         0.0
 141.82829    38.67861    20.075   27.05  72.19  0.8400E+12   10.61   2.11  -1  -1   121.89     1  4   0.0  0   0.0  0
       0.1         0.1         0.1         0.1
 141.86514    38.73473    20.075   27.05  72.19  0.8400E+12    8.87   2.11  -1  -1   100.50     1  4   0.0  0   0.0  0
       0.4         0.1         0.1         0.1
 141.90199    38.79086    20.075   27.05  72.19  0.8400E+12    7.02   2.11  -1  -1   110.72     1  4   0.0  0   0.0  0
       0.4         0.1         0.1         0.1
 141.93884    38.84698    20.075   27.05  72.19  0.8400E+12    7.85   2.11  -1  -1   102.67     1  4   0.0  0   0.0  0
       0.1         0.1         0.1         0.1
 141.97569    38.90311    20.075   27.05  72.19  0.8400E+12    7.94   2.11  -1  -1   136.50     3  4   0.0  0   0.0  0
       0.2         0.6         0.7         0.1
 142.01256    38.95923    20.075   27.05  72.19  0.8400E+12    9.86   2.11  -1  -1   114.04     4  4   0.0  0   0.0  0
       0.4         0.4         1.1         0.1
 142.04941    39.01535    20.075   27.05  72.19  0.8400E+12    9.86   2.11  -1  -1   121.18     4  4   0.0  0   0.0  0
       0.6         0.7         0.6         0.1
 142.08626    39.07148    20.075   27.05  72.19  0.8400E+12    9.83   2.11  -1  -1   115.70     3  4   0.0  0   0.0  0
       0.8         0.6         0.1         0.1
 142.12311    39.12761    20.075   27.05  72.19  0.8400E+12    7.79   2.11  -1  -1   138.58     1  4   0.0  0   0.0  0
       0.3         0.1         0.2         0.1
 142.15997    39.18373    20.075   27.05  72.19  0.8400E+12    8.86   2.11  -1  -1   122.58     2  4   0.0  0   0.0  0
       0.4         0.1         0.1         0.2
 142.19682    39.23985    20.075   27.05  72.19  0.8400E+12   10.57   2.11  -1  -1    51.72     0  4   0.0  0   0.0  0
       0.0         0.0         0.0         0.0
 141.79044    38.69364     8.651   27.05  72.19  0.8400E+12   10.67   2.11  -1  -1   141.62    13  4   0.0  0   0.0  0
       0.1         0.1         0.1         5.6
 141.82730    38.74977     8.651   27.05  72.19  0.8400E+12   10.64   2.11  -1  -1   131.33     1  4   0.0  0   0.0  0
       0.1         0.1         0.1         0.2
 141.86415    38.80589     8.651   27.05  72.19  0.8400E+12   10.64   2.11  -1  -1   120.82     1  4   0.0  0   0.0  0
       0.1         0.1         0.1         0.1
 141.90100    38.86201     8.651   27.05  72.19  0.8400E+12    8.44   2.11  -1  -1   106.94     1  4   0.0  0   0.0  0
       0.1         0.1         0.1         0.2
 141.93785    38.91814     8.651   27.05  72.19  0.8400E+12   10.56   2.11  -1  -1    71.39     1  4   0.0  0   0.0  0
       0.2         0.1         0.2         0.1
 141.97470    38.97426     8.651   27.05  72.19  0.8400E+12    7.34   2.11  -1  -1    53.81     3  4   0.0  0   0.0  0
       0.2         0.5         0.6         0.2
 142.01157    39.03039     8.651   27.05  72.19  0.8400E+12    9.95   2.11  -1  -1   119.13     5  4   0.0  0   0.0  0
       2.2         0.3         0.1         0.1
 142.04842    39.08651     8.651   27.05  72.19  0.8400E+12    9.56   2.11  -1  -1   104.73     3  4   0.0  0   0.0  0
       0.7         0.3         0.1         0.1
 142.08527    39.14264     8.651   27.05  72.19  0.8400E+12   10.66   2.11  -1  -1    52.01     9  4   0.0  0   0.0  0
       0.1         0.5         0.9         3.0
 142.12212    39.19876     8.651   27.05  72.19  0.8400E+12   10.66   2.11  -1  -1    67.53     6  4   0.0  0   0.0  0
       0.1         1.1         1.0         0.9
 142.15898    39.25489     8.651   27.05  72.19  0.8400E+12   10.67   2.11  -1  -1    51.72     0  4   0.0  0   0.0  0
       0.0         0.0         0.0         0.0
