2.0
#
# http://equake-rc.info/static/paper/SRF-Description-Graves_2.0.pdf
# RECTANGULAR fault MODEL
#
# All subfaults are  10.0 km long along strike and
#  18.0 km wide along dip
#
# Model length along strike is  110.0 km
#
# Model width along dip is   90.0 km
#
# Corners of the rectangular dislocation model (lat, lon):
#     40.802   142.399 : corner 1
#     39.812   142.443 : corner 2
#     39.789   141.539 : corner 3
#     40.779   141.494 : corner 4
#
#
# Number of elementary sliprate
# isoceles triangular functions
# per subfault:   4
#
# Half duration of elementary sliprate
# isoceles triangular functions (s):   2.65
# Triangles are overlapping each other by half
#
# slip rate unit: cm/s
#
#
# Seismic moment is converted into slip
# using a single constant value for the
# shear modulus mu of  0.250E+12 dyne/cm2
# assumed to be constant and characteristic
# of the fault shear zone
#
#
#
# "rake" (degrees) is the slip angle (Aki"s convention,
# e.g. rake=+45 means left-lateral-reverse movement.
#
#
# ************************************************
# Total seismic moment M0=  0.469E+27 dyne.cm
# ************************************************
#
#
PLANE 1
 142.42099    40.30700   11    5   110.000    90.000
178.04  31.56    45.667     0.000    26.998
POINTS   55
 142.14990    40.30020    59.800  178.04  31.56  0.1800E+13    0.00   2.65  -1  -1    58.89    45  4   0.0  0   0.0  0
      16.6         0.1         0.1         0.1
 141.59091    40.64598    88.065  178.04  31.56  0.1800E+13   15.34   2.65  -1  -1   105.13   144  4   0.0  0   0.0  0
      32.8         1.9        19.5         0.2
 141.59494    40.55600    88.065  178.04  31.56  0.1800E+13   15.34   2.65  -1  -1   105.13   174  4   0.0  0   0.0  0
      24.2        12.5        27.5         1.3
 141.59897    40.46601    88.065  178.04  31.56  0.1800E+13   15.34   2.65  -1  -1   105.10   191  4   0.0  0   0.0  0
      20.1        21.0        14.4        16.7
 141.60301    40.37603    88.065  178.04  31.56  0.1800E+13   15.34   2.65  -1  -1   105.10   137  4   0.0  0   0.0  0
       9.7        11.1        13.2        17.6
 141.60704    40.28605    88.065  178.04  31.56  0.1800E+13   15.34   2.65  -1  -1   104.99    78  4   0.0  0   0.0  0
       0.5         3.1        11.2        14.7
 141.61107    40.19607    88.065  178.04  31.56  0.1800E+13   15.34   2.65  -1  -1   105.09    51  4   0.0  0   0.0  0
       0.2         0.2        15.0         3.9
 141.61510    40.10609    88.065  178.04  31.56  0.1800E+13   15.34   2.65  -1  -1   105.06    82  4   0.0  0   0.0  0
       0.1         0.1         1.7        29.0
 141.61914    40.01611    88.065  178.04  31.56  0.1800E+13   15.34   2.65  -1  -1    15.15     0  4   0.0  0   0.0  0
       0.0         0.0         0.0         0.0
 141.62317    39.92612    88.065  178.04  31.56  0.1800E+13   15.34   2.65  -1  -1    15.15     0  4   0.0  0   0.0  0
       0.0         0.0         0.0         0.0
 141.62720    39.83614    88.065  178.04  31.56  0.1800E+13   15.34   2.65  -1  -1    15.15     0  4   0.0  0   0.0  0
       0.0         0.0         0.0         0.0
 141.76784    40.74068    78.643  178.04  31.56  0.1800E+13   15.34   2.65  -1  -1    15.15     0  4   0.0  0   0.0  0
       0.0         0.0         0.0         0.0
 141.77187    40.65070    78.643  178.04  31.56  0.1800E+13   15.34   2.65  -1  -1   102.69     1  4   0.0  0   0.0  0
       0.1         0.1         0.1         0.1
 141.77589    40.56071    78.643  178.04  31.56  0.1800E+13   14.99   2.65  -1  -1   104.92     1  4   0.0  0   0.0  0
       0.1         0.1         0.1         0.1
 141.77992    40.47073    78.643  178.04  31.56  0.1800E+13   15.02   2.65  -1  -1   101.85     1  4   0.0  0   0.0  0
       0.1         0.1         0.1         0.1
 141.78397    40.38075    78.643  178.04  31.56  0.1800E+13   13.52   2.65  -1  -1   102.33     1  4   0.0  0   0.0  0
       0.1         0.1         0.1         0.1
 141.78799    40.29077    78.643  178.04  31.56  0.1800E+13   15.31   2.65  -1  -1   103.61     1  4   0.0  0   0.0  0
       0.1         0.1         0.1         0.1
 141.79202    40.20079    78.643  178.04  31.56  0.1800E+13   15.23   2.65  -1  -1   103.86     1  4   0.0  0   0.0  0
       0.1         0.1         0.1         0.2
 141.79605    40.11081    78.643  178.04  31.56  0.1800E+13   15.25   2.65  -1  -1   104.99    15  4   0.0  0   0.0  0
       0.1         0.1         0.2         5.4
 141.80009    40.02082    78.643  178.04  31.56  0.1800E+13   13.39   2.65  -1  -1    15.15     0  4   0.0  0   0.0  0
       0.0         0.0         0.0         0.0
 141.80412    39.93084    78.643  178.04  31.56  0.1800E+13   15.34   2.65  -1  -1    15.15     0  4   0.0  0   0.0  0
       0.0         0.0         0.0         0.0
 141.80815    39.84086    78.643  178.04  31.56  0.1800E+13   15.34   2.65  -1  -1    15.15     0  4   0.0  0   0.0  0
       0.0         0.0         0.0         0.0
 141.94879    40.74539    69.222  178.04  31.56  0.1800E+13   15.18   2.65  -1  -1    15.15     0  4   0.0  0   0.0  0
       0.0         0.0         0.0         0.0
 141.95282    40.65541    69.222  178.04  31.56  0.1800E+13   13.77   2.65  -1  -1    73.06     1  4   0.0  0   0.0  0
       0.1         0.1         0.1         0.1
 141.95685    40.56543    69.222  178.04  31.56  0.1800E+13   15.25   2.65  -1  -1   102.98     1  4   0.0  0   0.0  0
       0.1         0.1         0.1         0.1
 141.96088    40.47545    69.222  178.04  31.56  0.1800E+13   15.23   2.65  -1  -1    98.96     1  4   0.0  0   0.0  0
       0.1         0.1         0.1         0.1
 141.96492    40.38547    69.222  178.04  31.56  0.1800E+13   15.34   2.65  -1  -1   102.87     1  4   0.0  0   0.0  0
       0.1         0.1         0.1         0.1
 141.96895    40.29548    69.222  178.04  31.56  0.1800E+13   15.31   2.65  -1  -1   103.62     1  4   0.0  0   0.0  0
       0.1         0.1         0.1         0.1
 141.97298    40.20550    69.222  178.04  31.56  0.1800E+13   14.19   2.65  -1  -1    99.04     1  4   0.0  0   0.0  0
       0.1         0.1         0.1         0.1
 141.97701    40.11552    69.222  178.04  31.56  0.1800E+13   15.29   2.65  -1  -1   105.04    65  4   0.0  0   0.0  0
       0.1         0.1         0.1        24.4
 141.98105    40.02554    69.222  178.04  31.56  0.1800E+13   10.00   2.65  -1  -1    15.15     0  4   0.0  0   0.0  0
       0.0         0.0         0.0         0.0
 141.98508    39.93556    69.222  178.04  31.56  0.1800E+13   12.53   2.65  -1  -1    15.15     0  4   0.0  0   0.0  0
       0.0         0.0         0.0         0.0
 141.98911    39.84558    69.222  178.04  31.56  0.1800E+13   15.18   2.65  -1  -1    15.15     0  4   0.0  0   0.0  0
       0.0         0.0         0.0         0.0
 142.12975    40.75011    59.800  178.04  31.56  0.1800E+13   14.29   2.65  -1  -1    15.15     0  4   0.0  0   0.0  0
       0.0         0.0         0.0         0.0
 142.13377    40.66013    59.800  178.04  31.56  0.1800E+13   12.26   2.65  -1  -1    23.83     1  4   0.0  0   0.0  0
       0.1         0.1         0.1         0.1
 142.13780    40.57015    59.800  178.04  31.56  0.1800E+13   15.25   2.65  -1  -1    93.27     1  4   0.0  0   0.0  0
       0.1         0.1         0.1         0.1
 142.14183    40.48016    59.800  178.04  31.56  0.1800E+13   15.32   2.65  -1  -1    89.84     1  4   0.0  0   0.0  0
       0.1         0.1         0.1         0.1
 142.14587    40.39018    59.800  178.04  31.56  0.1800E+13    9.95   2.65  -1  -1    85.32     1  4   0.0  0   0.0  0
       0.1         0.1         0.1         0.1
 141.58687    40.73596    88.065  178.04  31.56  0.1800E+13   15.34   2.65  -1  -1    15.15     0  4   0.0  0   0.0  0
       0.0         0.0         0.0         0.0
 142.15393    40.21022    59.800  178.04  31.56  0.1800E+13    9.13   2.65  -1  -1    89.74     1  4   0.0  0   0.0  0
       0.1         0.1         0.1         0.1
 142.15797    40.12024    59.800  178.04  31.56  0.1800E+13   14.38   2.65  -1  -1   100.83     5  4   0.0  0   0.0  0
       0.1         0.1         0.1         1.6
 142.16200    40.03025    59.800  178.04  31.56  0.1800E+13    8.57   2.65  -1  -1    15.15     0  4   0.0  0   0.0  0
       0.0         0.0         0.0         0.0
 142.16603    39.94027    59.800  178.04  31.56  0.1800E+13   11.43   2.65  -1  -1    15.15     0  4   0.0  0   0.0  0
       0.0         0.0         0.0         0.0
 142.17006    39.85029    59.800  178.04  31.56  0.1800E+13   14.29   2.65  -1  -1    15.15     0  4   0.0  0   0.0  0
       0.0         0.0         0.0         0.0
 142.31070    40.75483    50.378  178.04  31.56  0.1800E+13   15.18   2.65  -1  -1    15.15     0  4   0.0  0   0.0  0
       0.0         0.0         0.0         0.0
 142.31473    40.66484    50.378  178.04  31.56  0.1800E+13   15.05   2.65  -1  -1    75.53     1  4   0.0  0   0.0  0
       0.1         0.1         0.1         0.1
 142.31876    40.57486    50.378  178.04  31.56  0.1800E+13   13.74   2.65  -1  -1    70.99     1  4   0.0  0   0.0  0
       0.1         0.1         0.1         0.1
 142.32280    40.48488    50.378  178.04  31.56  0.1800E+13   13.76   2.65  -1  -1    70.82     1  4   0.0  0   0.0  0
       0.1         0.1         0.1         0.1
 142.32683    40.39490    50.378  178.04  31.56  0.1800E+13   11.65   2.65  -1  -1    81.30     1  4   0.0  0   0.0  0
       0.1         0.1         0.1         0.1
 142.33086    40.30492    50.378  178.04  31.56  0.1800E+13    7.99   2.65  -1  -1    65.83     3  4   0.0  0   0.0  0
       0.1         0.1         0.9         0.1
 142.33488    40.21494    50.378  178.04  31.56  0.1800E+13    9.14   2.65  -1  -1    71.82    11  4   0.0  0   0.0  0
       0.9         1.8         1.2         0.1
 142.33893    40.12495    50.378  178.04  31.56  0.1800E+13    9.50   2.65  -1  -1    62.99    19  4   0.0  0   0.0  0
       1.8         5.1         0.1         0.1
 142.34296    40.03497    50.378  178.04  31.56  0.1800E+13   10.00   2.65  -1  -1    15.15     0  4   0.0  0   0.0  0
       0.0         0.0         0.0         0.0
 142.34698    39.94499    50.378  178.04  31.56  0.1800E+13   12.53   2.65  -1  -1    15.15     0  4   0.0  0   0.0  0
       0.0         0.0         0.0         0.0
 142.35101    39.85501    50.378  178.04  31.56  0.1800E+13   15.18   2.65  -1  -1    15.15     0  4   0.0  0   0.0  0
       0.0         0.0         0.0         0.0
