2.0
#
# http://equake-rc.info/static/paper/SRF-Description-Graves_2.0.pdf
# RECTANGULAR fault MODEL
#
# All subfaults are   6.0 km long along strike and
#   3.5 km wide along dip
#
# Model length along strike is   54.0 km
#
# Model width along dip is   17.5 km
#
# Corners of the rectangular dislocation model (lat, lon):
#     10.115   -70.630 : corner 1
#      9.644   -70.749 : corner 2
#      9.663   -70.827 : corner 3
#     10.134   -70.708 : corner 4
#
#
# Number of elementary sliprate
# isoceles triangular functions
# per subfault:   4
#
# Half duration of elementary sliprate
# isoceles triangular functions (s):   1.67
# Triangles are overlapping each other by half
#
# slip rate unit: cm/s
#
#
# Seismic moment is converted into slip
# using a single constant value for the
# shear modulus mu of  0.250E+12 dyne/cm2
# assumed to be constant and characteristic
# of the fault shear zone
#
#
#
# "rake" (degrees) is the slip angle (Aki"s convention,
# e.g. rake=+45 means left-lateral-reverse movement.
#
#
# ************************************************
# Total seismic moment M0=  0.385E+26 dyne.cm
# ************************************************
#
#
PLANE 1
 -70.68950     9.87950    9    5    54.000    17.500
194.00  60.00     0.122     0.000     8.750
POINTS   45
 -70.72860     9.88930     7.700  194.00  60.00  0.2100E+12    0.00   1.67  -1  -1    92.11    40  4   0.0  0   0.0  0
       6.8        16.7         0.4         0.3
 -70.71986    10.05390    13.762  194.00  60.00  0.2100E+12    5.52   1.67  -1  -1    48.00     0  4   0.0  0   0.0  0
       0.0         0.0         0.0         0.0
 -70.73310    10.00157    13.762  194.00  60.00  0.2100E+12    5.58   1.67  -1  -1    94.79    29  4   0.0  0   0.0  0
      13.0         2.5         1.6         0.3
 -70.74634     9.94924    13.762  194.00  60.00  0.2100E+12    5.13   1.67  -1  -1    85.40    64  4   0.0  0   0.0  0
       4.1         1.5        22.0        10.9
 -70.75958     9.89691    13.762  194.00  60.00  0.2100E+12    5.01   1.67  -1  -1    91.53    70  4   0.0  0   0.0  0
       2.4        10.8        12.7        15.8
 -70.77283     9.84458    13.762  194.00  60.00  0.2100E+12    6.82   1.67  -1  -1    96.75    59  4   0.0  0   0.0  0
       2.1        16.1        12.9         4.4
 -70.78607     9.79225    13.762  194.00  60.00  0.2100E+12    5.71   1.67  -1  -1    88.76    37  4   0.0  0   0.0  0
      12.3         6.0         2.0         2.0
 -70.79932     9.73992    13.762  194.00  60.00  0.2100E+12    5.68   1.67  -1  -1    72.28    23  4   0.0  0   0.0  0
      10.1         2.6         0.5         0.9
 -70.81256     9.68759    13.762  194.00  60.00  0.2100E+12    7.14   1.67  -1  -1    48.00     0  4   0.0  0   0.0  0
       0.0         0.0         0.0         0.0
 -70.69112    10.10243    10.731  194.00  60.00  0.2100E+12    6.93   1.67  -1  -1    48.00     0  4   0.0  0   0.0  0
       0.0         0.0         0.0         0.0
 -70.70436    10.05010    10.731  194.00  60.00  0.2100E+12    5.24   1.67  -1  -1    48.00     0  4   0.0  0   0.0  0
       0.0         0.0         0.0         0.0
 -70.71761     9.99777    10.731  194.00  60.00  0.2100E+12    5.67   1.67  -1  -1   106.84    37  4   0.0  0   0.0  0
      14.1         1.7         2.9         3.2
 -70.73085     9.94544    10.731  194.00  60.00  0.2100E+12    4.64   1.67  -1  -1    99.13    47  4   0.0  0   0.0  0
       4.2         6.8         7.6         9.5
 -70.74409     9.89311    10.731  194.00  60.00  0.2100E+12    1.44   1.67  -1  -1   100.66    46  4   0.0  0   0.0  0
      21.2         1.6         0.5         4.2
 -70.75734     9.84078    10.731  194.00  60.00  0.2100E+12    4.27   1.67  -1  -1    98.61    37  4   0.0  0   0.0  0
       5.5         6.8         8.0         2.1
 -70.77058     9.78845    10.731  194.00  60.00  0.2100E+12    4.10   1.67  -1  -1    99.29    30  4   0.0  0   0.0  0
      11.5         5.4         0.7         0.1
 -70.78383     9.73612    10.731  194.00  60.00  0.2100E+12    5.25   1.67  -1  -1    88.76    10  4   0.0  0   0.0  0
       5.2         0.3         0.4         0.1
 -70.79707     9.68379    10.731  194.00  60.00  0.2100E+12    6.93   1.67  -1  -1    48.00     0  4   0.0  0   0.0  0
       0.0         0.0         0.0         0.0
 -70.67562    10.09862     7.700  194.00  60.00  0.2100E+12    6.86   1.67  -1  -1    48.00     0  4   0.0  0   0.0  0
       0.0         0.0         0.0         0.0
 -70.68887    10.04629     7.700  194.00  60.00  0.2100E+12    5.14   1.67  -1  -1    48.00     0  4   0.0  0   0.0  0
       0.0         0.0         0.0         0.0
 -70.70211     9.99396     7.700  194.00  60.00  0.2100E+12    6.23   1.67  -1  -1    87.24    24  4   0.0  0   0.0  0
       8.7         1.6         3.8         0.2
 -70.71535     9.94163     7.700  194.00  60.00  0.2100E+12    4.34   1.67  -1  -1    98.26    26  4   0.0  0   0.0  0
       7.8         0.4         6.4         0.8
 -70.70661    10.10623    13.762  194.00  60.00  0.2100E+12    7.14   1.67  -1  -1    48.00     0  4   0.0  0   0.0  0
       0.0         0.0         0.0         0.0
 -70.74184     9.83697     7.700  194.00  60.00  0.2100E+12    2.12   1.67  -1  -1    89.15    51  4   0.0  0   0.0  0
      29.8         0.4         0.2         0.3
 -70.75509     9.78464     7.700  194.00  60.00  0.2100E+12    4.15   1.67  -1  -1    97.25    12  4   0.0  0   0.0  0
       5.4         1.1         0.2         0.2
 -70.76833     9.73231     7.700  194.00  60.00  0.2100E+12    5.25   1.67  -1  -1    86.93     1  4   0.0  0   0.0  0
       0.1         0.1         0.2         0.1
 -70.78158     9.67998     7.700  194.00  60.00  0.2100E+12    6.86   1.67  -1  -1    48.00     0  4   0.0  0   0.0  0
       0.0         0.0         0.0         0.0
 -70.66013    10.09482     4.669  194.00  60.00  0.2100E+12    6.93   1.67  -1  -1    48.00     0  4   0.0  0   0.0  0
       0.0         0.0         0.0         0.0
 -70.67337    10.04249     4.669  194.00  60.00  0.2100E+12    5.24   1.67  -1  -1    48.00     0  4   0.0  0   0.0  0
       0.0         0.0         0.0         0.0
 -70.68661     9.99016     4.669  194.00  60.00  0.2100E+12    5.76   1.67  -1  -1    94.51     2  4   0.0  0   0.0  0
       0.2         0.3         0.2         0.3
 -70.69986     9.93783     4.669  194.00  60.00  0.2100E+12    4.23   1.67  -1  -1    96.19     3  4   0.0  0   0.0  0
       0.3         0.7         0.3         0.2
 -70.71310     9.88550     4.669  194.00  60.00  0.2100E+12    2.15   1.67  -1  -1    79.53     3  4   0.0  0   0.0  0
       1.6         0.1         0.1         0.1
 -70.72635     9.83317     4.669  194.00  60.00  0.2100E+12    2.15   1.67  -1  -1    94.42    12  4   0.0  0   0.0  0
       6.4         0.1         0.2         0.1
 -70.73959     9.78084     4.669  194.00  60.00  0.2100E+12    3.96   1.67  -1  -1    83.23     1  4   0.0  0   0.0  0
       0.1         0.1         0.1         0.1
 -70.75284     9.72851     4.669  194.00  60.00  0.2100E+12    8.06   1.67  -1  -1    65.34     1  4   0.0  0   0.0  0
       0.1         0.1         0.1         0.1
 -70.76608     9.67618     4.669  194.00  60.00  0.2100E+12    6.93   1.67  -1  -1    48.00     0  4   0.0  0   0.0  0
       0.0         0.0         0.0         0.0
 -70.64464    10.09101     1.638  194.00  60.00  0.2100E+12    7.14   1.67  -1  -1    48.00     0  4   0.0  0   0.0  0
       0.0         0.0         0.0         0.0
 -70.65788    10.03868     1.638  194.00  60.00  0.2100E+12    5.52   1.67  -1  -1    48.00     0  4   0.0  0   0.0  0
       0.0         0.0         0.0         0.0
 -70.67113     9.98635     1.638  194.00  60.00  0.2100E+12    3.98   1.67  -1  -1    88.89     4  4   0.0  0   0.0  0
       0.1         0.8         0.3         1.4
 -70.68437     9.93402     1.638  194.00  60.00  0.2100E+12    2.77   1.67  -1  -1    90.39     6  4   0.0  0   0.0  0
       2.7         0.2         0.1         0.5
 -70.69762     9.88169     1.638  194.00  60.00  0.2100E+12    2.18   1.67  -1  -1    83.54     9  4   0.0  0   0.0  0
       5.2         0.2         0.1         0.1
 -70.71086     9.82936     1.638  194.00  60.00  0.2100E+12    2.76   1.67  -1  -1    81.97     4  4   0.0  0   0.0  0
       1.9         0.1         0.1         0.1
 -70.72410     9.77703     1.638  194.00  60.00  0.2100E+12    6.69   1.67  -1  -1    76.36     3  4   0.0  0   0.0  0
       0.1         0.1         0.1         1.7
 -70.73734     9.72470     1.638  194.00  60.00  0.2100E+12    8.03   1.67  -1  -1    64.50    44  4   0.0  0   0.0  0
       0.1         0.1         5.9        20.4
 -70.75059     9.67237     1.638  194.00  60.00  0.2100E+12    7.14   1.67  -1  -1    48.00     0  4   0.0  0   0.0  0
       0.0         0.0         0.0         0.0
