2.0
#
# http://equake-rc.info/static/paper/SRF-Description-Graves_2.0.pdf
# RECTANGULAR fault MODEL
#
# All subfaults are   4.0 km long along strike and
#   7.0 km wide along dip
#
# Model length along strike is   36.0 km
#
# Model width along dip is   35.0 km
#
# Corners of the rectangular dislocation model (lat, lon):
#     37.308   141.388 : corner 1
#     37.603   141.558 : corner 2
#     37.560   141.674 : corner 3
#     37.266   141.505 : corner 4
#
#
# Number of elementary sliprate
# isoceles triangular functions
# per subfault:   4
#
# Half duration of elementary sliprate
# isoceles triangular functions (s):   1.23
# Triangles are overlapping each other by half
#
# slip rate unit: cm/s
#
#
# Seismic moment is converted into slip
# using a single constant value for the
# shear modulus mu of  0.250E+12 dyne/cm2
# assumed to be constant and characteristic
# of the fault shear zone
#
#
#
# "rake" (degrees) is the slip angle (Aki"s convention,
# e.g. rake=+45 means left-lateral-reverse movement.
#
#
# ************************************************
# Total seismic moment M0=  0.186E+25 dyne.cm
# ************************************************
#
#
PLANE 1
 141.47299    37.45550    9    5    36.000    35.000
 24.60  71.15    40.764     0.000    10.500
POINTS   45
 141.50790    37.44280    50.700   24.60  71.15  0.2800E+12    0.00   1.23  -1  -1    80.49     9  4   0.0  0   0.0  0
       7.3         0.1         0.0         0.0
 141.52122    37.31915    70.573   24.60  71.15  0.2800E+12    5.03   1.23  -1  -1    52.37     2  4   0.0  0   0.0  0
       0.1         0.0         1.5         0.0
 141.54010    37.35189    70.573   24.60  71.15  0.2800E+12    5.03   1.23  -1  -1    42.60     0  4   0.0  0   0.0  0
       0.0         0.0         0.0         0.0
 141.55898    37.38463    70.573   24.60  71.15  0.2800E+12    5.03   1.23  -1  -1    85.39     0  4   0.0  0   0.0  0
       0.1         0.0         0.0         0.1
 141.57787    37.41737    70.573   24.60  71.15  0.2800E+12    5.03   1.23  -1  -1    95.58     0  4   0.0  0   0.0  0
       0.1         0.0         0.1         0.0
 141.59674    37.45011    70.573   24.60  71.15  0.2800E+12    5.03   1.23  -1  -1    85.39     0  4   0.0  0   0.0  0
       0.1         0.0         0.0         0.0
 141.61562    37.48285    70.573   24.60  71.15  0.2800E+12    5.03   1.23  -1  -1    96.82     0  4   0.0  0   0.0  0
       0.1         0.0         0.0         0.0
 141.63451    37.51559    70.573   24.60  71.15  0.2800E+12    5.03   1.23  -1  -1    42.60     0  4   0.0  0   0.0  0
       0.0         0.0         0.0         0.0
 141.65338    37.54833    70.573   24.60  71.15  0.2800E+12    5.03   1.23  -1  -1    42.60     0  4   0.0  0   0.0  0
       0.0         0.0         0.0         0.0
 141.47902    37.29488    63.949   24.60  71.15  0.2800E+12    5.03   1.23  -1  -1    98.84     0  4   0.0  0   0.0  0
       0.0         0.0         0.1         0.0
 141.49789    37.32763    63.949   24.60  71.15  0.2800E+12    5.03   1.23  -1  -1    79.45     0  4   0.0  0   0.0  0
       0.1         0.0         0.0         0.0
 141.51678    37.36036    63.949   24.60  71.15  0.2800E+12    4.61   1.23  -1  -1    42.60     0  4   0.0  0   0.0  0
       0.0         0.0         0.0         0.0
 141.53566    37.39310    63.949   24.60  71.15  0.2800E+12    4.24   1.23  -1  -1    81.09     0  4   0.0  0   0.0  0
       0.1         0.0         0.1         0.1
 141.55455    37.42585    63.949   24.60  71.15  0.2800E+12    4.22   1.23  -1  -1   105.68     0  4   0.0  0   0.0  0
       0.1         0.0         0.0         0.0
 141.57343    37.45858    63.949   24.60  71.15  0.2800E+12    4.20   1.23  -1  -1   114.39     0  4   0.0  0   0.0  0
       0.1         0.0         0.1         0.0
 141.59230    37.49133    63.949   24.60  71.15  0.2800E+12    4.61   1.23  -1  -1    97.07     0  4   0.0  0   0.0  0
       0.2         0.1         0.0         0.0
 141.61119    37.52407    63.949   24.60  71.15  0.2800E+12    5.03   1.23  -1  -1    42.60     0  4   0.0  0   0.0  0
       0.0         0.0         0.0         0.0
 141.63007    37.55680    63.949   24.60  71.15  0.2800E+12    5.03   1.23  -1  -1    42.60     0  4   0.0  0   0.0  0
       0.0         0.0         0.0         0.0
 141.45570    37.30336    57.324   24.60  71.15  0.2800E+12    5.00   1.23  -1  -1   105.41     0  4   0.0  0   0.0  0
       0.0         0.0         0.0         0.0
 141.47458    37.33610    57.324   24.60  71.15  0.2800E+12    4.24   1.23  -1  -1    60.63     1  4   0.0  0   0.0  0
       0.2         0.1         0.0         0.2
 141.49347    37.36884    57.324   24.60  71.15  0.2800E+12    3.04   1.23  -1  -1    42.60     0  4   0.0  0   0.0  0
       0.0         0.0         0.0         0.0
 141.51234    37.40158    57.324   24.60  71.15  0.2800E+12    2.83   1.23  -1  -1    97.49     0  4   0.0  0   0.0  0
       0.1         0.1         0.0         0.0
 141.53122    37.43432    57.324   24.60  71.15  0.2800E+12    2.79   1.23  -1  -1    84.68     0  4   0.0  0   0.0  0
       0.2         0.1         0.0         0.0
 141.55011    37.46706    57.324   24.60  71.15  0.2800E+12    2.83   1.23  -1  -1   131.21     1  4   0.0  0   0.0  0
       0.8         0.1         0.1         0.0
 141.56898    37.49980    57.324   24.60  71.15  0.2800E+12    3.07   1.23  -1  -1   129.33     0  4   0.0  0   0.0  0
       0.1         0.2         0.1         0.0
 141.58786    37.53254    57.324   24.60  71.15  0.2800E+12    3.97   1.23  -1  -1    42.60     0  4   0.0  0   0.0  0
       0.0         0.0         0.0         0.0
 141.60675    37.56528    57.324   24.60  71.15  0.2800E+12    4.99   1.23  -1  -1    42.60     0  4   0.0  0   0.0  0
       0.0         0.0         0.0         0.0
 141.43239    37.31184    50.700   24.60  71.15  0.2800E+12    4.61   1.23  -1  -1    94.07     0  4   0.0  0   0.0  0
       0.0         0.0         0.0         0.0
 141.45126    37.34458    50.700   24.60  71.15  0.2800E+12    4.24   1.23  -1  -1    60.70     0  4   0.0  0   0.0  0
       0.1         0.1         0.0         0.1
 141.47014    37.37732    50.700   24.60  71.15  0.2800E+12    2.29   1.23  -1  -1    42.60     0  4   0.0  0   0.0  0
       0.0         0.0         0.0         0.0
 141.48903    37.41006    50.700   24.60  71.15  0.2800E+12    2.79   1.23  -1  -1    68.72     1  4   0.0  0   0.0  0
       0.3         0.3         0.2         0.1
 141.50233    37.28641    70.573   24.60  71.15  0.2800E+12    5.03   1.23  -1  -1    93.31     3  4   0.0  0   0.0  0
       0.0         0.1         1.9         0.7
 141.52678    37.47554    50.700   24.60  71.15  0.2800E+12    1.58   1.23  -1  -1   122.40     1  4   0.0  0   0.0  0
       0.3         0.3         0.3         0.1
 141.54567    37.50828    50.700   24.60  71.15  0.2800E+12    2.83   1.23  -1  -1   120.69     1  4   0.0  0   0.0  0
       0.6         0.1         0.2         0.0
 141.56454    37.54102    50.700   24.60  71.15  0.2800E+12    3.43   1.23  -1  -1    42.60     0  4   0.0  0   0.0  0
       0.0         0.0         0.0         0.0
 141.58342    37.57376    50.700   24.60  71.15  0.2800E+12    4.57   1.23  -1  -1    42.60     0  4   0.0  0   0.0  0
       0.0         0.0         0.0         0.0
 141.40906    37.32031    44.076   24.60  71.15  0.2800E+12    5.02   1.23  -1  -1    79.03     0  4   0.0  0   0.0  0
       0.0         0.0         0.0         0.0
 141.42795    37.35305    44.076   24.60  71.15  0.2800E+12    4.21   1.23  -1  -1    43.74     0  4   0.0  0   0.0  0
       0.1         0.1         0.0         0.1
 141.44682    37.38580    44.076   24.60  71.15  0.2800E+12    3.04   1.23  -1  -1    42.60     0  4   0.0  0   0.0  0
       0.0         0.0         0.0         0.0
 141.46570    37.41854    44.076   24.60  71.15  0.2800E+12    2.83   1.23  -1  -1    73.40     0  4   0.0  0   0.0  0
       0.1         0.1         0.1         0.0
 141.48459    37.45127    44.076   24.60  71.15  0.2800E+12    2.91   1.23  -1  -1   128.86     0  4   0.0  0   0.0  0
       0.1         0.1         0.2         0.1
 141.50346    37.48402    44.076   24.60  71.15  0.2800E+12    2.93   1.23  -1  -1   120.66     1  4   0.0  0   0.0  0
       0.4         0.1         0.1         0.1
 141.52234    37.51676    44.076   24.60  71.15  0.2800E+12    4.07   1.23  -1  -1   130.77     0  4   0.0  0   0.0  0
       0.0         0.1         0.1         0.0
 141.54123    37.54950    44.076   24.60  71.15  0.2800E+12    3.97   1.23  -1  -1    42.60     0  4   0.0  0   0.0  0
       0.0         0.0         0.0         0.0
 141.56010    37.58224    44.076   24.60  71.15  0.2800E+12    4.99   1.23  -1  -1    42.60     0  4   0.0  0   0.0  0
       0.0         0.0         0.0         0.0
