2.0
#
# http://equake-rc.info/static/paper/SRF-Description-Graves_2.0.pdf
# RECTANGULAR fault MODEL
#
# All subfaults are  10.0 km long along strike and
#   4.7 km wide along dip
#
# Model length along strike is  130.0 km
#
# Model width along dip is   23.5 km
#
# Corners of the rectangular dislocation model (lat, lon):
#     38.006    26.050 : corner 1
#     37.931    27.530 : corner 2
#     37.828    27.521 : corner 3
#     37.904    26.042 : corner 4
#
#
# Number of elementary sliprate
# isoceles triangular functions
# per subfault:   4
#
# Half duration of elementary sliprate
# isoceles triangular functions (s):   2.86
# Triangles are overlapping each other by half
#
# slip rate unit: cm/s
#
#
# Seismic moment is converted into slip
# using a single constant value for the
# shear modulus mu of  0.250E+12 dyne/cm2
# assumed to be constant and characteristic
# of the fault shear zone
#
#
#
# "rake" (degrees) is the slip angle (Aki"s convention,
# e.g. rake=+45 means left-lateral-reverse movement.
#
#
# ************************************************
# Total seismic moment M0=  0.477E+27 dyne.cm
# ************************************************
#
#
PLANE 1
  26.79000    37.96850   13    5   130.000    23.500
 93.71  61.02     0.310     0.000    16.448
POINTS   65
  26.78400    37.89700    14.700   93.71  61.02  0.4700E+12    0.00   2.86  -1  -1   -97.47   183  4   0.0  0   0.0  0
      63.1         0.1         0.3         0.5
  26.21310    37.90570    18.811   93.71  61.02  0.4700E+12   15.54   2.86  -1  -1  -109.23   174  4   0.0  0   0.0  0
      43.4         1.4         7.0         9.0
  26.32695    37.89986    18.811   93.71  61.02  0.4700E+12   11.85   2.86  -1  -1  -116.51   149  4   0.0  0   0.0  0
      35.9         4.8         9.1         2.1
  26.44079    37.89404    18.811   93.71  61.02  0.4700E+12    9.34   2.86  -1  -1   -81.33   119  4   0.0  0   0.0  0
      29.6         0.4         8.3         3.4
  26.55463    37.88820    18.811   93.71  61.02  0.4700E+12    6.14   2.86  -1  -1   -52.32   179  4   0.0  0   0.0  0
      58.1         0.1         2.3         2.0
  26.66847    37.88237    18.811   93.71  61.02  0.4700E+12    3.73   2.86  -1  -1   -96.46   130  4   0.0  0   0.0  0
      24.6         0.2        11.5         9.2
  26.78232    37.87654    18.811   93.71  61.02  0.4700E+12    1.44   2.86  -1  -1  -130.78   123  4   0.0  0   0.0  0
      19.0         0.3        22.1         1.5
  26.89616    37.87071    18.811   93.71  61.02  0.4700E+12   10.17   2.86  -1  -1   -93.76    35  4   0.0  0   0.0  0
       0.2         0.2         2.7         9.1
  27.01000    37.86488    18.811   93.71  61.02  0.4700E+12    5.87   2.86  -1  -1  -136.11     0  4   0.0  0   0.0  0
       0.0         0.0         0.0         0.0
  27.12385    37.85905    18.811   93.71  61.02  0.4700E+12    8.68   2.86  -1  -1  -136.11     0  4   0.0  0   0.0  0
       0.0         0.0         0.0         0.0
  27.23769    37.85322    18.811   93.71  61.02  0.4700E+12   11.51   2.86  -1  -1  -136.11     0  4   0.0  0   0.0  0
       0.0         0.0         0.0         0.0
  27.35153    37.84739    18.811   93.71  61.02  0.4700E+12   14.35   2.86  -1  -1  -136.11     0  4   0.0  0   0.0  0
       0.0         0.0         0.0         0.0
  27.46537    37.84156    18.811   93.71  61.02  0.4700E+12   17.19   2.86  -1  -1  -136.11     0  4   0.0  0   0.0  0
       0.0         0.0         0.0         0.0
  26.10094    37.93198    14.700   93.71  61.02  0.4700E+12   17.14   2.86  -1  -1  -136.11     0  4   0.0  0   0.0  0
       0.0         0.0         0.0         0.0
  26.21479    37.92616    14.700   93.71  61.02  0.4700E+12   17.29   2.86  -1  -1  -125.37    68  4   0.0  0   0.0  0
       9.5         7.8         3.7         2.6
  26.32863    37.92032    14.700   93.71  61.02  0.4700E+12   11.51   2.86  -1  -1   -81.32   151  4   0.0  0   0.0  0
      42.3         2.4         5.4         2.8
  26.44247    37.91449    14.700   93.71  61.02  0.4700E+12    8.61   2.86  -1  -1   -87.40   126  4   0.0  0   0.0  0
      21.7        14.5         2.5         5.5
  26.55631    37.90866    14.700   93.71  61.02  0.4700E+12    6.39   2.86  -1  -1   -62.48   140  4   0.0  0   0.0  0
      41.2         2.2         1.0         4.4
  26.67016    37.90283    14.700   93.71  61.02  0.4700E+12    4.07   2.86  -1  -1   -73.88   195  4   0.0  0   0.0  0
      67.5         0.1         0.4         0.1
  26.09926    37.91153    18.811   93.71  61.02  0.4700E+12   17.19   2.86  -1  -1  -136.11     0  4   0.0  0   0.0  0
       0.0         0.0         0.0         0.0
  26.89784    37.89117    14.700   93.71  61.02  0.4700E+12    6.51   2.86  -1  -1   -78.75    34  4   0.0  0   0.0  0
       0.3         0.5         7.8         3.1
  27.01169    37.88534    14.700   93.71  61.02  0.4700E+12    5.71   2.86  -1  -1  -136.11     0  4   0.0  0   0.0  0
       0.0         0.0         0.0         0.0
  27.12553    37.87951    14.700   93.71  61.02  0.4700E+12    8.57   2.86  -1  -1  -136.11     0  4   0.0  0   0.0  0
       0.0         0.0         0.0         0.0
  27.23937    37.87368    14.700   93.71  61.02  0.4700E+12   11.43   2.86  -1  -1  -136.11     0  4   0.0  0   0.0  0
       0.0         0.0         0.0         0.0
  27.35321    37.86784    14.700   93.71  61.02  0.4700E+12   14.29   2.86  -1  -1  -136.11     0  4   0.0  0   0.0  0
       0.0         0.0         0.0         0.0
  27.46706    37.86201    14.700   93.71  61.02  0.4700E+12   17.14   2.86  -1  -1  -136.11     0  4   0.0  0   0.0  0
       0.0         0.0         0.0         0.0
  26.10263    37.95244    10.589   93.71  61.02  0.4700E+12   17.19   2.86  -1  -1  -136.11     0  4   0.0  0   0.0  0
       0.0         0.0         0.0         0.0
  26.21647    37.94661    10.589   93.71  61.02  0.4700E+12   15.39   2.86  -1  -1  -109.22    28  4   0.0  0   0.0  0
       0.1         0.1         2.5         7.0
  26.33031    37.94078    10.589   93.71  61.02  0.4700E+12   17.28   2.86  -1  -1  -111.50    29  4   0.0  0   0.0  0
       4.5         5.0         0.6         0.1
  26.44415    37.93495    10.589   93.71  61.02  0.4700E+12   16.48   2.86  -1  -1   -84.15    92  4   0.0  0   0.0  0
       5.3        23.2         0.1         3.4
  26.55800    37.92912    10.589   93.71  61.02  0.4700E+12   13.36   2.86  -1  -1   -66.60    90  4   0.0  0   0.0  0
      22.9         2.1         6.1         0.4
  26.67184    37.92329    10.589   93.71  61.02  0.4700E+12    3.74   2.86  -1  -1   -93.72   137  4   0.0  0   0.0  0
      15.2         1.4        27.4         3.7
  26.78568    37.91746    10.589   93.71  61.02  0.4700E+12    1.44   2.86  -1  -1  -104.98   185  4   0.0  0   0.0  0
      35.8        10.7        17.9         0.1
  26.89953    37.91162    10.589   93.71  61.02  0.4700E+12    7.74   2.86  -1  -1   -81.33    61  4   0.0  0   0.0  0
       0.3         6.0         8.4         6.5
  27.01337    37.90580    10.589   93.71  61.02  0.4700E+12    5.87   2.86  -1  -1  -136.11     0  4   0.0  0   0.0  0
       0.0         0.0         0.0         0.0
  27.12721    37.89996    10.589   93.71  61.02  0.4700E+12    8.68   2.86  -1  -1  -136.11     0  4   0.0  0   0.0  0
       0.0         0.0         0.0         0.0
  27.24105    37.89413    10.589   93.71  61.02  0.4700E+12   11.51   2.86  -1  -1  -136.11     0  4   0.0  0   0.0  0
       0.0         0.0         0.0         0.0
  27.35490    37.88830    10.589   93.71  61.02  0.4700E+12   14.35   2.86  -1  -1  -136.11     0  4   0.0  0   0.0  0
       0.0         0.0         0.0         0.0
  27.46874    37.88247    10.589   93.71  61.02  0.4700E+12   17.19   2.86  -1  -1  -136.11     0  4   0.0  0   0.0  0
       0.0         0.0         0.0         0.0
  26.10431    37.97290     6.477   93.71  61.02  0.4700E+12   17.32   2.86  -1  -1  -136.11     0  4   0.0  0   0.0  0
       0.0         0.0         0.0         0.0
  26.21815    37.96707     6.477   93.71  61.02  0.4700E+12   16.51   2.86  -1  -1   -97.78    17  4   0.0  0   0.0  0
       0.1         0.1         4.8         0.9
  26.33200    37.96124     6.477   93.71  61.02  0.4700E+12   17.29   2.86  -1  -1   -90.04    30  4   0.0  0   0.0  0
       6.2         0.2         4.0         0.2
  26.44584    37.95541     6.477   93.71  61.02  0.4700E+12   12.86   2.86  -1  -1  -135.50    85  4   0.0  0   0.0  0
      26.5         2.8         0.2         0.4
  26.55968    37.94958     6.477   93.71  61.02  0.4700E+12   10.07   2.86  -1  -1  -120.98    92  4   0.0  0   0.0  0
      20.0         8.3         2.0         1.7
  26.67352    37.94374     6.477   93.71  61.02  0.4700E+12    8.06   2.86  -1  -1   -64.52   161  4   0.0  0   0.0  0
      12.9        24.9        17.9         0.6
  26.78736    37.93792     6.477   93.71  61.02  0.4700E+12    8.38   2.86  -1  -1   -74.79   128  4   0.0  0   0.0  0
      24.8         7.2         0.5        12.4
  26.90121    37.93208     6.477   93.71  61.02  0.4700E+12    6.48   2.86  -1  -1   -64.47    87  4   0.0  0   0.0  0
      10.1         0.6        19.0         0.8
  27.01505    37.92625     6.477   93.71  61.02  0.4700E+12    6.31   2.86  -1  -1  -136.11     0  4   0.0  0   0.0  0
       0.0         0.0         0.0         0.0
  27.12889    37.92042     6.477   93.71  61.02  0.4700E+12    8.98   2.86  -1  -1  -136.11     0  4   0.0  0   0.0  0
       0.0         0.0         0.0         0.0
  27.24274    37.91459     6.477   93.71  61.02  0.4700E+12   11.74   2.86  -1  -1  -136.11     0  4   0.0  0   0.0  0
       0.0         0.0         0.0         0.0
  27.35658    37.90876     6.477   93.71  61.02  0.4700E+12   14.54   2.86  -1  -1  -136.11     0  4   0.0  0   0.0  0
       0.0         0.0         0.0         0.0
  27.47042    37.90293     6.477   93.71  61.02  0.4700E+12   17.32   2.86  -1  -1  -136.11     0  4   0.0  0   0.0  0
       0.0         0.0         0.0         0.0
  26.10599    37.99335     2.366   93.71  61.02  0.4700E+12   17.32   2.86  -1  -1  -136.11     0  4   0.0  0   0.0  0
       0.0         0.0         0.0         0.0
  26.21984    37.98753     2.366   93.71  61.02  0.4700E+12   15.05   2.86  -1  -1  -105.01     1  4   0.0  0   0.0  0
       0.1         0.1         0.1         0.1
  26.33368    37.98169     2.366   93.71  61.02  0.4700E+12   12.47   2.86  -1  -1  -123.59    32  4   0.0  0   0.0  0
       6.1         0.9         0.7         3.7
  26.44752    37.97586     2.366   93.71  61.02  0.4700E+12   15.90   2.86  -1  -1  -104.81    88  4   0.0  0   0.0  0
      13.9         8.7         1.2         7.0
  26.56136    37.97003     2.366   93.71  61.02  0.4700E+12    7.07   2.86  -1  -1  -108.98   174  4   0.0  0   0.0  0
      56.5         0.2         0.2         4.1
  26.67521    37.96420     2.366   93.71  61.02  0.4700E+12   10.09   2.86  -1  -1   -85.26   241  4   0.0  0   0.0  0
      14.2        28.7        19.5        21.7
  26.78905    37.95837     2.366   93.71  61.02  0.4700E+12    5.91   2.86  -1  -1   -77.99   261  4   0.0  0   0.0  0
      35.1         1.3        21.4        33.5
  26.90289    37.95254     2.366   93.71  61.02  0.4700E+12    5.33   2.86  -1  -1   -67.41   239  4   0.0  0   0.0  0
      50.2        27.2         5.8         0.5
  27.01673    37.94671     2.366   93.71  61.02  0.4700E+12    6.99   2.86  -1  -1  -136.11     0  4   0.0  0   0.0  0
       0.0         0.0         0.0         0.0
  27.13058    37.94088     2.366   93.71  61.02  0.4700E+12    9.47   2.86  -1  -1  -136.11     0  4   0.0  0   0.0  0
       0.0         0.0         0.0         0.0
  27.24442    37.93505     2.366   93.71  61.02  0.4700E+12   12.12   2.86  -1  -1  -136.11     0  4   0.0  0   0.0  0
       0.0         0.0         0.0         0.0
  27.35826    37.92922     2.366   93.71  61.02  0.4700E+12   14.84   2.86  -1  -1  -136.11     0  4   0.0  0   0.0  0
       0.0         0.0         0.0         0.0
  27.47211    37.92339     2.366   93.71  61.02  0.4700E+12   17.32   2.86  -1  -1  -136.11     0  4   0.0  0   0.0  0
       0.0         0.0         0.0         0.0
