2.0
#
# http://equake-rc.info/static/paper/SRF-Description-Graves_2.0.pdf
# RECTANGULAR fault MODEL
#
# All subfaults are   7.0 km long along strike and
#   4.4 km wide along dip
#
# Model length along strike is   63.0 km
#
# Model width along dip is   22.0 km
#
# Corners of the rectangular dislocation model (lat, lon):
#     52.209   176.818 : corner 1
#     52.305   175.904 : corner 2
#     52.319   175.908 : corner 3
#     52.222   176.821 : corner 4
#
#
# Number of elementary sliprate
# isoceles triangular functions
# per subfault:   4
#
# Half duration of elementary sliprate
# isoceles triangular functions (s):   1.81
# Triangles are overlapping each other by half
#
# slip rate unit: cm/s
#
#
# Seismic moment is converted into slip
# using a single constant value for the
# shear modulus mu of  0.250E+12 dyne/cm2
# assumed to be constant and characteristic
# of the fault shear zone
#
#
#
# "rake" (degrees) is the slip angle (Aki"s convention,
# e.g. rake=+45 means left-lateral-reverse movement.
#
#
# ************************************************
# Total seismic moment M0=  0.862E+26 dyne.cm
# ************************************************
#
#
PLANE 1
 176.36099    52.25700    9    5    63.000    22.000
279.83  86.09     0.236     0.000    15.400
POINTS   45
 176.36340    52.26640    15.600  279.83  86.09  0.3080E+12    0.00   1.81  -1  -1  -125.63    45  4   0.0  0   0.0  0
      24.6         0.1         0.1         0.1
 176.66872    52.23676    19.990  279.83  86.09  0.3080E+12    6.16   1.81  -1  -1  -126.09    47  4   0.0  0   0.0  0
      25.6         0.1         0.1         0.1
 176.56720    52.24753    19.990  279.83  86.09  0.3080E+12    4.31   1.81  -1  -1  -128.66    13  4   0.0  0   0.0  0
       7.2         0.1         0.1         0.1
 176.46568    52.25830    19.990  279.83  86.09  0.3080E+12    2.37   1.81  -1  -1  -160.68    34  4   0.0  0   0.0  0
      18.7         0.1         0.1         0.1
 176.36415    52.26907    19.990  279.83  86.09  0.3080E+12    3.34   1.81  -1  -1  -162.07     1  4   0.0  0   0.0  0
       0.1         0.1         0.1         0.1
 176.26263    52.27983    19.990  279.83  86.09  0.3080E+12    7.19   1.81  -1  -1   164.53     1  4   0.0  0   0.0  0
       0.1         0.1         0.1         0.1
 176.16112    52.29060    19.990  279.83  86.09  0.3080E+12    8.28   1.81  -1  -1   166.49     1  4   0.0  0   0.0  0
       0.1         0.1         0.1         0.5
 176.05960    52.30137    19.990  279.83  86.09  0.3080E+12    8.40   1.81  -1  -1   172.28     5  4   0.0  0   0.0  0
       0.1         0.1         2.6         0.3
 175.95808    52.31214    19.990  279.83  86.09  0.3080E+12    8.10   1.81  -1  -1   147.03     0  4   0.0  0   0.0  0
       0.0         0.0         0.0         0.0
 176.76949    52.22333    15.600  279.83  86.09  0.3080E+12    8.21   1.81  -1  -1  -123.08    83  4   0.0  0   0.0  0
      45.5         0.1         0.1         0.1
 176.66797    52.23409    15.600  279.83  86.09  0.3080E+12    6.20   1.81  -1  -1  -123.21    79  4   0.0  0   0.0  0
      43.4         0.1         0.1         0.1
 176.56644    52.24486    15.600  279.83  86.09  0.3080E+12    4.21   1.81  -1  -1  -140.02    43  4   0.0  0   0.0  0
      23.5         0.1         0.1         0.1
 176.46492    52.25563    15.600  279.83  86.09  0.3080E+12    2.32   1.81  -1  -1  -127.95    83  4   0.0  0   0.0  0
      45.6         0.1         0.1         0.1
 176.77023    52.22599    19.990  279.83  86.09  0.3080E+12    8.22   1.81  -1  -1  -123.03    63  4   0.0  0   0.0  0
      34.4         0.1         0.1         0.1
 176.26189    52.27717    15.600  279.83  86.09  0.3080E+12    5.51   1.81  -1  -1   150.87     1  4   0.0  0   0.0  0
       0.1         0.3         0.1         0.1
 176.16037    52.28794    15.600  279.83  86.09  0.3080E+12    7.26   1.81  -1  -1   168.43     1  4   0.0  0   0.0  0
       0.1         0.1         0.1         0.2
 176.05884    52.29871    15.600  279.83  86.09  0.3080E+12    6.66   1.81  -1  -1   173.83    19  4   0.0  0   0.0  0
       0.1         0.6         5.8         4.2
 175.95732    52.30947    15.600  279.83  86.09  0.3080E+12    8.00   1.81  -1  -1   147.03     0  4   0.0  0   0.0  0
       0.0         0.0         0.0         0.0
 176.76872    52.22066    11.210  279.83  86.09  0.3080E+12    8.22   1.81  -1  -1  -123.16    83  4   0.0  0   0.0  0
      45.6         0.1         0.1         0.1
 176.66721    52.23143    11.210  279.83  86.09  0.3080E+12    6.20   1.81  -1  -1  -125.43    83  4   0.0  0   0.0  0
      45.6         0.1         0.1         0.1
 176.56569    52.24220    11.210  279.83  86.09  0.3080E+12    8.27   1.81  -1  -1   168.33    28  4   0.0  0   0.0  0
       1.1         0.1         2.7        11.5
 176.46417    52.25297    11.210  279.83  86.09  0.3080E+12    2.38   1.81  -1  -1  -158.25    50  4   0.0  0   0.0  0
      27.5         0.1         0.1         0.1
 176.36266    52.26373    11.210  279.83  86.09  0.3080E+12    4.16   1.81  -1  -1  -170.56     1  4   0.0  0   0.0  0
       0.1         0.1         0.1         0.1
 176.26112    52.27450    11.210  279.83  86.09  0.3080E+12    5.63   1.81  -1  -1   155.23     4  4   0.0  0   0.0  0
       0.1         2.1         0.1         0.1
 176.15961    52.28527    11.210  279.83  86.09  0.3080E+12    7.19   1.81  -1  -1  -179.88     1  4   0.0  0   0.0  0
       0.1         0.1         0.1         0.1
 176.05809    52.29604    11.210  279.83  86.09  0.3080E+12    6.70   1.81  -1  -1  -174.47     1  4   0.0  0   0.0  0
       0.1         0.1         0.1         0.5
 175.95657    52.30681    11.210  279.83  86.09  0.3080E+12    8.10   1.81  -1  -1   147.03     0  4   0.0  0   0.0  0
       0.0         0.0         0.0         0.0
 176.76797    52.21799     6.821  279.83  86.09  0.3080E+12    8.42   1.81  -1  -1  -123.56    76  4   0.0  0   0.0  0
      41.8         0.1         0.1         0.1
 176.66646    52.22876     6.821  279.83  86.09  0.3080E+12    9.05   1.81  -1  -1  -159.13    14  4   0.0  0   0.0  0
       0.1         0.1         0.1         7.5
 176.56493    52.23953     6.821  279.83  86.09  0.3080E+12    8.27   1.81  -1  -1   174.05    48  4   0.0  0   0.0  0
       0.1         0.1         0.1        26.4
 176.46341    52.25030     6.821  279.83  86.09  0.3080E+12    7.62   1.81  -1  -1   167.54    14  4   0.0  0   0.0  0
       0.1         0.1         7.7         0.1
 176.36189    52.26107     6.821  279.83  86.09  0.3080E+12    5.20   1.81  -1  -1   169.56     2  4   0.0  0   0.0  0
       0.1         0.1         0.3         0.4
 176.26038    52.27184     6.821  279.83  86.09  0.3080E+12    5.05   1.81  -1  -1   166.30     1  4   0.0  0   0.0  0
       0.1         0.3         0.1         0.1
 176.15886    52.28261     6.821  279.83  86.09  0.3080E+12    5.34   1.81  -1  -1   172.51     1  4   0.0  0   0.0  0
       0.1         0.1         0.1         0.1
 176.05734    52.29338     6.821  279.83  86.09  0.3080E+12    7.67   1.81  -1  -1  -174.60     1  4   0.0  0   0.0  0
       0.1         0.1         0.1         0.1
 175.95581    52.30414     6.821  279.83  86.09  0.3080E+12    8.39   1.81  -1  -1   147.03     0  4   0.0  0   0.0  0
       0.0         0.0         0.0         0.0
 176.76721    52.21533     2.431  279.83  86.09  0.3080E+12    8.94   1.81  -1  -1  -126.38     0  4   0.0  0   0.0  0
       0.1         0.1         0.1         0.1
 176.66570    52.22610     2.431  279.83  86.09  0.3080E+12    9.10   1.81  -1  -1  -173.15    14  4   0.0  0   0.0  0
       0.1         0.1         0.1         7.4
 176.56418    52.23687     2.431  279.83  86.09  0.3080E+12    8.36   1.81  -1  -1   170.48    82  4   0.0  0   0.0  0
       0.1         0.1         9.4        36.0
 176.46266    52.24764     2.431  279.83  86.09  0.3080E+12    7.71   1.81  -1  -1   172.56    40  4   0.0  0   0.0  0
       0.1         0.1        16.3         5.4
 176.36115    52.25840     2.431  279.83  86.09  0.3080E+12    6.30   1.81  -1  -1   171.71    35  4   0.0  0   0.0  0
       0.1         6.2        13.2         0.1
 176.25961    52.26917     2.431  279.83  86.09  0.3080E+12    7.52   1.81  -1  -1   176.05    19  4   0.0  0   0.0  0
       7.9         1.5         0.8         0.1
 176.15810    52.27994     2.431  279.83  86.09  0.3080E+12    5.94   1.81  -1  -1   176.23     2  4   0.0  0   0.0  0
       0.6         0.1         0.1         0.2
 176.05658    52.29071     2.431  279.83  86.09  0.3080E+12    8.47   1.81  -1  -1   176.86     1  4   0.0  0   0.0  0
       0.1         0.1         0.1         0.1
 175.95506    52.30148     2.431  279.83  86.09  0.3080E+12    8.84   1.81  -1  -1   147.03     0  4   0.0  0   0.0  0
       0.0         0.0         0.0         0.0
