2.0
#
# http://equake-rc.info/static/paper/SRF-Description-Graves_2.0.pdf
# RECTANGULAR fault MODEL
#
# All subfaults are   7.0 km long along strike and
#   3.4 km wide along dip
#
# Model length along strike is   63.0 km
#
# Model width along dip is   17.0 km
#
# Corners of the rectangular dislocation model (lat, lon):
#     52.544   176.462 : corner 1
#     51.984   176.317 : corner 2
#     51.989   176.265 : corner 3
#     52.549   176.410 : corner 4
#
#
# Number of elementary sliprate
# isoceles triangular functions
# per subfault:   4
#
# Half duration of elementary sliprate
# isoceles triangular functions (s):   1.81
# Triangles are overlapping each other by half
#
# slip rate unit: cm/s
#
#
# Seismic moment is converted into slip
# using a single constant value for the
# shear modulus mu of  0.250E+12 dyne/cm2
# assumed to be constant and characteristic
# of the fault shear zone
#
#
#
# "rake" (degrees) is the slip angle (Aki"s convention,
# e.g. rake=+45 means left-lateral-reverse movement.
#
#
# ************************************************
# Total seismic moment M0=  0.504E+26 dyne.cm
# ************************************************
#
#
PLANE 1
 176.38950    52.26400    9    5    63.000    17.000
189.00  78.00     0.086     0.000     8.500
POINTS   45
 176.36340    52.26640     8.400  189.00  78.00  0.2380E+12    0.00   1.81  -1  -1   -20.24   158  4   0.0  0   0.0  0
      45.6        41.5         0.1         0.1
 176.39120    52.45523    15.051  189.00  78.00  0.2380E+12    7.66   1.81  -1  -1   -28.42     1  4   0.0  0   0.0  0
       0.1         0.1         0.1         0.1
 176.37509    52.39295    15.051  189.00  78.00  0.2380E+12    8.87   1.81  -1  -1   -22.16     1  4   0.0  0   0.0  0
       0.1         0.1         0.1         0.1
 176.35896    52.33067    15.051  189.00  78.00  0.2380E+12    8.81   1.81  -1  -1   -27.48     1  4   0.0  0   0.0  0
       0.1         0.1         0.1         0.1
 176.34285    52.26839    15.051  189.00  78.00  0.2380E+12    2.40   1.81  -1  -1   -32.86    14  4   0.0  0   0.0  0
       7.7         0.1         0.1         0.1
 176.32674    52.20611    15.051  189.00  78.00  0.2380E+12    8.88   1.81  -1  -1    -9.50     1  4   0.0  0   0.0  0
       0.1         0.1         0.1         0.1
 176.31061    52.14383    15.051  189.00  78.00  0.2380E+12    8.96   1.81  -1  -1     1.62     1  4   0.0  0   0.0  0
       0.1         0.1         0.1         0.1
 176.29449    52.08155    15.051  189.00  78.00  0.2380E+12    9.01   1.81  -1  -1    -8.70     1  4   0.0  0   0.0  0
       0.1         0.1         0.1         0.2
 176.27838    52.01928    15.051  189.00  78.00  0.2380E+12    8.23   1.81  -1  -1   -49.00     0  4   0.0  0   0.0  0
       0.0         0.0         0.0         0.0
 176.41760    52.51651    11.726  189.00  78.00  0.2380E+12    8.76   1.81  -1  -1   -25.00     1  4   0.0  0   0.0  0
       0.1         0.1         0.1         0.1
 176.40147    52.45423    11.726  189.00  78.00  0.2380E+12    8.81   1.81  -1  -1   -33.62     1  4   0.0  0   0.0  0
       0.1         0.2         0.1         0.1
 176.38536    52.39195    11.726  189.00  78.00  0.2380E+12    8.82   1.81  -1  -1   -12.85     1  4   0.0  0   0.0  0
       0.1         0.1         0.1         0.3
 176.36925    52.32967    11.726  189.00  78.00  0.2380E+12    7.62   1.81  -1  -1   -37.43     1  4   0.0  0   0.0  0
       0.1         0.1         0.1         0.1
 176.35313    52.26740    11.726  189.00  78.00  0.2380E+12    1.10   1.81  -1  -1   -21.33    83  4   0.0  0   0.0  0
      45.6         0.1         0.1         0.1
 176.33701    52.20512    11.726  189.00  78.00  0.2380E+12    2.37   1.81  -1  -1   -45.94    14  4   0.0  0   0.0  0
       7.3         0.1         0.1         0.1
 176.32089    52.14284    11.726  189.00  78.00  0.2380E+12    6.11   1.81  -1  -1   -10.86     1  4   0.0  0   0.0  0
       0.1         0.1         0.1         0.1
 176.30478    52.08056    11.726  189.00  78.00  0.2380E+12    8.90   1.81  -1  -1    10.48     1  4   0.0  0   0.0  0
       0.1         0.1         0.1         0.1
 176.28865    52.01828    11.726  189.00  78.00  0.2380E+12    8.06   1.81  -1  -1   -49.00     0  4   0.0  0   0.0  0
       0.0         0.0         0.0         0.0
 176.42787    52.51551     8.400  189.00  78.00  0.2380E+12    8.84   1.81  -1  -1   -25.34     1  4   0.0  0   0.0  0
       0.2         0.2         0.1         0.1
 176.41176    52.45324     8.400  189.00  78.00  0.2380E+12    7.68   1.81  -1  -1   -31.25     1  4   0.0  0   0.0  0
       0.1         0.1         0.1         0.1
 176.39565    52.39096     8.400  189.00  78.00  0.2380E+12    8.94   1.81  -1  -1   -36.98     1  4   0.0  0   0.0  0
       0.1         0.3         0.1         0.1
 176.37952    52.32868     8.400  189.00  78.00  0.2380E+12    2.15   1.81  -1  -1   -19.34    34  4   0.0  0   0.0  0
      18.6         0.1         0.1         0.1
 176.40732    52.51751    15.051  189.00  78.00  0.2380E+12    8.87   1.81  -1  -1   -24.54     1  4   0.0  0   0.0  0
       0.3         0.1         0.1         0.1
 176.34729    52.20412     8.400  189.00  78.00  0.2380E+12    2.40   1.81  -1  -1   -23.21    33  4   0.0  0   0.0  0
      18.2         0.1         0.1         0.1
 176.33116    52.14184     8.400  189.00  78.00  0.2380E+12    8.92   1.81  -1  -1    -0.15     1  4   0.0  0   0.0  0
       0.1         0.1         0.1         0.1
 176.31505    52.07956     8.400  189.00  78.00  0.2380E+12    8.87   1.81  -1  -1    16.92     1  4   0.0  0   0.0  0
       0.1         0.1         0.2         0.1
 176.29893    52.01728     8.400  189.00  78.00  0.2380E+12    8.00   1.81  -1  -1   -49.00     0  4   0.0  0   0.0  0
       0.0         0.0         0.0         0.0
 176.43816    52.51452     5.074  189.00  78.00  0.2380E+12    8.26   1.81  -1  -1    -4.29     1  4   0.0  0   0.0  0
       0.1         0.1         0.1         0.1
 176.42203    52.45224     5.074  189.00  78.00  0.2380E+12    8.83   1.81  -1  -1   -30.63     2  4   0.0  0   0.0  0
       0.1         1.0         0.1         0.1
 176.40591    52.38996     5.074  189.00  78.00  0.2380E+12    8.87   1.81  -1  -1   -18.96     2  4   0.0  0   0.0  0
       0.1         0.2         0.5         0.1
 176.38980    52.32768     5.074  189.00  78.00  0.2380E+12    6.98   1.81  -1  -1   -16.80    21  4   0.0  0   0.0  0
       0.1         0.1         3.7         7.7
 176.37367    52.26540     5.074  189.00  78.00  0.2380E+12    1.23   1.81  -1  -1   -16.48    83  4   0.0  0   0.0  0
      45.6         0.1         0.1         0.1
 176.35756    52.20312     5.074  189.00  78.00  0.2380E+12    7.71   1.81  -1  -1   -15.67    38  4   0.0  0   0.0  0
       9.2         0.1         8.8         2.8
 176.34145    52.14085     5.074  189.00  78.00  0.2380E+12    7.71   1.81  -1  -1     3.72     3  4   0.0  0   0.0  0
       0.1         0.1         1.1         0.1
 176.32533    52.07857     5.074  189.00  78.00  0.2380E+12    8.85   1.81  -1  -1     2.77     1  4   0.0  0   0.0  0
       0.1         0.1         0.1         0.1
 176.30920    52.01628     5.074  189.00  78.00  0.2380E+12    8.06   1.81  -1  -1   -49.00     0  4   0.0  0   0.0  0
       0.0         0.0         0.0         0.0
 176.44843    52.51352     1.749  189.00  78.00  0.2380E+12    8.95   1.81  -1  -1   -20.42     2  4   0.0  0   0.0  0
       0.1         0.6         0.1         0.1
 176.43231    52.45124     1.749  189.00  78.00  0.2380E+12    8.78   1.81  -1  -1   -14.07    18  4   0.0  0   0.0  0
       0.1         3.9         5.8         0.1
 176.41620    52.38897     1.749  189.00  78.00  0.2380E+12    8.16   1.81  -1  -1    -3.66    52  4   0.0  0   0.0  0
       0.1         7.3         7.3        13.8
 176.40007    52.32669     1.749  189.00  78.00  0.2380E+12    7.72   1.81  -1  -1     2.95    44  4   0.0  0   0.0  0
       0.1         0.3        23.8         0.1
 176.38396    52.26441     1.749  189.00  78.00  0.2380E+12    3.42   1.81  -1  -1    -2.35    83  4   0.0  0   0.0  0
      18.8         0.1         0.1        26.8
 176.36784    52.20213     1.749  189.00  78.00  0.2380E+12    8.93   1.81  -1  -1    10.60    82  4   0.0  0   0.0  0
       0.1         0.2        27.0        18.0
 176.35172    52.13985     1.749  189.00  78.00  0.2380E+12    7.03   1.81  -1  -1    15.12    62  4   0.0  0   0.0  0
       0.1         0.1        14.4        19.7
 176.33560    52.07757     1.749  189.00  78.00  0.2380E+12    8.38   1.81  -1  -1     3.32     4  4   0.0  0   0.0  0
       0.1         0.1         1.2         0.8
 176.31949    52.01529     1.749  189.00  78.00  0.2380E+12    8.23   1.81  -1  -1   -49.00     0  4   0.0  0   0.0  0
       0.0         0.0         0.0         0.0
