2.0
#
# http://equake-rc.info/static/paper/SRF-Description-Graves_2.0.pdf
# RECTANGULAR fault MODEL
#
# All subfaults are   2.0 km long along strike and
#   4.0 km wide along dip
#
# Model length along strike is   18.0 km
#
# Model width along dip is   20.0 km
#
# Corners of the rectangular dislocation model (lat, lon):
#     52.430  -169.808 : corner 1
#     52.498  -169.567 : corner 2
#     52.417  -169.505 : corner 3
#     52.348  -169.746 : corner 4
#
#
# Number of elementary sliprate
# isoceles triangular functions
# per subfault:   4
#
# Half duration of elementary sliprate
# isoceles triangular functions (s):   0.98
# Triangles are overlapping each other by half
#
# slip rate unit: cm/s
#
#
# Seismic moment is converted into slip
# using a single constant value for the
# shear modulus mu of  0.250E+12 dyne/cm2
# assumed to be constant and characteristic
# of the fault shear zone
#
#
#
# "rake" (degrees) is the slip angle (Aki"s convention,
# e.g. rake=+45 means left-lateral-reverse movement.
#
#
# ************************************************
# Total seismic moment M0=  0.279E+25 dyne.cm
# ************************************************
#
#
PLANE 1
-169.68750    52.46400    9    5    18.000    20.000
 65.00  60.00     1.876     0.000    14.000
POINTS   45
-169.64400    52.40700    14.000   65.00  60.00  0.8000E+11    0.00   0.98  -1  -1    98.21     0  4   0.0  0   0.0  0
       0.1         0.0         0.0         0.0
-169.71181    52.36783    17.464   65.00  60.00  0.8000E+11    2.58   0.98  -1  -1   128.66     3  4   0.0  0   0.0  0
       0.1         0.0         0.2         2.7
-169.68504    52.37545    17.464   65.00  60.00  0.8000E+11    3.52   0.98  -1  -1   116.67     2  4   0.0  0   0.0  0
       0.0         0.0         0.1         2.2
-169.65828    52.38306    17.464   65.00  60.00  0.8000E+11    3.45   0.98  -1  -1   105.40     3  4   0.0  0   0.0  0
       0.0         0.0         0.1         3.1
-169.63152    52.39067    17.464   65.00  60.00  0.8000E+11    3.52   0.98  -1  -1   100.69     1  4   0.0  0   0.0  0
       0.0         0.0         0.1         1.2
-169.60475    52.39829    17.464   65.00  60.00  0.8000E+11    3.53   0.98  -1  -1    92.78     2  4   0.0  0   0.0  0
       0.1         0.0         0.0         2.4
-169.57799    52.40590    17.464   65.00  60.00  0.8000E+11    3.53   0.98  -1  -1    83.29     4  4   0.0  0   0.0  0
       0.0         0.0         0.1         4.0
-169.55122    52.41352    17.464   65.00  60.00  0.8000E+11    3.52   0.98  -1  -1    62.29     6  4   0.0  0   0.0  0
       0.0         0.1         0.1         6.2
-169.52446    52.42113    17.464   65.00  60.00  0.8000E+11    3.48   0.98  -1  -1    51.60    13  4   0.0  0   0.0  0
       0.0         0.0         0.6        12.5
-169.75105    52.37654    14.000   65.00  60.00  0.8000E+11    3.52   0.98  -1  -1   134.36     5  4   0.0  0   0.0  0
       0.1         0.1         1.4         3.6
-169.72429    52.38416    14.000   65.00  60.00  0.8000E+11    2.80   0.98  -1  -1   133.00     0  4   0.0  0   0.0  0
       0.1         0.0         0.2         0.1
-169.69753    52.39177    14.000   65.00  60.00  0.8000E+11    2.77   0.98  -1  -1   132.32     0  4   0.0  0   0.0  0
       0.1         0.1         0.2         0.1
-169.67076    52.39939    14.000   65.00  60.00  0.8000E+11    1.74   0.98  -1  -1   130.72     0  4   0.0  0   0.0  0
       0.0         0.0         0.1         0.0
-169.73857    52.36022    17.464   65.00  60.00  0.8000E+11    3.52   0.98  -1  -1   118.23     6  4   0.0  0   0.0  0
       0.0         0.1         0.9         5.5
-169.61723    52.41462    14.000   65.00  60.00  0.8000E+11    1.63   0.98  -1  -1   104.27     0  4   0.0  0   0.0  0
       0.1         0.0         0.0         0.0
-169.59047    52.42223    14.000   65.00  60.00  0.8000E+11    1.61   0.98  -1  -1    63.10     0  4   0.0  0   0.0  0
       0.0         0.1         0.0         0.1
-169.56371    52.42984    14.000   65.00  60.00  0.8000E+11    3.47   0.98  -1  -1    72.00     0  4   0.0  0   0.0  0
       0.0         0.0         0.1         0.1
-169.53694    52.43746    14.000   65.00  60.00  0.8000E+11    3.02   0.98  -1  -1    69.13     0  4   0.0  0   0.0  0
       0.1         0.0         0.1         0.1
-169.76353    52.39288    10.536   65.00  60.00  0.8000E+11    2.85   0.98  -1  -1   132.54     0  4   0.0  0   0.0  0
       0.0         0.1         0.2         0.1
-169.73677    52.40049    10.536   65.00  60.00  0.8000E+11    2.82   0.98  -1  -1   122.33     0  4   0.0  0   0.0  0
       0.0         0.0         0.1         0.0
-169.71001    52.40810    10.536   65.00  60.00  0.8000E+11    3.52   0.98  -1  -1   128.81     0  4   0.0  0   0.0  0
       0.0         0.1         0.1         0.0
-169.68324    52.41571    10.536   65.00  60.00  0.8000E+11    2.46   0.98  -1  -1    86.11     0  4   0.0  0   0.0  0
       0.0         0.0         0.0         0.0
-169.65648    52.42333    10.536   65.00  60.00  0.8000E+11    3.37   0.98  -1  -1    98.62     0  4   0.0  0   0.0  0
       0.1         0.0         0.0         0.0
-169.62971    52.43094    10.536   65.00  60.00  0.8000E+11    3.07   0.98  -1  -1   115.98     0  4   0.0  0   0.0  0
       0.0         0.0         0.0         0.0
-169.60295    52.43856    10.536   65.00  60.00  0.8000E+11    1.63   0.98  -1  -1   102.99     0  4   0.0  0   0.0  0
       0.1         0.0         0.0         0.0
-169.57619    52.44617    10.536   65.00  60.00  0.8000E+11    3.36   0.98  -1  -1    75.53     0  4   0.0  0   0.0  0
       0.0         0.0         0.1         0.1
-169.54942    52.45378    10.536   65.00  60.00  0.8000E+11    3.46   0.98  -1  -1    46.84     0  4   0.0  0   0.0  0
       0.0         0.0         0.1         0.0
-169.77602    52.40920     7.072   65.00  60.00  0.8000E+11    3.26   0.98  -1  -1   133.34     2  4   0.0  0   0.0  0
       0.0         0.1         1.0         0.7
-169.74925    52.41682     7.072   65.00  60.00  0.8000E+11    2.92   0.98  -1  -1   118.28     5  4   0.0  0   0.0  0
       0.0         0.1         1.1         3.6
-169.72249    52.42443     7.072   65.00  60.00  0.8000E+11    3.36   0.98  -1  -1   122.58     4  4   0.0  0   0.0  0
       0.0         0.0         1.1         2.8
-169.69572    52.43204     7.072   65.00  60.00  0.8000E+11    2.69   0.98  -1  -1   115.12     3  4   0.0  0   0.0  0
       0.0         0.0         0.3         2.2
-169.66896    52.43966     7.072   65.00  60.00  0.8000E+11    2.69   0.98  -1  -1   114.66     2  4   0.0  0   0.0  0
       0.0         0.1         0.1         1.4
-169.64220    52.44727     7.072   65.00  60.00  0.8000E+11    2.77   0.98  -1  -1   109.45     1  4   0.0  0   0.0  0
       0.0         0.0         0.1         0.5
-169.61543    52.45488     7.072   65.00  60.00  0.8000E+11    3.25   0.98  -1  -1   110.17     1  4   0.0  0   0.0  0
       0.1         0.0         0.1         0.6
-169.58867    52.46250     7.072   65.00  60.00  0.8000E+11    3.26   0.98  -1  -1    57.39     3  4   0.0  0   0.0  0
       0.0         0.1         0.0         3.3
-169.56190    52.47011     7.072   65.00  60.00  0.8000E+11    3.30   0.98  -1  -1    63.56     3  4   0.0  0   0.0  0
       0.0         0.0         0.1         2.9
-169.78850    52.42553     3.608   65.00  60.00  0.8000E+11    3.53   0.98  -1  -1    88.49     8  4   0.0  0   0.0  0
       7.9         0.5         0.0         0.1
-169.76173    52.43314     3.608   65.00  60.00  0.8000E+11    3.53   0.98  -1  -1    92.85     8  4   0.0  0   0.0  0
       7.5         0.5         0.1         0.4
-169.73497    52.44076     3.608   65.00  60.00  0.8000E+11    3.53   0.98  -1  -1    99.89     6  4   0.0  0   0.0  0
       5.1         0.8         0.1         0.2
-169.70821    52.44837     3.608   65.00  60.00  0.8000E+11    3.52   0.98  -1  -1   118.08     5  4   0.0  0   0.0  0
       1.2         4.0         0.1         0.0
-169.68144    52.45599     3.608   65.00  60.00  0.8000E+11    3.50   0.98  -1  -1   113.13     5  4   0.0  0   0.0  0
       3.4         1.9         0.1         0.1
-169.65468    52.46360     3.608   65.00  60.00  0.8000E+11    3.50   0.98  -1  -1   112.82     3  4   0.0  0   0.0  0
       1.6         1.0         0.2         0.1
-169.62791    52.47121     3.608   65.00  60.00  0.8000E+11    3.53   0.98  -1  -1    96.54     3  4   0.0  0   0.0  0
       2.3         0.1         0.4         0.7
-169.60115    52.47883     3.608   65.00  60.00  0.8000E+11    3.53   0.98  -1  -1    78.46     5  4   0.0  0   0.0  0
       3.1         0.1         1.1         0.6
-169.57439    52.48644     3.608   65.00  60.00  0.8000E+11    3.53   0.98  -1  -1    51.15    22  4   0.0  0   0.0  0
       5.4         4.9         8.6         3.5
