2.0
#
# http://equake-rc.info/static/paper/SRF-Description-Graves_2.0.pdf
# RECTANGULAR fault MODEL
#
# All subfaults are   7.0 km long along strike and
#  13.0 km wide along dip
#
# Model length along strike is   63.0 km
#
# Model width along dip is   65.0 km
#
# Corners of the rectangular dislocation model (lat, lon):
#    -35.417   -70.100 : corner 1
#    -35.808   -70.599 : corner 2
#    -35.405   -71.074 : corner 3
#    -35.013   -70.575 : corner 4
#
#
# Number of elementary sliprate
# isoceles triangular functions
# per subfault:   4
#
# Half duration of elementary sliprate
# isoceles triangular functions (s):   1.81
# Triangles are overlapping each other by half
#
# slip rate unit: cm/s
#
#
# Seismic moment is converted into slip
# using a single constant value for the
# shear modulus mu of  0.250E+12 dyne/cm2
# assumed to be constant and characteristic
# of the fault shear zone
#
#
#
# "rake" (degrees) is the slip angle (Aki"s convention,
# e.g. rake=+45 means left-lateral-reverse movement.
#
#
# ************************************************
# Total seismic moment M0=  0.216E+26 dyne.cm
# ************************************************
#
#
PLANE 1
 -70.34950   -35.61250    9    5    63.000    65.000
226.15  16.08   107.394     0.000    45.500
POINTS   45
 -70.68200   -35.33000   120.000  226.15  16.08  0.9100E+12    0.00   1.81  -1  -1   -58.80    63  4   0.0  0   0.0  0
      29.2         4.2         1.2         0.1
 -70.61065   -35.11881   123.602  226.15  16.08  0.9100E+12    7.06   1.81  -1  -1  -105.83     0  4   0.0  0   0.0  0
       0.0         0.0         0.0         0.0
 -70.66613   -35.16229   123.602  226.15  16.08  0.9100E+12    5.46   1.81  -1  -1  -105.83     0  4   0.0  0   0.0  0
       0.0         0.0         0.0         0.0
 -70.72161   -35.20576   123.602  226.15  16.08  0.9100E+12    8.45   1.81  -1  -1   -48.65     3  4   0.0  0   0.0  0
       0.8         0.4         0.2         0.3
 -70.77709   -35.24924   123.602  226.15  16.08  0.9100E+12    6.66   1.81  -1  -1   -44.53     2  4   0.0  0   0.0  0
       0.1         0.5         0.2         0.2
 -70.83257   -35.29271   123.602  226.15  16.08  0.9100E+12    7.51   1.81  -1  -1   -38.40     4  4   0.0  0   0.0  0
       1.0         0.4         0.2         0.4
 -70.88805   -35.33619   123.602  226.15  16.08  0.9100E+12    5.46   1.81  -1  -1  -105.83     0  4   0.0  0   0.0  0
       0.0         0.0         0.0         0.0
 -70.94353   -35.37966   123.602  226.15  16.08  0.9100E+12    7.06   1.81  -1  -1  -105.83     0  4   0.0  0   0.0  0
       0.0         0.0         0.0         0.0
 -70.99900   -35.42313   123.602  226.15  16.08  0.9100E+12    8.82   1.81  -1  -1  -105.83     0  4   0.0  0   0.0  0
       0.0         0.0         0.0         0.0
 -70.46008   -35.15611   120.000  226.15  16.08  0.9100E+12    8.00   1.81  -1  -1  -105.83     0  4   0.0  0   0.0  0
       0.0         0.0         0.0         0.0
 -70.51556   -35.19958   120.000  226.15  16.08  0.9100E+12    6.00   1.81  -1  -1  -105.83     0  4   0.0  0   0.0  0
       0.0         0.0         0.0         0.0
 -70.57104   -35.24305   120.000  226.15  16.08  0.9100E+12    4.00   1.81  -1  -1  -105.83     0  4   0.0  0   0.0  0
       0.0         0.0         0.0         0.0
 -70.62652   -35.28653   120.000  226.15  16.08  0.9100E+12    2.76   1.81  -1  -1   -66.71     4  4   0.0  0   0.0  0
       2.0         0.3         0.1         0.1
 -70.55518   -35.07534   123.602  226.15  16.08  0.9100E+12    8.82   1.81  -1  -1  -105.83     0  4   0.0  0   0.0  0
       0.0         0.0         0.0         0.0
 -70.73748   -35.37347   120.000  226.15  16.08  0.9100E+12    2.67   1.81  -1  -1   -70.76     4  4   0.0  0   0.0  0
       1.5         0.2         0.2         0.1
 -70.79295   -35.41695   120.000  226.15  16.08  0.9100E+12    4.00   1.81  -1  -1  -105.83     0  4   0.0  0   0.0  0
       0.0         0.0         0.0         0.0
 -70.84843   -35.46042   120.000  226.15  16.08  0.9100E+12    6.00   1.81  -1  -1  -105.83     0  4   0.0  0   0.0  0
       0.0         0.0         0.0         0.0
 -70.90392   -35.50390   120.000  226.15  16.08  0.9100E+12    8.00   1.81  -1  -1  -105.83     0  4   0.0  0   0.0  0
       0.0         0.0         0.0         0.0
 -70.36500   -35.23687   116.398  226.15  16.08  0.9100E+12    8.82   1.81  -1  -1  -105.83     0  4   0.0  0   0.0  0
       0.0         0.0         0.0         0.0
 -70.42047   -35.28035   116.398  226.15  16.08  0.9100E+12    7.06   1.81  -1  -1  -105.83     0  4   0.0  0   0.0  0
       0.0         0.0         0.0         0.0
 -70.47595   -35.32382   116.398  226.15  16.08  0.9100E+12    5.46   1.81  -1  -1  -105.83     0  4   0.0  0   0.0  0
       0.0         0.0         0.0         0.0
 -70.53143   -35.36729   116.398  226.15  16.08  0.9100E+12    6.61   1.81  -1  -1  -103.97     1  4   0.0  0   0.0  0
       0.1         0.1         0.1         0.1
 -70.58691   -35.41077   116.398  226.15  16.08  0.9100E+12    8.40   1.81  -1  -1   -79.48     1  4   0.0  0   0.0  0
       0.1         0.1         0.1         0.1
 -70.64239   -35.45424   116.398  226.15  16.08  0.9100E+12    7.48   1.81  -1  -1  -103.35     1  4   0.0  0   0.0  0
       0.1         0.1         0.1         0.1
 -70.69787   -35.49771   116.398  226.15  16.08  0.9100E+12    5.46   1.81  -1  -1  -105.83     0  4   0.0  0   0.0  0
       0.0         0.0         0.0         0.0
 -70.75335   -35.54119   116.398  226.15  16.08  0.9100E+12    7.06   1.81  -1  -1  -105.83     0  4   0.0  0   0.0  0
       0.0         0.0         0.0         0.0
 -70.80882   -35.58466   116.398  226.15  16.08  0.9100E+12    8.82   1.81  -1  -1  -105.83     0  4   0.0  0   0.0  0
       0.0         0.0         0.0         0.0
 -70.26991   -35.31764   112.796  226.15  16.08  0.9100E+12    9.14   1.81  -1  -1  -105.83     0  4   0.0  0   0.0  0
       0.0         0.0         0.0         0.0
 -70.32539   -35.36111   112.796  226.15  16.08  0.9100E+12    9.14   1.81  -1  -1  -105.83     0  4   0.0  0   0.0  0
       0.0         0.0         0.0         0.0
 -70.38087   -35.40459   112.796  226.15  16.08  0.9100E+12    8.44   1.81  -1  -1  -105.83     0  4   0.0  0   0.0  0
       0.0         0.0         0.0         0.0
 -70.43634   -35.44806   112.796  226.15  16.08  0.9100E+12    8.60   1.81  -1  -1  -100.40     1  4   0.0  0   0.0  0
       0.1         0.1         0.1         0.1
 -70.49182   -35.49154   112.796  226.15  16.08  0.9100E+12    8.39   1.81  -1  -1   -88.40     1  4   0.0  0   0.0  0
       0.1         0.1         0.1         0.1
 -70.54730   -35.53501   112.796  226.15  16.08  0.9100E+12    8.60   1.81  -1  -1   -95.34     1  4   0.0  0   0.0  0
       0.1         0.1         0.1         0.1
 -70.60278   -35.57848   112.796  226.15  16.08  0.9100E+12    8.44   1.81  -1  -1  -105.83     0  4   0.0  0   0.0  0
       0.0         0.0         0.0         0.0
 -70.65826   -35.62196   112.796  226.15  16.08  0.9100E+12    9.14   1.81  -1  -1  -105.83     0  4   0.0  0   0.0  0
       0.0         0.0         0.0         0.0
 -70.71374   -35.66543   112.796  226.15  16.08  0.9100E+12    9.14   1.81  -1  -1  -105.83     0  4   0.0  0   0.0  0
       0.0         0.0         0.0         0.0
 -70.17482   -35.39840   109.195  226.15  16.08  0.9100E+12    9.14   1.81  -1  -1  -105.83     0  4   0.0  0   0.0  0
       0.0         0.0         0.0         0.0
 -70.23029   -35.44188   109.195  226.15  16.08  0.9100E+12    9.14   1.81  -1  -1  -105.83     0  4   0.0  0   0.0  0
       0.0         0.0         0.0         0.0
 -70.28577   -35.48535   109.195  226.15  16.08  0.9100E+12    9.14   1.81  -1  -1  -105.83     0  4   0.0  0   0.0  0
       0.0         0.0         0.0         0.0
 -70.34126   -35.52883   109.195  226.15  16.08  0.9100E+12    9.14   1.81  -1  -1  -105.66    11  4   0.0  0   0.0  0
       2.8         0.1         0.1         3.0
 -70.39673   -35.57230   109.195  226.15  16.08  0.9100E+12    9.14   1.81  -1  -1  -105.00     1  4   0.0  0   0.0  0
       0.1         0.1         0.1         0.1
 -70.45221   -35.61578   109.195  226.15  16.08  0.9100E+12    9.14   1.81  -1  -1   -99.51     1  4   0.0  0   0.0  0
       0.1         0.1         0.1         0.1
 -70.50769   -35.65925   109.195  226.15  16.08  0.9100E+12    9.14   1.81  -1  -1  -105.83     0  4   0.0  0   0.0  0
       0.0         0.0         0.0         0.0
 -70.56316   -35.70272   109.195  226.15  16.08  0.9100E+12    9.14   1.81  -1  -1  -105.83     0  4   0.0  0   0.0  0
       0.0         0.0         0.0         0.0
 -70.61864   -35.74620   109.195  226.15  16.08  0.9100E+12    9.14   1.81  -1  -1  -105.83     0  4   0.0  0   0.0  0
       0.0         0.0         0.0         0.0
