2.0
#
# http://equake-rc.info/static/paper/SRF-Description-Graves_2.0.pdf
# RECTANGULAR fault MODEL
#
# All subfaults are   2.0 km long along strike and
#   4.0 km wide along dip
#
# Model length along strike is   18.0 km
#
# Model width along dip is   20.0 km
#
# Corners of the rectangular dislocation model (lat, lon):
#     52.342  -169.448 : corner 1
#     52.274  -169.689 : corner 2
#     52.415  -169.797 : corner 3
#     52.484  -169.556 : corner 4
#
#
# Number of elementary sliprate
# isoceles triangular functions
# per subfault:   4
#
# Half duration of elementary sliprate
# isoceles triangular functions (s):   0.98
# Triangles are overlapping each other by half
#
# slip rate unit: cm/s
#
#
# Seismic moment is converted into slip
# using a single constant value for the
# shear modulus mu of  0.250E+12 dyne/cm2
# assumed to be constant and characteristic
# of the fault shear zone
#
#
#
# "rake" (degrees) is the slip angle (Aki"s convention,
# e.g. rake=+45 means left-lateral-reverse movement.
#
#
# ************************************************
# Total seismic moment M0=  0.257E+25 dyne.cm
# ************************************************
#
#
PLANE 1
-169.56850    52.30800    9    5    18.000    20.000
245.00  30.00    19.000     0.000    13.998
POINTS   45
-169.64400    52.40700    26.000  245.00  30.00  0.8000E+11    0.00   0.98  -1  -1    74.75    17  4   0.0  0   0.0  0
      17.2         0.1         0.1         0.1
-169.58531    52.45812    28.000  245.00  30.00  0.8000E+11    2.12   0.98  -1  -1    82.15     0  4   0.0  0   0.0  0
       0.1         0.0         0.0         0.1
-169.61209    52.45051    28.000  245.00  30.00  0.8000E+11    1.68   0.98  -1  -1    85.44     0  4   0.0  0   0.0  0
       0.1         0.1         0.0         0.0
-169.63885    52.44290    28.000  245.00  30.00  0.8000E+11    1.28   0.98  -1  -1    45.00     0  4   0.0  0   0.0  0
       0.0         0.0         0.0         0.0
-169.66562    52.43528    28.000  245.00  30.00  0.8000E+11    1.20   0.98  -1  -1   108.16     1  4   0.0  0   0.0  0
       0.6         0.0         0.1         0.1
-169.69238    52.42767    28.000  245.00  30.00  0.8000E+11    3.22   0.98  -1  -1   102.54     0  4   0.0  0   0.0  0
       0.1         0.0         0.0         0.0
-169.71915    52.42006    28.000  245.00  30.00  0.8000E+11    1.77   0.98  -1  -1    78.66     0  4   0.0  0   0.0  0
       0.2         0.0         0.0         0.1
-169.74591    52.41244    28.000  245.00  30.00  0.8000E+11    2.17   0.98  -1  -1    75.19     0  4   0.0  0   0.0  0
       0.1         0.1         0.0         0.0
-169.77267    52.40483    28.000  245.00  30.00  0.8000E+11    2.61   0.98  -1  -1    76.43     0  4   0.0  0   0.0  0
       0.1         0.0         0.0         0.0
-169.53694    52.43746    26.000  245.00  30.00  0.8000E+11    2.76   0.98  -1  -1    65.26     0  4   0.0  0   0.0  0
       0.0         0.0         0.0         0.0
-169.56371    52.42984    26.000  245.00  30.00  0.8000E+11    1.79   0.98  -1  -1    80.10     0  4   0.0  0   0.0  0
       0.0         0.0         0.0         0.1
-169.59047    52.42223    26.000  245.00  30.00  0.8000E+11    2.35   0.98  -1  -1    87.04     0  4   0.0  0   0.0  0
       0.0         0.1         0.0         0.0
-169.61723    52.41462    26.000  245.00  30.00  0.8000E+11    0.57   0.98  -1  -1    45.00     0  4   0.0  0   0.0  0
       0.0         0.0         0.0         0.0
-169.55855    52.46574    28.000  245.00  30.00  0.8000E+11    2.56   0.98  -1  -1    57.80     0  4   0.0  0   0.0  0
       0.0         0.0         0.0         0.0
-169.67076    52.39939    26.000  245.00  30.00  0.8000E+11    0.58   0.98  -1  -1    76.52     9  4   0.0  0   0.0  0
       8.8         0.1         0.1         0.0
-169.69753    52.39177    26.000  245.00  30.00  0.8000E+11    1.20   0.98  -1  -1    66.26     0  4   0.0  0   0.0  0
       0.1         0.0         0.0         0.0
-169.72429    52.38416    26.000  245.00  30.00  0.8000E+11    1.76   0.98  -1  -1    94.57     0  4   0.0  0   0.0  0
       0.1         0.1         0.0         0.0
-169.75105    52.37654    26.000  245.00  30.00  0.8000E+11    2.41   0.98  -1  -1    76.55     0  4   0.0  0   0.0  0
       0.1         0.0         0.0         0.0
-169.51532    52.40918    24.000  245.00  30.00  0.8000E+11    2.56   0.98  -1  -1    83.94     0  4   0.0  0   0.0  0
       0.0         0.1         0.0         0.1
-169.54208    52.40156    24.000  245.00  30.00  0.8000E+11    2.39   0.98  -1  -1    80.37     0  4   0.0  0   0.0  0
       0.1         0.1         0.1         0.0
-169.56885    52.39395    24.000  245.00  30.00  0.8000E+11    2.78   0.98  -1  -1    59.11     0  4   0.0  0   0.0  0
       0.1         0.1         0.0         0.0
-169.59561    52.38633    24.000  245.00  30.00  0.8000E+11    1.28   0.98  -1  -1    45.00     0  4   0.0  0   0.0  0
       0.0         0.0         0.0         0.0
-169.62238    52.37872    24.000  245.00  30.00  0.8000E+11    1.16   0.98  -1  -1    71.44     0  4   0.0  0   0.0  0
       0.1         0.0         0.0         0.1
-169.64914    52.37111    24.000  245.00  30.00  0.8000E+11    1.39   0.98  -1  -1    62.31     0  4   0.0  0   0.0  0
       0.1         0.0         0.0         0.1
-169.67590    52.36349    24.000  245.00  30.00  0.8000E+11    1.89   0.98  -1  -1    50.42     0  4   0.0  0   0.0  0
       0.1         0.1         0.1         0.1
-169.70268    52.35588    24.000  245.00  30.00  0.8000E+11    2.36   0.98  -1  -1    52.16     0  4   0.0  0   0.0  0
       0.1         0.0         0.1         0.1
-169.72945    52.34827    24.000  245.00  30.00  0.8000E+11    3.15   0.98  -1  -1    57.33     0  4   0.0  0   0.0  0
       0.0         0.0         0.1         0.1
-169.49370    52.38089    22.000  245.00  30.00  0.8000E+11    3.34   0.98  -1  -1   107.89     5  4   0.0  0   0.0  0
       2.2         0.1         0.2         2.9
-169.52046    52.37328    22.000  245.00  30.00  0.8000E+11    3.53   0.98  -1  -1   105.61     6  4   0.0  0   0.0  0
       1.1         0.1         0.1         5.0
-169.54723    52.36567    22.000  245.00  30.00  0.8000E+11    2.66   0.98  -1  -1    88.26     4  4   0.0  0   0.0  0
       2.1         0.1         0.1         2.0
-169.57401    52.35806    22.000  245.00  30.00  0.8000E+11    2.36   0.98  -1  -1    45.00     0  4   0.0  0   0.0  0
       0.0         0.0         0.0         0.0
-169.60077    52.35044    22.000  245.00  30.00  0.8000E+11    2.67   0.98  -1  -1    65.46     1  4   0.0  0   0.0  0
       0.5         0.1         0.1         0.7
-169.62753    52.34283    22.000  245.00  30.00  0.8000E+11    2.67   0.98  -1  -1    62.73     3  4   0.0  0   0.0  0
       3.2         0.1         0.1         0.1
-169.65430    52.33521    22.000  245.00  30.00  0.8000E+11    2.68   0.98  -1  -1    64.46     4  4   0.0  0   0.0  0
       2.3         0.2         0.1         1.7
-169.68106    52.32760    22.000  245.00  30.00  0.8000E+11    3.22   0.98  -1  -1    68.39     8  4   0.0  0   0.0  0
       0.1         0.1         0.1         7.5
-169.70782    52.31998    22.000  245.00  30.00  0.8000E+11    3.23   0.98  -1  -1    48.29     8  4   0.0  0   0.0  0
       4.5         1.3         1.3         1.4
-169.47209    52.35262    20.000  245.00  30.00  0.8000E+11    3.53   0.98  -1  -1    95.20    24  4   0.0  0   0.0  0
      23.0         0.8         0.2         0.2
-169.49886    52.34500    20.000  245.00  30.00  0.8000E+11    3.53   0.98  -1  -1   101.69    13  4   0.0  0   0.0  0
      11.2         0.1         0.9         0.9
-169.52562    52.33739    20.000  245.00  30.00  0.8000E+11    3.53   0.98  -1  -1   106.54     5  4   0.0  0   0.0  0
       2.7         0.1         0.5         1.6
-169.55238    52.32977    20.000  245.00  30.00  0.8000E+11    3.48   0.98  -1  -1    45.00     0  4   0.0  0   0.0  0
       0.0         0.0         0.0         0.0
-169.57915    52.32216    20.000  245.00  30.00  0.8000E+11    3.45   0.98  -1  -1   120.79     3  4   0.0  0   0.0  0
       0.1         2.3         0.3         0.0
-169.60591    52.31454    20.000  245.00  30.00  0.8000E+11    3.53   0.98  -1  -1   116.25     2  4   0.0  0   0.0  0
       0.1         0.3         0.1         1.6
-169.63268    52.30693    20.000  245.00  30.00  0.8000E+11    3.53   0.98  -1  -1    99.38     1  4   0.0  0   0.0  0
       0.6         0.2         0.1         0.3
-169.65944    52.29932    20.000  245.00  30.00  0.8000E+11    3.53   0.98  -1  -1    72.05     6  4   0.0  0   0.0  0
       4.8         0.1         0.1         0.7
-169.68620    52.29170    20.000  245.00  30.00  0.8000E+11    3.53   0.98  -1  -1   134.02     4  4   0.0  0   0.0  0
       0.1         0.1         0.2         4.1
