2.0
#
# http://equake-rc.info/static/paper/SRF-Description-Graves_2.0.pdf
# RECTANGULAR fault MODEL
#
# All subfaults are   6.0 km long along strike and
#   8.8 km wide along dip
#
# Model length along strike is   54.0 km
#
# Model width along dip is   44.0 km
#
# Corners of the rectangular dislocation model (lat, lon):
#    -46.973   165.520 : corner 1
#    -47.408   165.832 : corner 2
#    -47.461   165.671 : corner 3
#    -47.026   165.358 : corner 4
#
#
# Number of elementary sliprate
# isoceles triangular functions
# per subfault:   4
#
# Half duration of elementary sliprate
# isoceles triangular functions (s):   1.67
# Triangles are overlapping each other by half
#
# slip rate unit: cm/s
#
#
# Seismic moment is converted into slip
# using a single constant value for the
# shear modulus mu of  0.250E+12 dyne/cm2
# assumed to be constant and characteristic
# of the fault shear zone
#
#
#
# "rake" (degrees) is the slip angle (Aki"s convention,
# e.g. rake=+45 means left-lateral-reverse movement.
#
#
# ************************************************
# Total seismic moment M0=  0.203E+26 dyne.cm
# ************************************************
#
#
PLANE 1
 165.67599   -47.19050    9    5    54.000    44.000
154.00  72.00     0.076     0.000    22.001
POINTS   45
 165.59509   -47.21680    21.000  154.00  72.00  0.5280E+12    0.00   1.67  -1  -1    71.75    60  4   0.0  0   0.0  0
      35.6         0.1         0.1         0.1
 165.42651   -47.09320    37.739  154.00  72.00  0.5280E+12    8.05   1.67  -1  -1   107.99     7  4   0.0  0   0.0  0
       3.9         0.1         0.1         0.1
 165.46121   -47.14152    37.739  154.00  72.00  0.5280E+12    7.14   1.67  -1  -1   112.01     0  4   0.0  0   0.0  0
       0.1         0.1         0.1         0.1
 165.49591   -47.18984    37.739  154.00  72.00  0.5280E+12    7.07   1.67  -1  -1   111.73     0  4   0.0  0   0.0  0
       0.1         0.1         0.1         0.1
 165.53061   -47.23816    37.739  154.00  72.00  0.5280E+12    6.45   1.67  -1  -1   110.28     0  4   0.0  0   0.0  0
       0.1         0.1         0.1         0.1
 165.56531   -47.28649    37.739  154.00  72.00  0.5280E+12    6.27   1.67  -1  -1    97.44     0  4   0.0  0   0.0  0
       0.1         0.1         0.1         0.1
 165.60001   -47.33481    37.739  154.00  72.00  0.5280E+12    6.09   1.67  -1  -1    23.00     0  4   0.0  0   0.0  0
       0.0         0.0         0.0         0.0
 165.63470   -47.38313    37.739  154.00  72.00  0.5280E+12    7.19   1.67  -1  -1    23.00     0  4   0.0  0   0.0  0
       0.0         0.0         0.0         0.0
 165.66940   -47.43145    37.739  154.00  72.00  0.5280E+12    8.11   1.67  -1  -1    23.00     0  4   0.0  0   0.0  0
       0.0         0.0         0.0         0.0
 165.42406   -47.03419    29.369  154.00  72.00  0.5280E+12    7.52   1.67  -1  -1    95.06     1  4   0.0  0   0.0  0
       0.1         0.1         0.1         0.2
 165.45876   -47.08252    29.369  154.00  72.00  0.5280E+12    7.60   1.67  -1  -1    94.69     0  4   0.0  0   0.0  0
       0.1         0.1         0.1         0.1
 165.49345   -47.13084    29.369  154.00  72.00  0.5280E+12    4.26   1.67  -1  -1    23.36     1  4   0.0  0   0.0  0
       0.3         0.1         0.1         0.1
 165.52815   -47.17916    29.369  154.00  72.00  0.5280E+12    3.50   1.67  -1  -1    42.85     6  4   0.0  0   0.0  0
       3.6         0.1         0.1         0.1
 165.56285   -47.22748    29.369  154.00  72.00  0.5280E+12    2.67   1.67  -1  -1    58.86     8  4   0.0  0   0.0  0
       4.4         0.1         0.1         0.1
 165.59755   -47.27581    29.369  154.00  72.00  0.5280E+12    7.94   1.67  -1  -1    48.45     0  4   0.0  0   0.0  0
       0.1         0.1         0.1         0.1
 165.63225   -47.32413    29.369  154.00  72.00  0.5280E+12    4.25   1.67  -1  -1    23.00     0  4   0.0  0   0.0  0
       0.0         0.0         0.0         0.0
 165.66695   -47.37245    29.369  154.00  72.00  0.5280E+12    5.72   1.67  -1  -1    23.00     0  4   0.0  0   0.0  0
       0.0         0.0         0.0         0.0
 165.70164   -47.42077    29.369  154.00  72.00  0.5280E+12    7.30   1.67  -1  -1    23.00     0  4   0.0  0   0.0  0
       0.0         0.0         0.0         0.0
 165.45630   -47.02351    21.000  154.00  72.00  0.5280E+12    7.41   1.67  -1  -1    94.85    10  4   0.0  0   0.0  0
       0.1         0.1         0.1         5.5
 165.49100   -47.07183    21.000  154.00  72.00  0.5280E+12    7.97   1.67  -1  -1    78.07     3  4   0.0  0   0.0  0
       0.1         0.1         0.1         1.3
 165.52570   -47.12016    21.000  154.00  72.00  0.5280E+12    7.31   1.67  -1  -1    58.82     1  4   0.0  0   0.0  0
       0.1         0.1         0.1         0.1
 165.56039   -47.16848    21.000  154.00  72.00  0.5280E+12    1.72   1.67  -1  -1    53.87    11  4   0.0  0   0.0  0
       6.4         0.1         0.1         0.1
 165.39182   -47.04487    37.739  154.00  72.00  0.5280E+12    8.11   1.67  -1  -1   112.87    19  4   0.0  0   0.0  0
      11.4         0.1         0.1         0.1
 165.62979   -47.26513    21.000  154.00  72.00  0.5280E+12    1.82   1.67  -1  -1    25.74     0  4   0.0  0   0.0  0
       0.1         0.1         0.1         0.1
 165.66449   -47.31345    21.000  154.00  72.00  0.5280E+12    3.43   1.67  -1  -1    23.00     0  4   0.0  0   0.0  0
       0.0         0.0         0.0         0.0
 165.69919   -47.36177    21.000  154.00  72.00  0.5280E+12    5.14   1.67  -1  -1    23.00     0  4   0.0  0   0.0  0
       0.0         0.0         0.0         0.0
 165.73389   -47.41009    21.000  154.00  72.00  0.5280E+12    6.86   1.67  -1  -1    23.00     0  4   0.0  0   0.0  0
       0.0         0.0         0.0         0.0
 165.48854   -47.01283    12.631  154.00  72.00  0.5280E+12    7.62   1.67  -1  -1    59.08     6  4   0.0  0   0.0  0
       0.1         0.1         0.1         3.2
 165.52324   -47.06115    12.631  154.00  72.00  0.5280E+12    8.03   1.67  -1  -1    74.11     4  4   0.0  0   0.0  0
       0.1         0.1         1.4         0.9
 165.55794   -47.10947    12.631  154.00  72.00  0.5280E+12    4.60   1.67  -1  -1    41.32     1  4   0.0  0   0.0  0
       0.1         0.1         0.4         0.1
 165.59264   -47.15779    12.631  154.00  72.00  0.5280E+12    7.32   1.67  -1  -1    59.06     0  4   0.0  0   0.0  0
       0.1         0.1         0.1         0.1
 165.62733   -47.20612    12.631  154.00  72.00  0.5280E+12    3.07   1.67  -1  -1    23.75     0  4   0.0  0   0.0  0
       0.1         0.1         0.1         0.1
 165.66203   -47.25444    12.631  154.00  72.00  0.5280E+12    8.06   1.67  -1  -1    28.71     2  4   0.0  0   0.0  0
       0.2         0.1         0.1         0.6
 165.69673   -47.30276    12.631  154.00  72.00  0.5280E+12    4.25   1.67  -1  -1    23.00     0  4   0.0  0   0.0  0
       0.0         0.0         0.0         0.0
 165.73143   -47.35109    12.631  154.00  72.00  0.5280E+12    5.72   1.67  -1  -1    23.00     0  4   0.0  0   0.0  0
       0.0         0.0         0.0         0.0
 165.76613   -47.39941    12.631  154.00  72.00  0.5280E+12    7.30   1.67  -1  -1    23.00     0  4   0.0  0   0.0  0
       0.0         0.0         0.0         0.0
 165.52078   -47.00215     4.261  154.00  72.00  0.5280E+12    8.11   1.67  -1  -1    24.82     0  4   0.0  0   0.0  0
       0.1         0.1         0.1         0.0
 165.55548   -47.05047     4.261  154.00  72.00  0.5280E+12    7.89   1.67  -1  -1    26.82     0  4   0.0  0   0.0  0
       0.1         0.1         0.1         0.1
 165.59018   -47.09879     4.261  154.00  72.00  0.5280E+12    7.03   1.67  -1  -1    34.14     0  4   0.0  0   0.0  0
       0.1         0.1         0.1         0.1
 165.62488   -47.14711     4.261  154.00  72.00  0.5280E+12    5.41   1.67  -1  -1    23.86     1  4   0.0  0   0.0  0
       0.1         0.1         0.1         0.1
 165.65958   -47.19544     4.261  154.00  72.00  0.5280E+12    7.97   1.67  -1  -1    23.16     2  4   0.0  0   0.0  0
       0.3         0.2         0.1         0.5
 165.69427   -47.24376     4.261  154.00  72.00  0.5280E+12    8.11   1.67  -1  -1    23.25     9  4   0.0  0   0.0  0
       0.9         0.1         0.1         4.3
 165.72897   -47.29208     4.261  154.00  72.00  0.5280E+12    6.09   1.67  -1  -1    23.00     0  4   0.0  0   0.0  0
       0.0         0.0         0.0         0.0
 165.76367   -47.34040     4.261  154.00  72.00  0.5280E+12    7.19   1.67  -1  -1    23.00     0  4   0.0  0   0.0  0
       0.0         0.0         0.0         0.0
 165.79837   -47.38873     4.261  154.00  72.00  0.5280E+12    8.11   1.67  -1  -1    23.00     0  4   0.0  0   0.0  0
       0.0         0.0         0.0         0.0
