2.0
#
# http://equake-rc.info/static/paper/SRF-Description-Graves_2.0.pdf
# RECTANGULAR fault MODEL
#
# All subfaults are  12.0 km long along strike and
#  20.0 km wide along dip
#
# Model length along strike is  156.0 km
#
# Model width along dip is  100.0 km
#
# Corners of the rectangular dislocation model (lat, lon):
#    -14.630   167.796 : corner 1
#    -16.011   167.555 : corner 2
#    -15.930   167.055 : corner 3
#    -14.549   167.296 : corner 4
#
#
# Number of elementary sliprate
# isoceles triangular functions
# per subfault:   4
#
# Half duration of elementary sliprate
# isoceles triangular functions (s):   3.34
# Triangles are overlapping each other by half
#
# slip rate unit: cm/s
#
#
# Seismic moment is converted into slip
# using a single constant value for the
# shear modulus mu of  0.250E+12 dyne/cm2
# assumed to be constant and characteristic
# of the fault shear zone
#
#
#
# "rake" (degrees) is the slip angle (Aki"s convention,
# e.g. rake=+45 means left-lateral-reverse movement.
#
#
# ************************************************
# Total seismic moment M0=  0.553E+27 dyne.cm
# ************************************************
#
#
PLANE 1
 167.67551   -15.32050   13    5   156.000   100.000
189.56  56.98    39.303     0.000    70.000
POINTS   65
 167.32570   -15.26390    98.000  189.56  56.98  0.2400E+13    0.00   3.34  -1  -1   137.42   120  4   0.0  0   0.0  0
      33.4         2.0         0.1         0.2
 167.31845   -14.71662   114.771  189.56  56.98  0.2400E+13   18.07   3.34  -1  -1    53.63     0  4   0.0  0   0.0  0
       0.0         0.0         0.0         0.0
 167.29990   -14.82283   114.771  189.56  56.98  0.2400E+13   14.86   3.34  -1  -1    53.63     0  4   0.0  0   0.0  0
       0.0         0.0         0.0         0.0
 167.28136   -14.92904   114.771  189.56  56.98  0.2400E+13   14.40   3.34  -1  -1    56.45     2  4   0.0  0   0.0  0
       0.1         0.2         0.2         0.1
 167.26282   -15.03524   114.771  189.56  56.98  0.2400E+13   16.59   3.34  -1  -1    53.88     8  4   0.0  0   0.0  0
       0.2         1.3         0.5         0.5
 167.24426   -15.14145   114.771  189.56  56.98  0.2400E+13   16.53   3.34  -1  -1    53.70    47  4   0.0  0   0.0  0
       3.8         6.0         3.4         1.0
 167.22572   -15.24765   114.771  189.56  56.98  0.2400E+13   14.40   3.34  -1  -1    65.64    59  4   0.0  0   0.0  0
       4.6         2.1         9.3         1.6
 167.20718   -15.35386   114.771  189.56  56.98  0.2400E+13    6.74   3.34  -1  -1    90.61    60  4   0.0  0   0.0  0
      13.1         1.4         1.7         1.8
 167.18864   -15.46007   114.771  189.56  56.98  0.2400E+13   11.14   3.34  -1  -1   102.95    41  4   0.0  0   0.0  0
      10.6         1.1         0.2         0.3
 167.17009   -15.56627   114.771  189.56  56.98  0.2400E+13   12.16   3.34  -1  -1   121.69    29  4   0.0  0   0.0  0
       6.9         0.9         0.7         0.1
 167.15155   -15.67248   114.771  189.56  56.98  0.2400E+13   15.44   3.34  -1  -1   121.65    10  4   0.0  0   0.0  0
       2.6         0.2         0.1         0.1
 167.13301   -15.77868   114.771  189.56  56.98  0.2400E+13   18.20   3.34  -1  -1   121.75     5  4   0.0  0   0.0  0
       1.0         0.2         0.2         0.1
 167.11446   -15.88489   114.771  189.56  56.98  0.2400E+13   20.08   3.34  -1  -1    53.63     0  4   0.0  0   0.0  0
       0.0         0.0         0.0         0.0
 167.43697   -14.62666    98.000  189.56  56.98  0.2400E+13   20.08   3.34  -1  -1    53.63     0  4   0.0  0   0.0  0
       0.0         0.0         0.0         0.0
 167.41841   -14.73287    98.000  189.56  56.98  0.2400E+13   17.14   3.34  -1  -1    53.63     0  4   0.0  0   0.0  0
       0.0         0.0         0.0         0.0
 167.39987   -14.83908    98.000  189.56  56.98  0.2400E+13   13.71   3.34  -1  -1    53.63     0  4   0.0  0   0.0  0
       0.0         0.0         0.0         0.0
 167.38133   -14.94528    98.000  189.56  56.98  0.2400E+13   16.62   3.34  -1  -1    55.18     3  4   0.0  0   0.0  0
       0.3         0.2         0.1         0.2
 167.36279   -15.05149    98.000  189.56  56.98  0.2400E+13   17.71   3.34  -1  -1    54.12    11  4   0.0  0   0.0  0
       0.4         0.8         1.7         0.5
 167.34424   -15.15769    98.000  189.56  56.98  0.2400E+13    6.34   3.34  -1  -1    75.43    56  4   0.0  0   0.0  0
      13.9         1.4         0.5         1.1
 167.33699   -14.61042   114.771  189.56  56.98  0.2400E+13   20.08   3.34  -1  -1    53.63     0  4   0.0  0   0.0  0
       0.0         0.0         0.0         0.0
 167.30716   -15.37011    98.000  189.56  56.98  0.2400E+13    5.76   3.34  -1  -1    97.94    62  4   0.0  0   0.0  0
       6.1         2.9         6.0         3.5
 167.28860   -15.47631    98.000  189.56  56.98  0.2400E+13    9.01   3.34  -1  -1   101.97    41  4   0.0  0   0.0  0
       1.4         3.3         3.6         3.8
 167.27007   -15.58252    98.000  189.56  56.98  0.2400E+13   13.18   3.34  -1  -1    92.99    25  4   0.0  0   0.0  0
       3.4         2.2         1.6         0.4
 167.25153   -15.68872    98.000  189.56  56.98  0.2400E+13   15.02   3.34  -1  -1   119.59    20  4   0.0  0   0.0  0
       4.3         0.8         0.3         0.5
 167.23299   -15.79493    98.000  189.56  56.98  0.2400E+13   18.66   3.34  -1  -1   132.83    22  4   0.0  0   0.0  0
       5.7         0.7         0.1         0.1
 167.21443   -15.90114    98.000  189.56  56.98  0.2400E+13   20.08   3.34  -1  -1    53.63     0  4   0.0  0   0.0  0
       0.0         0.0         0.0         0.0
 167.53694   -14.64291    81.229  189.56  56.98  0.2400E+13   20.08   3.34  -1  -1    53.63     0  4   0.0  0   0.0  0
       0.0         0.0         0.0         0.0
 167.51839   -14.74911    81.229  189.56  56.98  0.2400E+13   18.07   3.34  -1  -1    53.63     0  4   0.0  0   0.0  0
       0.0         0.0         0.0         0.0
 167.49985   -14.85532    81.229  189.56  56.98  0.2400E+13   14.86   3.34  -1  -1    53.63     0  4   0.0  0   0.0  0
       0.0         0.0         0.0         0.0
 167.48131   -14.96153    81.229  189.56  56.98  0.2400E+13   16.57   3.34  -1  -1    55.81     2  4   0.0  0   0.0  0
       0.1         0.1         0.1         0.2
 167.46275   -15.06773    81.229  189.56  56.98  0.2400E+13   17.56   3.34  -1  -1    71.13     6  4   0.0  0   0.0  0
       0.6         0.8         0.2         0.2
 167.44421   -15.17394    81.229  189.56  56.98  0.2400E+13    8.11   3.34  -1  -1    84.62    24  4   0.0  0   0.0  0
       3.3         2.3         1.1         0.4
 167.42567   -15.28015    81.229  189.56  56.98  0.2400E+13   12.59   3.34  -1  -1    78.19    29  4   0.0  0   0.0  0
       4.1         1.8         2.1         0.7
 167.40714   -15.38635    81.229  189.56  56.98  0.2400E+13   14.92   3.34  -1  -1    77.28    34  4   0.0  0   0.0  0
       0.3         4.7         1.8         3.3
 167.38858   -15.49256    81.229  189.56  56.98  0.2400E+13   13.09   3.34  -1  -1    62.08    23  4   0.0  0   0.0  0
       3.5         1.1         1.3         0.9
 167.37004   -15.59876    81.229  189.56  56.98  0.2400E+13   14.03   3.34  -1  -1    68.80    14  4   0.0  0   0.0  0
       0.6         2.3         0.8         0.3
 167.35150   -15.70497    81.229  189.56  56.98  0.2400E+13   17.71   3.34  -1  -1    83.77    11  4   0.0  0   0.0  0
       1.3         0.8         0.4         0.9
 167.33295   -15.81118    81.229  189.56  56.98  0.2400E+13   18.21   3.34  -1  -1    89.20     5  4   0.0  0   0.0  0
       0.5         0.6         0.3         0.1
 167.31441   -15.91738    81.229  189.56  56.98  0.2400E+13   20.08   3.34  -1  -1    53.63     0  4   0.0  0   0.0  0
       0.0         0.0         0.0         0.0
 167.63690   -14.65915    64.459  189.56  56.98  0.2400E+13   20.08   3.34  -1  -1    53.63     0  4   0.0  0   0.0  0
       0.0         0.0         0.0         0.0
 167.61836   -14.76536    64.459  189.56  56.98  0.2400E+13   20.08   3.34  -1  -1    53.63     0  4   0.0  0   0.0  0
       0.0         0.0         0.0         0.0
 167.59982   -14.87157    64.459  189.56  56.98  0.2400E+13   17.85   3.34  -1  -1    53.63     0  4   0.0  0   0.0  0
       0.0         0.0         0.0         0.0
 167.58128   -14.97777    64.459  189.56  56.98  0.2400E+13   19.97   3.34  -1  -1    56.94     5  4   0.0  0   0.0  0
       0.1         0.1         0.2         1.0
 167.56273   -15.08398    64.459  189.56  56.98  0.2400E+13   16.88   3.34  -1  -1    68.42     2  4   0.0  0   0.0  0
       0.2         0.1         0.1         0.2
 167.54419   -15.19019    64.459  189.56  56.98  0.2400E+13   11.97   3.34  -1  -1   128.45     7  4   0.0  0   0.0  0
       0.7         1.0         0.2         0.1
 167.52565   -15.29639    64.459  189.56  56.98  0.2400E+13   17.31   3.34  -1  -1   114.11     7  4   0.0  0   0.0  0
       0.2         1.6         0.2         0.2
 167.50710   -15.40260    64.459  189.56  56.98  0.2400E+13   16.64   3.34  -1  -1   106.84     9  4   0.0  0   0.0  0
       0.2         1.9         0.5         0.1
 167.48856   -15.50880    64.459  189.56  56.98  0.2400E+13   19.36   3.34  -1  -1   109.55     8  4   0.0  0   0.0  0
       0.2         1.4         0.6         0.2
 167.47002   -15.61501    64.459  189.56  56.98  0.2400E+13   19.41   3.34  -1  -1   110.20     9  4   0.0  0   0.0  0
       0.4         0.7         1.3         0.2
 167.45146   -15.72122    64.459  189.56  56.98  0.2400E+13   18.14   3.34  -1  -1    97.29    12  4   0.0  0   0.0  0
       0.8         0.3         0.4         2.3
 167.43292   -15.82742    64.459  189.56  56.98  0.2400E+13   20.08   3.34  -1  -1    78.36     6  4   0.0  0   0.0  0
       0.3         0.2         0.1         1.0
 167.41438   -15.93363    64.459  189.56  56.98  0.2400E+13   20.08   3.34  -1  -1    53.63     0  4   0.0  0   0.0  0
       0.0         0.0         0.0         0.0
 167.73688   -14.67540    47.688  189.56  56.98  0.2400E+13   20.08   3.34  -1  -1    53.63     0  4   0.0  0   0.0  0
       0.0         0.0         0.0         0.0
 167.71834   -14.78161    47.688  189.56  56.98  0.2400E+13   20.08   3.34  -1  -1    53.63     0  4   0.0  0   0.0  0
       0.0         0.0         0.0         0.0
 167.69980   -14.88781    47.688  189.56  56.98  0.2400E+13   20.08   3.34  -1  -1    53.63     0  4   0.0  0   0.0  0
       0.0         0.0         0.0         0.0
 167.68124   -14.99402    47.688  189.56  56.98  0.2400E+13   20.07   3.34  -1  -1    70.69    13  4   0.0  0   0.0  0
       0.1         0.1         0.1         3.5
 167.66270   -15.10022    47.688  189.56  56.98  0.2400E+13   18.59   3.34  -1  -1   111.59     3  4   0.0  0   0.0  0
       0.5         0.2         0.1         0.1
 167.64417   -15.20643    47.688  189.56  56.98  0.2400E+13   18.42   3.34  -1  -1   141.61     3  4   0.0  0   0.0  0
       0.5         0.2         0.2         0.1
 167.62561   -15.31264    47.688  189.56  56.98  0.2400E+13   18.58   3.34  -1  -1   141.24     6  4   0.0  0   0.0  0
       0.8         0.9         0.1         0.1
 167.60707   -15.41884    47.688  189.56  56.98  0.2400E+13   19.70   3.34  -1  -1   139.04     7  4   0.0  0   0.0  0
       0.2         0.9         0.8         0.3
 167.58853   -15.52505    47.688  189.56  56.98  0.2400E+13   19.23   3.34  -1  -1   124.48    15  4   0.0  0   0.0  0
       0.5         0.8         1.2         1.8
 167.56999   -15.63126    47.688  189.56  56.98  0.2400E+13   20.04   3.34  -1  -1   105.36    13  4   0.0  0   0.0  0
       0.9         0.3         0.7         2.1
 167.55144   -15.73746    47.688  189.56  56.98  0.2400E+13   20.08   3.34  -1  -1   108.10    11  4   0.0  0   0.0  0
       1.0         0.1         0.4         1.9
 167.53290   -15.84367    47.688  189.56  56.98  0.2400E+13   20.08   3.34  -1  -1    53.78    16  4   0.0  0   0.0  0
       4.1         0.4         0.1         0.1
 167.51436   -15.94987    47.688  189.56  56.98  0.2400E+13   20.08   3.34  -1  -1    53.63     0  4   0.0  0   0.0  0
       0.0         0.0         0.0         0.0
