2.0
#
# http://equake-rc.info/static/paper/SRF-Description-Graves_2.0.pdf
# RECTANGULAR fault MODEL
#
# All subfaults are  12.0 km long along strike and
#  20.0 km wide along dip
#
# Model length along strike is  156.0 km
#
# Model width along dip is  100.0 km
#
# Corners of the rectangular dislocation model (lat, lon):
#    -15.999   167.018 : corner 1
#    -14.607   166.866 : corner 2
#    -14.529   167.633 : corner 3
#    -15.921   167.785 : corner 4
#
#
# Number of elementary sliprate
# isoceles triangular functions
# per subfault:   4
#
# Half duration of elementary sliprate
# isoceles triangular functions (s):   3.34
# Triangles are overlapping each other by half
#
# slip rate unit: cm/s
#
#
# Seismic moment is converted into slip
# using a single constant value for the
# shear modulus mu of  0.250E+12 dyne/cm2
# assumed to be constant and characteristic
# of the fault shear zone
#
#
#
# "rake" (degrees) is the slip angle (Aki"s convention,
# e.g. rake=+45 means left-lateral-reverse movement.
#
#
# ************************************************
# Total seismic moment M0=  0.631E+27 dyne.cm
# ************************************************
#
#
PLANE 1
 166.94200   -15.30300   13    5   156.000   100.000
354.00  34.00    70.040     0.000    50.001
POINTS   65
 167.32570   -15.26390    98.000  354.00  34.00  0.2400E+13    0.00   3.34  -1  -1    98.90   102  4   0.0  0   0.0  0
      29.9         0.2         0.2         0.2
 167.69087   -15.76835   120.368  354.00  34.00  0.2400E+13   20.08   3.34  -1  -1    96.95    11  4   0.0  0   0.0  0
       0.3         2.3         0.6         0.2
 167.67920   -15.66124   120.368  354.00  34.00  0.2400E+13   19.13   3.34  -1  -1    93.33     7  4   0.0  0   0.0  0
       1.3         0.4         0.2         0.2
 167.66753   -15.55413   120.368  354.00  34.00  0.2400E+13   19.56   3.34  -1  -1    90.66     8  4   0.0  0   0.0  0
       1.4         0.3         0.4         0.2
 167.65587   -15.44701   120.368  354.00  34.00  0.2400E+13   15.98   3.34  -1  -1    91.35    10  4   0.0  0   0.0  0
       2.1         0.6         0.2         0.2
 167.64420   -15.33990   120.368  354.00  34.00  0.2400E+13   12.43   3.34  -1  -1   118.53    64  4   0.0  0   0.0  0
      18.3         0.5         0.2         0.2
 167.63252   -15.23279   120.368  354.00  34.00  0.2400E+13   12.63   3.34  -1  -1   113.45    37  4   0.0  0   0.0  0
      10.5         0.2         0.2         0.1
 167.62085   -15.12568   120.368  354.00  34.00  0.2400E+13   19.71   3.34  -1  -1   118.75    12  4   0.0  0   0.0  0
       2.3         0.7         0.4         0.2
 167.60918   -15.01856   120.368  354.00  34.00  0.2400E+13   19.63   3.34  -1  -1   116.42     9  4   0.0  0   0.0  0
       1.4         1.0         0.3         0.1
 167.59752   -14.91145   120.368  354.00  34.00  0.2400E+13   18.44   3.34  -1  -1   121.71     9  4   0.0  0   0.0  0
       1.5         0.6         0.3         0.2
 167.58585   -14.80434   120.368  354.00  34.00  0.2400E+13   17.85   3.34  -1  -1    32.00     0  4   0.0  0   0.0  0
       0.0         0.0         0.0         0.0
 167.57417   -14.69723   120.368  354.00  34.00  0.2400E+13   20.08   3.34  -1  -1    32.00     0  4   0.0  0   0.0  0
       0.0         0.0         0.0         0.0
 167.56250   -14.59011   120.368  354.00  34.00  0.2400E+13   20.08   3.34  -1  -1    32.00     0  4   0.0  0   0.0  0
       0.0         0.0         0.0         0.0
 167.54913   -15.89102   109.184  354.00  34.00  0.2400E+13   20.08   3.34  -1  -1    32.00     0  4   0.0  0   0.0  0
       0.0         0.0         0.0         0.0
 167.53746   -15.78391   109.184  354.00  34.00  0.2400E+13   19.78   3.34  -1  -1    52.23     6  4   0.0  0   0.0  0
       0.6         0.7         0.4         0.3
 167.52579   -15.67679   109.184  354.00  34.00  0.2400E+13   19.62   3.34  -1  -1    48.11    16  4   0.0  0   0.0  0
       0.3         1.7         2.7         0.2
 167.51411   -15.56968   109.184  354.00  34.00  0.2400E+13   19.44   3.34  -1  -1    60.65    15  4   0.0  0   0.0  0
       0.5         3.4         0.6         0.2
 167.50246   -15.46257   109.184  354.00  34.00  0.2400E+13   17.29   3.34  -1  -1    89.72    13  4   0.0  0   0.0  0
       1.8         0.3         0.9         1.0
 167.49078   -15.35546   109.184  354.00  34.00  0.2400E+13    9.39   3.34  -1  -1   112.49    31  4   0.0  0   0.0  0
       8.5         0.2         0.4         0.3
 167.47911   -15.24834   109.184  354.00  34.00  0.2400E+13    6.23   3.34  -1  -1   109.98    50  4   0.0  0   0.0  0
      13.6         0.3         0.5         0.5
 167.46744   -15.14123   109.184  354.00  34.00  0.2400E+13   17.35   3.34  -1  -1   121.29    27  4   0.0  0   0.0  0
       1.2         2.5         2.5         1.9
 167.45576   -15.03412   109.184  354.00  34.00  0.2400E+13   16.06   3.34  -1  -1   121.18    14  4   0.0  0   0.0  0
       0.6         2.2         1.1         0.4
 167.44411   -14.92701   109.184  354.00  34.00  0.2400E+13   14.21   3.34  -1  -1   121.81    13  4   0.0  0   0.0  0
       0.3         1.3         0.8         1.5
 167.43243   -14.81989   109.184  354.00  34.00  0.2400E+13   14.86   3.34  -1  -1    32.00     0  4   0.0  0   0.0  0
       0.0         0.0         0.0         0.0
 167.42076   -14.71278   109.184  354.00  34.00  0.2400E+13   18.07   3.34  -1  -1    32.00     0  4   0.0  0   0.0  0
       0.0         0.0         0.0         0.0
 167.40909   -14.60567   109.184  354.00  34.00  0.2400E+13   20.08   3.34  -1  -1    32.00     0  4   0.0  0   0.0  0
       0.0         0.0         0.0         0.0
 167.39572   -15.90657    98.000  354.00  34.00  0.2400E+13   20.08   3.34  -1  -1    32.00     0  4   0.0  0   0.0  0
       0.0         0.0         0.0         0.0
 167.38405   -15.79946    98.000  354.00  34.00  0.2400E+13   19.35   3.34  -1  -1    44.25    26  4   0.0  0   0.0  0
       4.0         1.6         1.8         0.4
 167.37238   -15.69235    98.000  354.00  34.00  0.2400E+13   17.41   3.34  -1  -1    49.04    30  4   0.0  0   0.0  0
       3.4         1.8         1.9         1.8
 167.36070   -15.58524    98.000  354.00  34.00  0.2400E+13   19.23   3.34  -1  -1    55.89    25  4   0.0  0   0.0  0
       2.5         2.4         1.1         1.4
 167.34904   -15.47812    98.000  354.00  34.00  0.2400E+13   19.76   3.34  -1  -1    87.25    24  4   0.0  0   0.0  0
       6.3         0.3         0.2         0.6
 167.33737   -15.37101    98.000  354.00  34.00  0.2400E+13    6.19   3.34  -1  -1    98.52    34  4   0.0  0   0.0  0
       9.2         0.7         0.2         0.2
 167.70255   -15.87546   120.368  354.00  34.00  0.2400E+13   20.08   3.34  -1  -1    32.00     0  4   0.0  0   0.0  0
       0.0         0.0         0.0         0.0
 167.31403   -15.15679    98.000  354.00  34.00  0.2400E+13    6.39   3.34  -1  -1    91.66    27  4   0.0  0   0.0  0
       7.2         0.3         0.1         0.3
 167.30235   -15.04967    98.000  354.00  34.00  0.2400E+13   12.92   3.34  -1  -1   113.04     8  4   0.0  0   0.0  0
       0.7         0.5         0.9         0.2
 167.29070   -14.94256    98.000  354.00  34.00  0.2400E+13   14.69   3.34  -1  -1   121.69     6  4   0.0  0   0.0  0
       0.4         0.7         0.4         0.4
 167.27902   -14.83545    98.000  354.00  34.00  0.2400E+13   13.71   3.34  -1  -1    32.00     0  4   0.0  0   0.0  0
       0.0         0.0         0.0         0.0
 167.26735   -14.72834    98.000  354.00  34.00  0.2400E+13   17.14   3.34  -1  -1    32.00     0  4   0.0  0   0.0  0
       0.0         0.0         0.0         0.0
 167.25568   -14.62123    98.000  354.00  34.00  0.2400E+13   20.08   3.34  -1  -1    32.00     0  4   0.0  0   0.0  0
       0.0         0.0         0.0         0.0
 167.24231   -15.92213    86.816  354.00  34.00  0.2400E+13   20.08   3.34  -1  -1    32.00     0  4   0.0  0   0.0  0
       0.0         0.0         0.0         0.0
 167.23064   -15.81502    86.816  354.00  34.00  0.2400E+13   18.35   3.34  -1  -1    71.26    54  4   0.0  0   0.0  0
      11.8         3.4         0.4         0.4
 167.21896   -15.70790    86.816  354.00  34.00  0.2400E+13   18.76   3.34  -1  -1    69.33    47  4   0.0  0   0.0  0
      11.7         0.1         1.0         1.3
 167.20729   -15.60079    86.816  354.00  34.00  0.2400E+13   14.39   3.34  -1  -1    68.10    46  4   0.0  0   0.0  0
      12.1         0.4         0.9         0.3
 167.19563   -15.49368    86.816  354.00  34.00  0.2400E+13   11.62   3.34  -1  -1    52.70    29  4   0.0  0   0.0  0
       5.5         2.7         0.3         0.2
 167.18396   -15.38657    86.816  354.00  34.00  0.2400E+13   12.73   3.34  -1  -1    57.07    33  4   0.0  0   0.0  0
       6.8         2.6         0.4         0.2
 167.17229   -15.27946    86.816  354.00  34.00  0.2400E+13   12.80   3.34  -1  -1    73.53    47  4   0.0  0   0.0  0
      12.8         0.5         0.5         0.2
 167.16061   -15.17234    86.816  354.00  34.00  0.2400E+13    9.52   3.34  -1  -1    72.11    28  4   0.0  0   0.0  0
       6.8         0.6         0.6         0.2
 167.14894   -15.06523    86.816  354.00  34.00  0.2400E+13   13.05   3.34  -1  -1   121.06     7  4   0.0  0   0.0  0
       0.8         0.8         0.4         0.1
 167.13728   -14.95812    86.816  354.00  34.00  0.2400E+13   14.24   3.34  -1  -1   120.25     4  4   0.0  0   0.0  0
       0.6         0.2         0.1         0.1
 167.12561   -14.85101    86.816  354.00  34.00  0.2400E+13   14.86   3.34  -1  -1    32.00     0  4   0.0  0   0.0  0
       0.0         0.0         0.0         0.0
 167.11394   -14.74389    86.816  354.00  34.00  0.2400E+13   18.07   3.34  -1  -1    32.00     0  4   0.0  0   0.0  0
       0.0         0.0         0.0         0.0
 167.10226   -14.63678    86.816  354.00  34.00  0.2400E+13   20.08   3.34  -1  -1    32.00     0  4   0.0  0   0.0  0
       0.0         0.0         0.0         0.0
 167.08890   -15.93769    75.632  354.00  34.00  0.2400E+13   20.08   3.34  -1  -1    32.00     0  4   0.0  0   0.0  0
       0.0         0.0         0.0         0.0
 167.07722   -15.83057    75.632  354.00  34.00  0.2400E+13   20.08   3.34  -1  -1    47.99    29  4   0.0  0   0.0  0
       2.9         1.3         0.7         3.8
 167.06555   -15.72346    75.632  354.00  34.00  0.2400E+13   18.02   3.34  -1  -1    61.41    19  4   0.0  0   0.0  0
       2.3         0.4         0.8         2.3
 167.05388   -15.61635    75.632  354.00  34.00  0.2400E+13   15.62   3.34  -1  -1    65.35    44  4   0.0  0   0.0  0
      12.0         0.3         0.3         0.7
 167.04222   -15.50924    75.632  354.00  34.00  0.2400E+13   19.22   3.34  -1  -1    39.65     6  4   0.0  0   0.0  0
       1.1         0.3         0.4         0.1
 167.03055   -15.40212    75.632  354.00  34.00  0.2400E+13   14.70   3.34  -1  -1    60.80     2  4   0.0  0   0.0  0
       0.2         0.1         0.1         0.1
 167.01888   -15.29501    75.632  354.00  34.00  0.2400E+13   17.42   3.34  -1  -1    68.70     9  4   0.0  0   0.0  0
       0.3         1.7         0.5         0.1
 167.00720   -15.18790    75.632  354.00  34.00  0.2400E+13   14.07   3.34  -1  -1   104.76     8  4   0.0  0   0.0  0
       0.7         0.8         0.7         0.1
 166.99553   -15.08079    75.632  354.00  34.00  0.2400E+13   14.61   3.34  -1  -1   111.33     2  4   0.0  0   0.0  0
       0.2         0.2         0.1         0.1
 166.98387   -14.97367    75.632  354.00  34.00  0.2400E+13   15.54   3.34  -1  -1   118.16     2  4   0.0  0   0.0  0
       0.2         0.2         0.1         0.1
 166.97220   -14.86656    75.632  354.00  34.00  0.2400E+13   17.85   3.34  -1  -1    32.00     0  4   0.0  0   0.0  0
       0.0         0.0         0.0         0.0
 166.96053   -14.75945    75.632  354.00  34.00  0.2400E+13   20.08   3.34  -1  -1    32.00     0  4   0.0  0   0.0  0
       0.0         0.0         0.0         0.0
 166.94885   -14.65234    75.632  354.00  34.00  0.2400E+13   20.08   3.34  -1  -1    32.00     0  4   0.0  0   0.0  0
       0.0         0.0         0.0         0.0
