2.0
#
# http://equake-rc.info/static/paper/SRF-Description-Graves_2.0.pdf
# RECTANGULAR fault MODEL
#
# All subfaults are  10.0 km long along strike and
#   4.7 km wide along dip
#
# Model length along strike is  130.0 km
#
# Model width along dip is   23.5 km
#
# Corners of the rectangular dislocation model (lat, lon):
#     38.006    26.050 : corner 1
#     37.931    27.530 : corner 2
#     37.828    27.521 : corner 3
#     37.904    26.042 : corner 4
#
#
# Number of elementary sliprate
# isoceles triangular functions
# per subfault:   4
#
# Half duration of elementary sliprate
# isoceles triangular functions (s):   2.86
# Triangles are overlapping each other by half
#
# slip rate unit: cm/s
#
#
# Seismic moment is converted into slip
# using a single constant value for the
# shear modulus mu of  0.250E+12 dyne/cm2
# assumed to be constant and characteristic
# of the fault shear zone
#
#
#
# "rake" (degrees) is the slip angle (Aki"s convention,
# e.g. rake=+45 means left-lateral-reverse movement.
#
#
# ************************************************
# Total seismic moment M0=  0.444E+27 dyne.cm
# ************************************************
#
#
PLANE 1
  26.79000    37.96850   13    5   130.000    23.500
 93.71  61.02     0.310     0.000    16.448
POINTS   65
  26.78400    37.89700    14.700   93.71  61.02  0.4700E+12    0.00   2.86  -1  -1   -92.39   213  4   0.0  0   0.0  0
      73.9         0.1         0.4         0.2
  26.21310    37.90570    18.811   93.71  61.02  0.4700E+12   17.28   2.86  -1  -1  -135.94   133  4   0.0  0   0.0  0
      20.5         8.8        16.7         0.5
  26.32695    37.89986    18.811   93.71  61.02  0.4700E+12   12.49   2.86  -1  -1  -111.29    85  4   0.0  0   0.0  0
      15.6         4.8         8.3         1.1
  26.44079    37.89404    18.811   93.71  61.02  0.4700E+12    9.59   2.86  -1  -1   -75.96   154  4   0.0  0   0.0  0
      50.5         1.2         0.4         1.8
  26.55463    37.88820    18.811   93.71  61.02  0.4700E+12    7.02   2.86  -1  -1   -59.09   142  4   0.0  0   0.0  0
      39.1         0.2         2.1         8.3
  26.66847    37.88237    18.811   93.71  61.02  0.4700E+12    4.23   2.86  -1  -1   -50.73   178  4   0.0  0   0.0  0
      49.1         7.2         0.2         5.8
  26.78232    37.87654    18.811   93.71  61.02  0.4700E+12    1.68   2.86  -1  -1  -133.80   149  4   0.0  0   0.0  0
      20.9         5.7        25.3         0.2
  26.89616    37.87071    18.811   93.71  61.02  0.4700E+12    7.01   2.86  -1  -1   -84.05    18  4   0.0  0   0.0  0
       0.6         4.2         0.3         1.0
  27.01000    37.86488    18.811   93.71  61.02  0.4700E+12   12.20   2.86  -1  -1   -91.79    30  4   0.0  0   0.0  0
       6.5         2.9         0.9         0.2
  27.12385    37.85905    18.811   93.71  61.02  0.4700E+12    8.68   2.86  -1  -1  -136.11     0  4   0.0  0   0.0  0
       0.0         0.0         0.0         0.0
  27.23769    37.85322    18.811   93.71  61.02  0.4700E+12   11.51   2.86  -1  -1  -136.11     0  4   0.0  0   0.0  0
       0.0         0.0         0.0         0.0
  27.35153    37.84739    18.811   93.71  61.02  0.4700E+12   14.35   2.86  -1  -1  -136.11     0  4   0.0  0   0.0  0
       0.0         0.0         0.0         0.0
  27.46537    37.84156    18.811   93.71  61.02  0.4700E+12   17.19   2.86  -1  -1  -136.11     0  4   0.0  0   0.0  0
       0.0         0.0         0.0         0.0
  26.10094    37.93198    14.700   93.71  61.02  0.4700E+12   17.14   2.86  -1  -1  -136.11     0  4   0.0  0   0.0  0
       0.0         0.0         0.0         0.0
  26.21479    37.92616    14.700   93.71  61.02  0.4700E+12   15.36   2.86  -1  -1   -98.21    65  4   0.0  0   0.0  0
      18.7         0.2         1.1         2.9
  26.32863    37.92032    14.700   93.71  61.02  0.4700E+12   11.43   2.86  -1  -1   -96.18   120  4   0.0  0   0.0  0
      37.2         4.0         0.1         0.5
  26.44247    37.91449    14.700   93.71  61.02  0.4700E+12   16.84   2.86  -1  -1   -63.68   122  4   0.0  0   0.0  0
      22.5        11.9         7.4         0.7
  26.55631    37.90866    14.700   93.71  61.02  0.4700E+12    7.01   2.86  -1  -1   -61.50   123  4   0.0  0   0.0  0
      37.6         3.1         0.2         2.0
  26.67016    37.90283    14.700   93.71  61.02  0.4700E+12    2.88   2.86  -1  -1   -82.39   161  4   0.0  0   0.0  0
      41.3         6.8         5.5         2.7
  26.09926    37.91153    18.811   93.71  61.02  0.4700E+12   17.19   2.86  -1  -1  -136.11     0  4   0.0  0   0.0  0
       0.0         0.0         0.0         0.0
  26.89784    37.89117    14.700   93.71  61.02  0.4700E+12    6.63   2.86  -1  -1   -80.41    25  4   0.0  0   0.0  0
       3.2         2.3         0.1         2.9
  27.01169    37.88534    14.700   93.71  61.02  0.4700E+12    8.69   2.86  -1  -1   -79.78    14  4   0.0  0   0.0  0
       3.0         0.8         0.9         0.3
  27.12553    37.87951    14.700   93.71  61.02  0.4700E+12    8.57   2.86  -1  -1  -136.11     0  4   0.0  0   0.0  0
       0.0         0.0         0.0         0.0
  27.23937    37.87368    14.700   93.71  61.02  0.4700E+12   11.43   2.86  -1  -1  -136.11     0  4   0.0  0   0.0  0
       0.0         0.0         0.0         0.0
  27.35321    37.86784    14.700   93.71  61.02  0.4700E+12   14.29   2.86  -1  -1  -136.11     0  4   0.0  0   0.0  0
       0.0         0.0         0.0         0.0
  27.46706    37.86201    14.700   93.71  61.02  0.4700E+12   17.14   2.86  -1  -1  -136.11     0  4   0.0  0   0.0  0
       0.0         0.0         0.0         0.0
  26.10263    37.95244    10.589   93.71  61.02  0.4700E+12   17.19   2.86  -1  -1  -136.11     0  4   0.0  0   0.0  0
       0.0         0.0         0.0         0.0
  26.21647    37.94661    10.589   93.71  61.02  0.4700E+12   15.86   2.86  -1  -1   -82.97    25  4   0.0  0   0.0  0
       1.8         0.1         4.0         3.0
  26.33031    37.94078    10.589   93.71  61.02  0.4700E+12   11.51   2.86  -1  -1   -67.56    36  4   0.0  0   0.0  0
       3.3         1.6         0.9         7.0
  26.44415    37.93495    10.589   93.71  61.02  0.4700E+12    8.69   2.86  -1  -1  -110.28    44  4   0.0  0   0.0  0
       3.7         4.8         3.6         3.4
  26.55800    37.92912    10.589   93.71  61.02  0.4700E+12    6.71   2.86  -1  -1  -106.70    62  4   0.0  0   0.0  0
      13.2         0.1         7.6         0.7
  26.67184    37.92329    10.589   93.71  61.02  0.4700E+12    3.86   2.86  -1  -1   -97.51   132  4   0.0  0   0.0  0
      27.5         8.2         9.9         0.7
  26.78568    37.91746    10.589   93.71  61.02  0.4700E+12    1.43   2.86  -1  -1   -98.03   184  4   0.0  0   0.0  0
      50.7         0.2        13.4         0.1
  26.89953    37.91162    10.589   93.71  61.02  0.4700E+12    6.82   2.86  -1  -1   -70.17    52  4   0.0  0   0.0  0
      12.2         3.9         2.1         0.1
  27.01337    37.90580    10.589   93.71  61.02  0.4700E+12   16.17   2.86  -1  -1   -68.49    22  4   0.0  0   0.0  0
       2.1         5.0         0.4         0.2
  27.12721    37.89996    10.589   93.71  61.02  0.4700E+12    8.68   2.86  -1  -1  -136.11     0  4   0.0  0   0.0  0
       0.0         0.0         0.0         0.0
  27.24105    37.89413    10.589   93.71  61.02  0.4700E+12   11.51   2.86  -1  -1  -136.11     0  4   0.0  0   0.0  0
       0.0         0.0         0.0         0.0
  27.35490    37.88830    10.589   93.71  61.02  0.4700E+12   14.35   2.86  -1  -1  -136.11     0  4   0.0  0   0.0  0
       0.0         0.0         0.0         0.0
  27.46874    37.88247    10.589   93.71  61.02  0.4700E+12   17.19   2.86  -1  -1  -136.11     0  4   0.0  0   0.0  0
       0.0         0.0         0.0         0.0
  26.10431    37.97290     6.477   93.71  61.02  0.4700E+12   17.32   2.86  -1  -1  -136.11     0  4   0.0  0   0.0  0
       0.0         0.0         0.0         0.0
  26.21815    37.96707     6.477   93.71  61.02  0.4700E+12   17.27   2.86  -1  -1   -58.45    15  4   0.0  0   0.0  0
       0.2         0.2         4.4         0.4
  26.33200    37.96124     6.477   93.71  61.02  0.4700E+12   13.98   2.86  -1  -1   -84.15    16  4   0.0  0   0.0  0
       0.1         0.9         3.0         1.5
  26.44584    37.95541     6.477   93.71  61.02  0.4700E+12   16.02   2.86  -1  -1  -109.81    20  4   0.0  0   0.0  0
       5.1         1.0         0.4         0.3
  26.55968    37.94958     6.477   93.71  61.02  0.4700E+12   10.05   2.86  -1  -1  -111.31    88  4   0.0  0   0.0  0
      26.4         3.7         0.6         0.2
  26.67352    37.94374     6.477   93.71  61.02  0.4700E+12    8.77   2.86  -1  -1   -69.59   135  4   0.0  0   0.0  0
      24.9        11.1        11.0         0.2
  26.78736    37.93792     6.477   93.71  61.02  0.4700E+12    8.31   2.86  -1  -1   -77.16   125  4   0.0  0   0.0  0
      19.8         0.2         6.2        17.6
  26.90121    37.93208     6.477   93.71  61.02  0.4700E+12   10.15   2.86  -1  -1   -56.12    57  4   0.0  0   0.0  0
       7.6         5.9         4.0         2.4
  27.01505    37.92625     6.477   93.71  61.02  0.4700E+12   10.14   2.86  -1  -1   -65.40    49  4   0.0  0   0.0  0
      11.0         5.4         0.4         0.2
  27.12889    37.92042     6.477   93.71  61.02  0.4700E+12    8.98   2.86  -1  -1  -136.11     0  4   0.0  0   0.0  0
       0.0         0.0         0.0         0.0
  27.24274    37.91459     6.477   93.71  61.02  0.4700E+12   11.74   2.86  -1  -1  -136.11     0  4   0.0  0   0.0  0
       0.0         0.0         0.0         0.0
  27.35658    37.90876     6.477   93.71  61.02  0.4700E+12   14.54   2.86  -1  -1  -136.11     0  4   0.0  0   0.0  0
       0.0         0.0         0.0         0.0
  27.47042    37.90293     6.477   93.71  61.02  0.4700E+12   17.32   2.86  -1  -1  -136.11     0  4   0.0  0   0.0  0
       0.0         0.0         0.0         0.0
  26.10599    37.99335     2.366   93.71  61.02  0.4700E+12   17.32   2.86  -1  -1  -136.11     0  4   0.0  0   0.0  0
       0.0         0.0         0.0         0.0
  26.21984    37.98753     2.366   93.71  61.02  0.4700E+12   16.03   2.86  -1  -1  -100.94     2  4   0.0  0   0.0  0
       0.1         0.2         0.2         0.2
  26.33368    37.98169     2.366   93.71  61.02  0.4700E+12   15.04   2.86  -1  -1   -89.28     8  4   0.0  0   0.0  0
       0.1         0.2         1.9         0.5
  26.44752    37.97586     2.366   93.71  61.02  0.4700E+12    9.57   2.86  -1  -1  -105.23    70  4   0.0  0   0.0  0
      17.2         4.7         1.1         1.6
  26.56136    37.97003     2.366   93.71  61.02  0.4700E+12    7.08   2.86  -1  -1  -107.92   154  4   0.0  0   0.0  0
      30.3         1.9         8.7        12.9
  26.67521    37.96420     2.366   93.71  61.02  0.4700E+12    5.29   2.86  -1  -1  -109.89   200  4   0.0  0   0.0  0
      55.2         0.1         3.5        11.1
  26.78905    37.95837     2.366   93.71  61.02  0.4700E+12    7.33   2.86  -1  -1   -57.19   209  4   0.0  0   0.0  0
      13.7         7.1        33.7        18.7
  26.90289    37.95254     2.366   93.71  61.02  0.4700E+12    5.26   2.86  -1  -1   -71.39   191  4   0.0  0   0.0  0
      46.5         0.4        11.4         8.6
  27.01673    37.94671     2.366   93.71  61.02  0.4700E+12    7.02   2.86  -1  -1   -62.77   151  4   0.0  0   0.0  0
      45.0         0.2         3.9         3.7
  27.13058    37.94088     2.366   93.71  61.02  0.4700E+12    9.47   2.86  -1  -1  -136.11     0  4   0.0  0   0.0  0
       0.0         0.0         0.0         0.0
  27.24442    37.93505     2.366   93.71  61.02  0.4700E+12   12.12   2.86  -1  -1  -136.11     0  4   0.0  0   0.0  0
       0.0         0.0         0.0         0.0
  27.35826    37.92922     2.366   93.71  61.02  0.4700E+12   14.84   2.86  -1  -1  -136.11     0  4   0.0  0   0.0  0
       0.0         0.0         0.0         0.0
  27.47211    37.92339     2.366   93.71  61.02  0.4700E+12   17.32   2.86  -1  -1  -136.11     0  4   0.0  0   0.0  0
       0.0         0.0         0.0         0.0
