2.0
#
# http://equake-rc.info/static/paper/SRF-Description-Graves_2.0.pdf
# RECTANGULAR fault MODEL
#
# All subfaults are   4.0 km long along strike and
#   7.0 km wide along dip
#
# Model length along strike is   36.0 km
#
# Model width along dip is   35.0 km
#
# Corners of the rectangular dislocation model (lat, lon):
#     39.987   142.742 : corner 1
#     40.276   142.934 : corner 2
#     40.237   143.035 : corner 3
#     39.948   142.843 : corner 4
#
#
# Number of elementary sliprate
# isoceles triangular functions
# per subfault:   4
#
# Half duration of elementary sliprate
# isoceles triangular functions (s):   1.33
# Triangles are overlapping each other by half
#
# slip rate unit: cm/s
#
#
# Seismic moment is converted into slip
# using a single constant value for the
# shear modulus mu of  0.250E+12 dyne/cm2
# assumed to be constant and characteristic
# of the fault shear zone
#
#
#
# "rake" (degrees) is the slip angle (Aki"s convention,
# e.g. rake=+45 means left-lateral-reverse movement.
#
#
# ************************************************
# Total seismic moment M0=  0.781E+25 dyne.cm
# ************************************************
#
#
PLANE 1
 142.83801    40.13150    9    5    36.000    35.000
 27.00  74.00     4.178     0.000    17.500
POINTS   45
 142.88850    40.11190    21.000   27.00  74.00  0.2800E+12    0.00   1.33  -1  -1    86.26    24  4   0.0  0   0.0  0
      16.0         2.0         0.1         0.1
 142.86485    39.99986    34.458   27.00  74.00  0.2800E+12    5.60   1.33  -1  -1    58.27     3  4   0.0  0   0.0  0
       2.1         0.1         0.1         0.1
 142.88623    40.03195    34.458   27.00  74.00  0.2800E+12    5.61   1.33  -1  -1    57.44     3  4   0.0  0   0.0  0
       0.5         0.4         0.2         0.9
 142.90761    40.06404    34.458   27.00  74.00  0.2800E+12    5.57   1.33  -1  -1    83.49     1  4   0.0  0   0.0  0
       0.4         0.2         0.2         0.1
 142.92899    40.09613    34.458   27.00  74.00  0.2800E+12    5.60   1.33  -1  -1    97.00     1  4   0.0  0   0.0  0
       0.7         0.2         0.0         0.1
 142.95036    40.12822    34.458   27.00  74.00  0.2800E+12    5.58   1.33  -1  -1   120.11     1  4   0.0  0   0.0  0
       0.2         0.2         0.1         0.1
 142.97174    40.16031    34.458   27.00  74.00  0.2800E+12    4.61   1.33  -1  -1    57.00     0  4   0.0  0   0.0  0
       0.0         0.0         0.0         0.0
 142.99312    40.19239    34.458   27.00  74.00  0.2800E+12    5.27   1.33  -1  -1    57.00     0  4   0.0  0   0.0  0
       0.0         0.0         0.0         0.0
 143.01450    40.22448    34.458   27.00  74.00  0.2800E+12    5.67   1.33  -1  -1    57.00     0  4   0.0  0   0.0  0
       0.0         0.0         0.0         0.0
 142.82323    39.97566    27.729   27.00  74.00  0.2800E+12    5.11   1.33  -1  -1    61.91     4  4   0.0  0   0.0  0
       2.1         0.7         0.0         0.0
 142.84460    40.00775    27.729   27.00  74.00  0.2800E+12    4.02   1.33  -1  -1    83.59     5  4   0.0  0   0.0  0
       3.1         0.4         0.0         0.1
 142.86598    40.03984    27.729   27.00  74.00  0.2800E+12    3.81   1.33  -1  -1   107.05     5  4   0.0  0   0.0  0
       2.7         0.2         0.3         0.6
 142.88736    40.07193    27.729   27.00  74.00  0.2800E+12    3.96   1.33  -1  -1   126.81     4  4   0.0  0   0.0  0
       2.0         0.1         0.1         0.6
 142.90874    40.10402    27.729   27.00  74.00  0.2800E+12    5.59   1.33  -1  -1    89.06     4  4   0.0  0   0.0  0
       0.1         0.1         0.2         2.7
 142.93011    40.13610    27.729   27.00  74.00  0.2800E+12    5.66   1.33  -1  -1   111.68     2  4   0.0  0   0.0  0
       0.0         0.1         0.1         1.3
 142.95149    40.16819    27.729   27.00  74.00  0.2800E+12    3.04   1.33  -1  -1    57.00     0  4   0.0  0   0.0  0
       0.0         0.0         0.0         0.0
 142.97287    40.20028    27.729   27.00  74.00  0.2800E+12    3.97   1.33  -1  -1    57.00     0  4   0.0  0   0.0  0
       0.0         0.0         0.0         0.0
 142.99426    40.23236    27.729   27.00  74.00  0.2800E+12    4.99   1.33  -1  -1    57.00     0  4   0.0  0   0.0  0
       0.0         0.0         0.0         0.0
 142.80299    39.98355    21.000   27.00  74.00  0.2800E+12    5.11   1.33  -1  -1    67.49     5  4   0.0  0   0.0  0
       2.3         0.9         0.2         0.1
 142.82437    40.01564    21.000   27.00  74.00  0.2800E+12    5.18   1.33  -1  -1    75.82     3  4   0.0  0   0.0  0
       1.4         0.2         0.1         0.7
 142.84575    40.04773    21.000   27.00  74.00  0.2800E+12    2.44   1.33  -1  -1   105.74     7  4   0.0  0   0.0  0
       2.8         0.9         0.1         1.1
 142.86713    40.07981    21.000   27.00  74.00  0.2800E+12    1.16   1.33  -1  -1   122.30     4  4   0.0  0   0.0  0
       2.0         0.1         0.5         0.1
 142.84348    39.96777    34.458   27.00  74.00  0.2800E+12    5.67   1.33  -1  -1    75.43     2  4   0.0  0   0.0  0
       1.1         0.0         0.1         0.1
 142.90988    40.14399    21.000   27.00  74.00  0.2800E+12    1.20   1.33  -1  -1   101.06     5  4   0.0  0   0.0  0
       3.8         0.1         0.1         0.1
 142.93126    40.17607    21.000   27.00  74.00  0.2800E+12    2.29   1.33  -1  -1    57.00     0  4   0.0  0   0.0  0
       0.0         0.0         0.0         0.0
 142.95264    40.20816    21.000   27.00  74.00  0.2800E+12    3.43   1.33  -1  -1    57.00     0  4   0.0  0   0.0  0
       0.0         0.0         0.0         0.0
 142.97401    40.24025    21.000   27.00  74.00  0.2800E+12    4.57   1.33  -1  -1    57.00     0  4   0.0  0   0.0  0
       0.0         0.0         0.0         0.0
 142.78275    39.99144    14.271   27.00  74.00  0.2800E+12    5.12   1.33  -1  -1    67.35    10  4   0.0  0   0.0  0
       2.8         4.5         0.3         0.3
 142.80414    40.02352    14.271   27.00  74.00  0.2800E+12    5.37   1.33  -1  -1    94.83     2  4   0.0  0   0.0  0
       0.6         0.5         0.1         0.3
 142.82552    40.05561    14.271   27.00  74.00  0.2800E+12    3.93   1.33  -1  -1    88.23     2  4   0.0  0   0.0  0
       0.9         0.5         0.1         0.1
 142.84689    40.08770    14.271   27.00  74.00  0.2800E+12    2.51   1.33  -1  -1    87.93     1  4   0.0  0   0.0  0
       0.2         0.1         0.1         0.1
 142.86827    40.11979    14.271   27.00  74.00  0.2800E+12    5.34   1.33  -1  -1   119.96     1  4   0.0  0   0.0  0
       0.4         0.3         0.1         0.1
 142.88965    40.15187    14.271   27.00  74.00  0.2800E+12    5.56   1.33  -1  -1   102.29     0  4   0.0  0   0.0  0
       0.1         0.1         0.1         0.1
 142.91103    40.18396    14.271   27.00  74.00  0.2800E+12    3.04   1.33  -1  -1    57.00     0  4   0.0  0   0.0  0
       0.0         0.0         0.0         0.0
 142.93240    40.21605    14.271   27.00  74.00  0.2800E+12    3.97   1.33  -1  -1    57.00     0  4   0.0  0   0.0  0
       0.0         0.0         0.0         0.0
 142.95378    40.24814    14.271   27.00  74.00  0.2800E+12    4.99   1.33  -1  -1    57.00     0  4   0.0  0   0.0  0
       0.0         0.0         0.0         0.0
 142.76251    39.99932     7.542   27.00  74.00  0.2800E+12    5.67   1.33  -1  -1   125.95     3  4   0.0  0   0.0  0
       0.6         1.4         0.1         0.1
 142.78389    40.03141     7.542   27.00  74.00  0.2800E+12    5.47   1.33  -1  -1   131.00     2  4   0.0  0   0.0  0
       0.2         1.0         0.3         0.4
 142.80527    40.06350     7.542   27.00  74.00  0.2800E+12    5.50   1.33  -1  -1   114.83     3  4   0.0  0   0.0  0
       1.2         0.0         0.1         0.6
 142.82664    40.09558     7.542   27.00  74.00  0.2800E+12    5.08   1.33  -1  -1    64.84     3  4   0.0  0   0.0  0
       1.8         0.3         0.1         0.1
 142.84802    40.12767     7.542   27.00  74.00  0.2800E+12    4.01   1.33  -1  -1    85.07     2  4   0.0  0   0.0  0
       0.8         0.2         0.1         0.1
 142.86940    40.15976     7.542   27.00  74.00  0.2800E+12    5.37   1.33  -1  -1    60.88     1  4   0.0  0   0.0  0
       0.1         0.3         0.1         0.1
 142.89078    40.19185     7.542   27.00  74.00  0.2800E+12    4.61   1.33  -1  -1    57.00     0  4   0.0  0   0.0  0
       0.0         0.0         0.0         0.0
 142.91216    40.22394     7.542   27.00  74.00  0.2800E+12    5.27   1.33  -1  -1    57.00     0  4   0.0  0   0.0  0
       0.0         0.0         0.0         0.0
 142.93353    40.25603     7.542   27.00  74.00  0.2800E+12    5.67   1.33  -1  -1    57.00     0  4   0.0  0   0.0  0
       0.0         0.0         0.0         0.0
