2.0
#
# http://equake-rc.info/static/paper/SRF-Description-Graves_2.0.pdf
# RECTANGULAR fault MODEL
#
# All subfaults are   4.0 km long along strike and
#   7.0 km wide along dip
#
# Model length along strike is   36.0 km
#
# Model width along dip is   35.0 km
#
# Corners of the rectangular dislocation model (lat, lon):
#     17.405   -61.235 : corner 1
#     17.087   -61.300 : corner 2
#     17.124   -61.499 : corner 3
#     17.442   -61.434 : corner 4
#
#
# Number of elementary sliprate
# isoceles triangular functions
# per subfault:   4
#
# Half duration of elementary sliprate
# isoceles triangular functions (s):   1.23
# Triangles are overlapping each other by half
#
# slip rate unit: cm/s
#
#
# Seismic moment is converted into slip
# using a single constant value for the
# shear modulus mu of  0.250E+12 dyne/cm2
# assumed to be constant and characteristic
# of the fault shear zone
#
#
#
# "rake" (degrees) is the slip angle (Aki"s convention,
# e.g. rake=+45 means left-lateral-reverse movement.
#
#
# ************************************************
# Total seismic moment M0=  0.530E+25 dyne.cm
# ************************************************
#
#
PLANE 1
 -61.26750    17.24600    9    5    36.000    35.000
191.00  52.00    45.726     0.000    10.499
POINTS   45
 -61.32700    17.25700    54.000  191.00  52.00  0.2800E+12    0.00   1.23  -1  -1    33.02    33  4   0.0  0   0.0  0
      24.2         2.3         0.0         0.0
 -61.42495    17.38511    70.548  191.00  52.00  0.2800E+12    5.03   1.23  -1  -1     6.00     0  4   0.0  0   0.0  0
       0.0         0.0         0.0         0.0
 -61.43213    17.34980    70.548  191.00  52.00  0.2800E+12    5.03   1.23  -1  -1    42.61     0  4   0.0  0   0.0  0
       0.1         0.0         0.0         0.1
 -61.43932    17.31449    70.548  191.00  52.00  0.2800E+12    5.03   1.23  -1  -1    41.30     0  4   0.0  0   0.0  0
       0.0         0.0         0.0         0.0
 -61.44651    17.27918    70.548  191.00  52.00  0.2800E+12    5.03   1.23  -1  -1    76.03     0  4   0.0  0   0.0  0
       0.0         0.0         0.0         0.1
 -61.45369    17.24388    70.548  191.00  52.00  0.2800E+12    5.03   1.23  -1  -1    80.53     5  4   0.0  0   0.0  0
       0.0         0.0         0.0         3.8
 -61.46088    17.20856    70.548  191.00  52.00  0.2800E+12    5.03   1.23  -1  -1     6.00     0  4   0.0  0   0.0  0
       0.0         0.0         0.0         0.0
 -61.46807    17.17326    70.548  191.00  52.00  0.2800E+12    5.03   1.23  -1  -1     6.00     0  4   0.0  0   0.0  0
       0.0         0.0         0.0         0.0
 -61.47525    17.13795    70.548  191.00  52.00  0.2800E+12    5.03   1.23  -1  -1     6.00     0  4   0.0  0   0.0  0
       0.0         0.0         0.0         0.0
 -61.37792    17.41303    65.032  191.00  52.00  0.2800E+12    5.03   1.23  -1  -1     6.00     0  4   0.0  0   0.0  0
       0.0         0.0         0.0         0.0
 -61.38511    17.37772    65.032  191.00  52.00  0.2800E+12    5.03   1.23  -1  -1     6.00     0  4   0.0  0   0.0  0
       0.0         0.0         0.0         0.0
 -61.39230    17.34241    65.032  191.00  52.00  0.2800E+12    4.70   1.23  -1  -1    25.01     0  4   0.0  0   0.0  0
       0.0         0.0         0.0         0.1
 -61.39948    17.30710    65.032  191.00  52.00  0.2800E+12    4.80   1.23  -1  -1    62.39     0  4   0.0  0   0.0  0
       0.1         0.0         0.0         0.0
 -61.40667    17.27179    65.032  191.00  52.00  0.2800E+12    4.80   1.23  -1  -1    76.27     0  4   0.0  0   0.0  0
       0.0         0.0         0.0         0.0
 -61.41386    17.23648    65.032  191.00  52.00  0.2800E+12    4.99   1.23  -1  -1    95.76     1  4   0.0  0   0.0  0
       0.0         0.0         0.0         0.7
 -61.42104    17.20117    65.032  191.00  52.00  0.2800E+12    4.61   1.23  -1  -1     6.00     0  4   0.0  0   0.0  0
       0.0         0.0         0.0         0.0
 -61.42823    17.16586    65.032  191.00  52.00  0.2800E+12    5.03   1.23  -1  -1     6.00     0  4   0.0  0   0.0  0
       0.0         0.0         0.0         0.0
 -61.43542    17.13055    65.032  191.00  52.00  0.2800E+12    5.03   1.23  -1  -1     6.00     0  4   0.0  0   0.0  0
       0.0         0.0         0.0         0.0
 -61.33809    17.40563    59.516  191.00  52.00  0.2800E+12    4.99   1.23  -1  -1     6.00     0  4   0.0  0   0.0  0
       0.0         0.0         0.0         0.0
 -61.34528    17.37032    59.516  191.00  52.00  0.2800E+12    3.97   1.23  -1  -1     6.00     0  4   0.0  0   0.0  0
       0.0         0.0         0.0         0.0
 -61.35246    17.33501    59.516  191.00  52.00  0.2800E+12    3.08   1.23  -1  -1    19.85     0  4   0.0  0   0.0  0
       0.1         0.0         0.0         0.0
 -61.35965    17.29970    59.516  191.00  52.00  0.2800E+12    2.32   1.23  -1  -1    29.33     1  4   0.0  0   0.0  0
       0.4         0.0         0.0         0.0
 -61.36684    17.26439    59.516  191.00  52.00  0.2800E+12    2.21   1.23  -1  -1    23.64     1  4   0.0  0   0.0  0
       0.9         0.1         0.0         0.0
 -61.37402    17.22909    59.516  191.00  52.00  0.2800E+12    2.31   1.23  -1  -1    45.33     0  4   0.0  0   0.0  0
       0.2         0.0         0.0         0.1
 -61.38121    17.19378    59.516  191.00  52.00  0.2800E+12    3.04   1.23  -1  -1     6.00     0  4   0.0  0   0.0  0
       0.0         0.0         0.0         0.0
 -61.38840    17.15847    59.516  191.00  52.00  0.2800E+12    3.97   1.23  -1  -1     6.00     0  4   0.0  0   0.0  0
       0.0         0.0         0.0         0.0
 -61.39558    17.12316    59.516  191.00  52.00  0.2800E+12    4.99   1.23  -1  -1     6.00     0  4   0.0  0   0.0  0
       0.0         0.0         0.0         0.0
 -61.29825    17.39824    54.000  191.00  52.00  0.2800E+12    4.57   1.23  -1  -1     6.00     0  4   0.0  0   0.0  0
       0.0         0.0         0.0         0.0
 -61.30544    17.36293    54.000  191.00  52.00  0.2800E+12    3.43   1.23  -1  -1     6.00     0  4   0.0  0   0.0  0
       0.0         0.0         0.0         0.0
 -61.31263    17.32762    54.000  191.00  52.00  0.2800E+12    2.39   1.23  -1  -1    55.36     3  4   0.0  0   0.0  0
       1.9         0.0         0.0         0.0
 -61.31981    17.29231    54.000  191.00  52.00  0.2800E+12    1.23   1.23  -1  -1    78.82    16  4   0.0  0   0.0  0
      12.8         0.0         0.0         0.0
 -61.41776    17.42042    70.548  191.00  52.00  0.2800E+12    5.03   1.23  -1  -1     6.00     0  4   0.0  0   0.0  0
       0.0         0.0         0.0         0.0
 -61.33419    17.22169    54.000  191.00  52.00  0.2800E+12    2.00   1.23  -1  -1     8.17     5  4   0.0  0   0.0  0
       3.6         0.1         0.0         0.0
 -61.34137    17.18638    54.000  191.00  52.00  0.2800E+12    2.29   1.23  -1  -1     6.00     0  4   0.0  0   0.0  0
       0.0         0.0         0.0         0.0
 -61.34856    17.15107    54.000  191.00  52.00  0.2800E+12    3.43   1.23  -1  -1     6.00     0  4   0.0  0   0.0  0
       0.0         0.0         0.0         0.0
 -61.35575    17.11576    54.000  191.00  52.00  0.2800E+12    4.57   1.23  -1  -1     6.00     0  4   0.0  0   0.0  0
       0.0         0.0         0.0         0.0
 -61.25842    17.39084    48.484  191.00  52.00  0.2800E+12    4.99   1.23  -1  -1     6.00     0  4   0.0  0   0.0  0
       0.0         0.0         0.0         0.0
 -61.26560    17.35553    48.484  191.00  52.00  0.2800E+12    3.97   1.23  -1  -1     6.00     0  4   0.0  0   0.0  0
       0.0         0.0         0.0         0.0
 -61.27279    17.32022    48.484  191.00  52.00  0.2800E+12    3.04   1.23  -1  -1    76.67     0  4   0.0  0   0.0  0
       0.1         0.1         0.0         0.0
 -61.27998    17.28491    48.484  191.00  52.00  0.2800E+12    2.70   1.23  -1  -1    79.67     0  4   0.0  0   0.0  0
       0.1         0.0         0.1         0.0
 -61.28716    17.24961    48.484  191.00  52.00  0.2800E+12    2.37   1.23  -1  -1    76.85     0  4   0.0  0   0.0  0
       0.0         0.1         0.0         0.0
 -61.29435    17.21430    48.484  191.00  52.00  0.2800E+12    4.80   1.23  -1  -1    95.92     9  4   0.0  0   0.0  0
       0.0         0.0         0.0         7.5
 -61.30154    17.17899    48.484  191.00  52.00  0.2800E+12    3.04   1.23  -1  -1     6.00     0  4   0.0  0   0.0  0
       0.0         0.0         0.0         0.0
 -61.30872    17.14368    48.484  191.00  52.00  0.2800E+12    3.97   1.23  -1  -1     6.00     0  4   0.0  0   0.0  0
       0.0         0.0         0.0         0.0
 -61.31591    17.10837    48.484  191.00  52.00  0.2800E+12    4.99   1.23  -1  -1     6.00     0  4   0.0  0   0.0  0
       0.0         0.0         0.0         0.0
