2.0
#
# http://equake-rc.info/static/paper/SRF-Description-Graves_2.0.pdf
# RECTANGULAR fault MODEL
#
# All subfaults are   7.0 km long along strike and
#   2.4 km wide along dip
#
# Model length along strike is   77.0 km
#
# Model width along dip is   12.0 km
#
# Corners of the rectangular dislocation model (lat, lon):
#     17.088   -99.608 : corner 1
#     16.742   -98.981 : corner 2
#     16.723   -98.993 : corner 3
#     17.069   -99.620 : corner 4
#
#
# Number of elementary sliprate
# isoceles triangular functions
# per subfault:   4
#
# Half duration of elementary sliprate
# isoceles triangular functions (s):   1.95
# Triangles are overlapping each other by half
#
# slip rate unit: cm/s
#
#
# Seismic moment is converted into slip
# using a single constant value for the
# shear modulus mu of  0.250E+12 dyne/cm2
# assumed to be constant and characteristic
# of the fault shear zone
#
#
#
# "rake" (degrees) is the slip angle (Aki"s convention,
# e.g. rake=+45 means left-lateral-reverse movement.
#
#
# ************************************************
# Total seismic moment M0=  0.592E+26 dyne.cm
# ************************************************
#
#
PLANE 1
 -99.29450    16.91500   11    5    77.000    12.000
120.00  78.00     0.183     0.000     8.400
POINTS   55
 -99.30260    16.90170     8.400  120.00  78.00  0.1680E+12    0.00   1.95  -1  -1    75.01    84  4   0.0  0   0.0  0
      12.1         3.8        19.5         7.6
 -99.53284    17.02371    10.748  120.00  78.00  0.1680E+12    8.58   1.95  -1  -1   133.89    37  4   0.0  0   0.0  0
       5.4         5.8         7.5         0.1
 -99.47587    16.99223    10.748  120.00  78.00  0.1680E+12    6.70   1.95  -1  -1   123.84    32  4   0.0  0   0.0  0
       8.8         6.6         0.5         0.4
 -99.41889    16.96076    10.748  120.00  78.00  0.1680E+12    5.65   1.95  -1  -1   116.56    36  4   0.0  0   0.0  0
      11.0         1.6         2.6         3.2
 -99.36192    16.92929    10.748  120.00  78.00  0.1680E+12    7.24   1.95  -1  -1   111.95    33  4   0.0  0   0.0  0
       5.9         7.8         1.8         1.3
 -99.30494    16.89781    10.748  120.00  78.00  0.1680E+12    1.87   1.95  -1  -1   108.47    67  4   0.0  0   0.0  0
      13.6         7.3         9.4         3.9
 -99.24797    16.86634    10.748  120.00  78.00  0.1680E+12    7.31   1.95  -1  -1    89.44    45  4   0.0  0   0.0  0
       5.6         6.7         6.5         4.3
 -99.19099    16.83487    10.748  120.00  78.00  0.1680E+12    7.80   1.95  -1  -1    97.64    34  4   0.0  0   0.0  0
       6.3         2.1         4.3         4.7
 -99.13402    16.80339    10.748  120.00  78.00  0.1680E+12    6.04   1.95  -1  -1    48.00     0  4   0.0  0   0.0  0
       0.0         0.0         0.0         0.0
 -99.07704    16.77192    10.748  120.00  78.00  0.1680E+12    8.03   1.95  -1  -1    48.00     0  4   0.0  0   0.0  0
       0.0         0.0         0.0         0.0
 -99.02007    16.74045    10.748  120.00  78.00  0.1680E+12   10.02   1.95  -1  -1    48.00     0  4   0.0  0   0.0  0
       0.0         0.0         0.0         0.0
 -99.58747    17.05906     8.400  120.00  78.00  0.1680E+12   10.00   1.95  -1  -1    48.00     0  4   0.0  0   0.0  0
       0.0         0.0         0.0         0.0
 -99.53049    17.02759     8.400  120.00  78.00  0.1680E+12    8.38   1.95  -1  -1   137.87    23  4   0.0  0   0.0  0
       8.8         2.2         0.3         0.6
 -99.47352    16.99612     8.400  120.00  78.00  0.1680E+12    8.66   1.95  -1  -1   117.27    12  4   0.0  0   0.0  0
       5.5         0.2         0.1         0.1
 -99.41654    16.96465     8.400  120.00  78.00  0.1680E+12    5.89   1.95  -1  -1   118.76     7  4   0.0  0   0.0  0
       2.7         0.6         0.1         0.1
 -99.35957    16.93317     8.400  120.00  78.00  0.1680E+12    5.60   1.95  -1  -1    82.32    13  4   0.0  0   0.0  0
       2.0         3.0         0.4         1.1
 -99.58981    17.05518    10.748  120.00  78.00  0.1680E+12   10.02   1.95  -1  -1    48.00     0  4   0.0  0   0.0  0
       0.0         0.0         0.0         0.0
 -99.24562    16.87023     8.400  120.00  78.00  0.1680E+12    5.16   1.95  -1  -1   125.02    30  4   0.0  0   0.0  0
       7.8         1.4         3.3         2.7
 -99.18865    16.83875     8.400  120.00  78.00  0.1680E+12    5.90   1.95  -1  -1   118.36    15  4   0.0  0   0.0  0
       4.7         2.1         0.5         0.1
 -99.13168    16.80728     8.400  120.00  78.00  0.1680E+12    6.00   1.95  -1  -1    48.00     0  4   0.0  0   0.0  0
       0.0         0.0         0.0         0.0
 -99.07470    16.77581     8.400  120.00  78.00  0.1680E+12    8.00   1.95  -1  -1    48.00     0  4   0.0  0   0.0  0
       0.0         0.0         0.0         0.0
 -99.01772    16.74433     8.400  120.00  78.00  0.1680E+12   10.00   1.95  -1  -1    48.00     0  4   0.0  0   0.0  0
       0.0         0.0         0.0         0.0
 -99.58512    17.06295     6.052  120.00  78.00  0.1680E+12   10.02   1.95  -1  -1    48.00     0  4   0.0  0   0.0  0
       0.0         0.0         0.0         0.0
 -99.52815    17.03148     6.052  120.00  78.00  0.1680E+12    8.54   1.95  -1  -1   137.75    23  4   0.0  0   0.0  0
       5.8         5.6         0.4         0.1
 -99.47118    17.00001     6.052  120.00  78.00  0.1680E+12    6.69   1.95  -1  -1   135.32    19  4   0.0  0   0.0  0
       5.4         3.3         0.9         0.2
 -99.41420    16.96853     6.052  120.00  78.00  0.1680E+12    5.95   1.95  -1  -1   118.78     8  4   0.0  0   0.0  0
       2.8         1.2         0.2         0.2
 -99.35722    16.93706     6.052  120.00  78.00  0.1680E+12    7.31   1.95  -1  -1    63.69     6  4   0.0  0   0.0  0
       0.2         1.1         1.3         0.6
 -99.30025    16.90558     6.052  120.00  78.00  0.1680E+12    2.36   1.95  -1  -1   105.75    44  4   0.0  0   0.0  0
      12.5         0.5         7.7         1.7
 -99.24328    16.87411     6.052  120.00  78.00  0.1680E+12    2.35   1.95  -1  -1    87.55    16  4   0.0  0   0.0  0
       4.5         2.1         1.0         0.6
 -99.18630    16.84264     6.052  120.00  78.00  0.1680E+12    6.70   1.95  -1  -1    63.47    16  4   0.0  0   0.0  0
       3.0         0.9         2.4         1.8
 -99.12933    16.81116     6.052  120.00  78.00  0.1680E+12    6.04   1.95  -1  -1    48.00     0  4   0.0  0   0.0  0
       0.0         0.0         0.0         0.0
 -99.07236    16.77969     6.052  120.00  78.00  0.1680E+12    8.03   1.95  -1  -1    48.00     0  4   0.0  0   0.0  0
       0.0         0.0         0.0         0.0
 -99.01538    16.74822     6.052  120.00  78.00  0.1680E+12   10.02   1.95  -1  -1    48.00     0  4   0.0  0   0.0  0
       0.0         0.0         0.0         0.0
 -99.58278    17.06684     3.705  120.00  78.00  0.1680E+12   10.09   1.95  -1  -1    48.00     0  4   0.0  0   0.0  0
       0.0         0.0         0.0         0.0
 -99.52580    17.03536     3.705  120.00  78.00  0.1680E+12   10.28   1.95  -1  -1   137.70    33  4   0.0  0   0.0  0
       8.3         5.9         1.4         1.1
 -99.46883    17.00389     3.705  120.00  78.00  0.1680E+12    6.69   1.95  -1  -1   125.07    32  4   0.0  0   0.0  0
      13.2         2.9         0.1         0.1
 -99.41186    16.97242     3.705  120.00  78.00  0.1680E+12    4.73   1.95  -1  -1   119.98    36  4   0.0  0   0.0  0
      16.6         0.4         1.3         0.1
 -99.35488    16.94094     3.705  120.00  78.00  0.1680E+12    5.09   1.95  -1  -1    92.83    38  4   0.0  0   0.0  0
      10.0         3.3         5.6         0.4
 -99.29790    16.90947     3.705  120.00  78.00  0.1680E+12    1.43   1.95  -1  -1   103.77    48  4   0.0  0   0.0  0
       6.2         9.7         8.6         0.1
 -99.24094    16.87800     3.705  120.00  78.00  0.1680E+12    7.07   1.95  -1  -1    92.48    24  4   0.0  0   0.0  0
       4.9         3.9         3.2         0.1
 -99.18396    16.84653     3.705  120.00  78.00  0.1680E+12    5.95   1.95  -1  -1    88.01    21  4   0.0  0   0.0  0
       9.5         0.4         0.2         0.8
 -99.12698    16.81505     3.705  120.00  78.00  0.1680E+12    6.15   1.95  -1  -1    48.00     0  4   0.0  0   0.0  0
       0.0         0.0         0.0         0.0
 -99.07001    16.78358     3.705  120.00  78.00  0.1680E+12    8.12   1.95  -1  -1    48.00     0  4   0.0  0   0.0  0
       0.0         0.0         0.0         0.0
 -99.01304    16.75210     3.705  120.00  78.00  0.1680E+12   10.09   1.95  -1  -1    48.00     0  4   0.0  0   0.0  0
       0.0         0.0         0.0         0.0
 -99.58044    17.07072     1.357  120.00  78.00  0.1680E+12   10.21   1.95  -1  -1    48.00     0  4   0.0  0   0.0  0
       0.0         0.0         0.0         0.0
 -99.52346    17.03925     1.357  120.00  78.00  0.1680E+12   10.16   1.95  -1  -1   137.92    70  4   0.0  0   0.0  0
       9.4         4.6        11.6        10.1
 -99.46648    17.00778     1.357  120.00  78.00  0.1680E+12    7.18   1.95  -1  -1   105.35    90  4   0.0  0   0.0  0
      38.0         7.9         0.1         0.1
 -99.40951    16.97630     1.357  120.00  78.00  0.1680E+12    4.93   1.95  -1  -1    94.09   131  4   0.0  0   0.0  0
      30.5        22.8        13.7         0.1
 -99.35254    16.94483     1.357  120.00  78.00  0.1680E+12    3.91   1.95  -1  -1    95.73   115  4   0.0  0   0.0  0
      25.4        16.7        16.8         0.1
 -99.29556    16.91336     1.357  120.00  78.00  0.1680E+12    7.06   1.95  -1  -1    70.63    85  4   0.0  0   0.0  0
      16.3         6.9        16.3         4.3
 -99.23859    16.88188     1.357  120.00  78.00  0.1680E+12    9.25   1.95  -1  -1    77.46    60  4   0.0  0   0.0  0
      20.2         7.0         2.8         0.9
 -99.18162    16.85041     1.357  120.00  78.00  0.1680E+12    4.53   1.95  -1  -1    56.28    31  4   0.0  0   0.0  0
       5.4         5.1         5.1         0.3
 -99.12464    16.81894     1.357  120.00  78.00  0.1680E+12    6.34   1.95  -1  -1    48.00     0  4   0.0  0   0.0  0
       0.0         0.0         0.0         0.0
 -99.06767    16.78746     1.357  120.00  78.00  0.1680E+12    8.26   1.95  -1  -1    48.00     0  4   0.0  0   0.0  0
       0.0         0.0         0.0         0.0
 -99.01069    16.75599     1.357  120.00  78.00  0.1680E+12   10.21   1.95  -1  -1    48.00     0  4   0.0  0   0.0  0
       0.0         0.0         0.0         0.0
