2.0
#
# http://equake-rc.info/static/paper/SRF-Description-Graves_2.0.pdf
# RECTANGULAR fault MODEL
#
# All subfaults are   4.0 km long along strike and
#   5.6 km wide along dip
#
# Model length along strike is   36.0 km
#
# Model width along dip is   28.0 km
#
# Corners of the rectangular dislocation model (lat, lon):
#     39.206    28.020 : corner 1
#     39.225    28.437 : corner 2
#     39.120    28.445 : corner 3
#     39.102    28.028 : corner 4
#
#
# Number of elementary sliprate
# isoceles triangular functions
# per subfault:   4
#
# Half duration of elementary sliprate
# isoceles triangular functions (s):   1.33
# Triangles are overlapping each other by half
#
# slip rate unit: cm/s
#
#
# Seismic moment is converted into slip
# using a single constant value for the
# shear modulus mu of  0.250E+12 dyne/cm2
# assumed to be constant and characteristic
# of the fault shear zone
#
#
#
# "rake" (degrees) is the slip angle (Aki"s convention,
# e.g. rake=+45 means left-lateral-reverse movement.
#
#
# ************************************************
# Total seismic moment M0=  0.132E+26 dyne.cm
# ************************************************
#
#
PLANE 1
  28.22850    39.21550    9    5    36.000    28.000
 86.71  65.50     0.056     0.000     8.399
POINTS   45
  28.23080    39.18390     7.700   86.71  65.50  0.2240E+12    0.00   1.33  -1  -1  -148.02    53  4   0.0  0   0.0  0
      32.9         6.8         0.1         0.1
  28.09630    39.11507    22.987   86.71  65.50  0.2240E+12    5.67   1.33  -1  -1  -110.08     2  4   0.0  0   0.0  0
       1.0         0.1         0.1         0.1
  28.14268    39.11714    22.987   86.71  65.50  0.2240E+12    5.56   1.33  -1  -1  -126.35     0  4   0.0  0   0.0  0
       0.1         0.1         0.1         0.1
  28.18906    39.11921    22.987   86.71  65.50  0.2240E+12    5.24   1.33  -1  -1  -124.90     0  4   0.0  0   0.0  0
       0.0         0.1         0.1         0.1
  28.23545    39.12127    22.987   86.71  65.50  0.2240E+12    5.27   1.33  -1  -1  -133.83     0  4   0.0  0   0.0  0
       0.0         0.1         0.1         0.1
  28.28183    39.12334    22.987   86.71  65.50  0.2240E+12    5.09   1.33  -1  -1  -138.03     0  4   0.0  0   0.0  0
       0.1         0.1         0.1         0.1
  28.32821    39.12541    22.987   86.71  65.50  0.2240E+12    5.32   1.33  -1  -1   161.55     0  4   0.0  0   0.0  0
       0.0         0.0         0.0         0.0
  28.37460    39.12748    22.987   86.71  65.50  0.2240E+12    5.67   1.33  -1  -1   172.13     0  4   0.0  0   0.0  0
       0.1         0.0         0.0         0.1
  28.42098    39.12954    22.987   86.71  65.50  0.2240E+12    5.67   1.33  -1  -1  -177.22     0  4   0.0  0   0.0  0
       0.1         0.1         0.0         0.1
  28.04837    39.13388    17.891   86.71  65.50  0.2240E+12    5.58   1.33  -1  -1   161.55     0  4   0.0  0   0.0  0
       0.0         0.0         0.0         0.0
  28.09475    39.13594    17.891   86.71  65.50  0.2240E+12    5.05   1.33  -1  -1  -123.93     0  4   0.0  0   0.0  0
       0.1         0.1         0.1         0.0
  28.14113    39.13801    17.891   86.71  65.50  0.2240E+12    5.42   1.33  -1  -1  -111.67     0  4   0.0  0   0.0  0
       0.1         0.0         0.1         0.1
  28.18752    39.14008    17.891   86.71  65.50  0.2240E+12    5.25   1.33  -1  -1  -124.59     0  4   0.0  0   0.0  0
       0.1         0.1         0.1         0.0
  28.23390    39.14215    17.891   86.71  65.50  0.2240E+12    4.94   1.33  -1  -1  -138.29     0  4   0.0  0   0.0  0
       0.0         0.0         0.0         0.1
  28.28028    39.14421    17.891   86.71  65.50  0.2240E+12    5.42   1.33  -1  -1  -153.63     0  4   0.0  0   0.0  0
       0.1         0.0         0.1         0.0
  28.32666    39.14628    17.891   86.71  65.50  0.2240E+12    3.93   1.33  -1  -1   161.55     0  4   0.0  0   0.0  0
       0.0         0.0         0.0         0.0
  28.37305    39.14835    17.891   86.71  65.50  0.2240E+12    5.20   1.33  -1  -1  -173.03     0  4   0.0  0   0.0  0
       0.1         0.1         0.1         0.1
  28.41943    39.15042    17.891   86.71  65.50  0.2240E+12    5.65   1.33  -1  -1   177.39     0  4   0.0  0   0.0  0
       0.1         0.1         0.1         0.1
  28.04682    39.15475    12.796   86.71  65.50  0.2240E+12    4.84   1.33  -1  -1   161.55     0  4   0.0  0   0.0  0
       0.0         0.0         0.0         0.0
  28.09320    39.15682    12.796   86.71  65.50  0.2240E+12    4.02   1.33  -1  -1  -133.44     2  4   0.0  0   0.0  0
       1.5         0.1         0.0         0.1
  28.13958    39.15889    12.796   86.71  65.50  0.2240E+12    3.25   1.33  -1  -1  -137.63     2  4   0.0  0   0.0  0
       1.0         0.0         0.1         0.1
  28.18597    39.16096    12.796   86.71  65.50  0.2240E+12    2.25   1.33  -1  -1  -156.10     5  4   0.0  0   0.0  0
       3.4         0.1         0.1         0.1
  28.23235    39.16302    12.796   86.71  65.50  0.2240E+12    1.62   1.33  -1  -1  -168.60     6  4   0.0  0   0.0  0
       4.0         0.1         0.0         0.1
  28.27873    39.16509    12.796   86.71  65.50  0.2240E+12    5.40   1.33  -1  -1  -160.00     0  4   0.0  0   0.0  0
       0.1         0.1         0.1         0.1
  28.32512    39.16716    12.796   86.71  65.50  0.2240E+12    2.79   1.33  -1  -1   161.55     0  4   0.0  0   0.0  0
       0.0         0.0         0.0         0.0
  28.37150    39.16923    12.796   86.71  65.50  0.2240E+12    4.64   1.33  -1  -1  -155.70     0  4   0.0  0   0.0  0
       0.1         0.1         0.1         0.1
  28.41788    39.17130    12.796   86.71  65.50  0.2240E+12    5.26   1.33  -1  -1   179.20     0  4   0.0  0   0.0  0
       0.1         0.1         0.1         0.1
  28.04527    39.17563     7.700   86.71  65.50  0.2240E+12    4.57   1.33  -1  -1   161.55     0  4   0.0  0   0.0  0
       0.0         0.0         0.0         0.0
  28.09165    39.17770     7.700   86.71  65.50  0.2240E+12    3.54   1.33  -1  -1  -178.03     5  4   0.0  0   0.0  0
       3.3         0.0         0.1         0.1
  28.13803    39.17976     7.700   86.71  65.50  0.2240E+12    2.30   1.33  -1  -1  -161.73    33  4   0.0  0   0.0  0
      24.6         0.1         0.1         0.1
  28.18442    39.18183     7.700   86.71  65.50  0.2240E+12    1.15   1.33  -1  -1  -152.35    41  4   0.0  0   0.0  0
      28.9         2.1         0.1         0.1
  28.04992    39.11300    22.987   86.71  65.50  0.2240E+12    5.67   1.33  -1  -1   161.55     0  4   0.0  0   0.0  0
       0.0         0.0         0.0         0.0
  28.27718    39.18597     7.700   86.71  65.50  0.2240E+12    1.14   1.33  -1  -1  -172.04    30  4   0.0  0   0.0  0
      22.2         0.1         0.1         0.0
  28.32357    39.18803     7.700   86.71  65.50  0.2240E+12    2.29   1.33  -1  -1   161.55     0  4   0.0  0   0.0  0
       0.0         0.0         0.0         0.0
  28.36995    39.19010     7.700   86.71  65.50  0.2240E+12    3.76   1.33  -1  -1  -126.47    16  4   0.0  0   0.0  0
       9.2         1.9         0.8         0.1
  28.41633    39.19217     7.700   86.71  65.50  0.2240E+12    5.00   1.33  -1  -1  -174.76     3  4   0.0  0   0.0  0
       0.1         0.1         2.3         0.1
  28.04372    39.19650     2.604   86.71  65.50  0.2240E+12    4.84   1.33  -1  -1   161.55     0  4   0.0  0   0.0  0
       0.0         0.0         0.0         0.0
  28.09010    39.19857     2.604   86.71  65.50  0.2240E+12    4.20   1.33  -1  -1  -156.16     2  4   0.0  0   0.0  0
       1.1         0.6         0.1         0.1
  28.13649    39.20064     2.604   86.71  65.50  0.2240E+12    5.29   1.33  -1  -1  -157.87     0  4   0.0  0   0.0  0
       0.1         0.0         0.1         0.1
  28.18287    39.20271     2.604   86.71  65.50  0.2240E+12    2.49   1.33  -1  -1  -146.15    10  4   0.0  0   0.0  0
       6.9         0.0         0.1         0.5
  28.22925    39.20477     2.604   86.71  65.50  0.2240E+12    1.62   1.33  -1  -1  -153.80    13  4   0.0  0   0.0  0
       7.9         0.1         0.1         1.9
  28.27563    39.20684     2.604   86.71  65.50  0.2240E+12    5.31   1.33  -1  -1  -160.61     1  4   0.0  0   0.0  0
       0.2         0.1         0.1         0.3
  28.32202    39.20891     2.604   86.71  65.50  0.2240E+12    2.79   1.33  -1  -1   161.55     0  4   0.0  0   0.0  0
       0.0         0.0         0.0         0.0
  28.36840    39.21098     2.604   86.71  65.50  0.2240E+12    5.01   1.33  -1  -1  -153.71     6  4   0.0  0   0.0  0
       3.7         0.1         0.7         0.1
  28.41478    39.21304     2.604   86.71  65.50  0.2240E+12    5.46   1.33  -1  -1  -165.16     0  4   0.0  0   0.0  0
       0.2         0.1         0.1         0.1
