2.0
#
# http://equake-rc.info/static/paper/SRF-Description-Graves_2.0.pdf
# RECTANGULAR fault MODEL
#
# All subfaults are   4.0 km long along strike and
#   3.4 km wide along dip
#
# Model length along strike is   36.0 km
#
# Model width along dip is   17.0 km
#
# Corners of the rectangular dislocation model (lat, lon):
#     39.016    28.231 : corner 1
#     39.329    28.122 : corner 2
#     39.345    28.200 : corner 3
#     39.032    28.308 : corner 4
#
#
# Number of elementary sliprate
# isoceles triangular functions
# per subfault:   4
#
# Half duration of elementary sliprate
# isoceles triangular functions (s):   1.33
# Triangles are overlapping each other by half
#
# slip rate unit: cm/s
#
#
# Seismic moment is converted into slip
# using a single constant value for the
# shear modulus mu of  0.250E+12 dyne/cm2
# assumed to be constant and characteristic
# of the fault shear zone
#
#
#
# "rake" (degrees) is the slip angle (Aki"s convention,
# e.g. rake=+45 means left-lateral-reverse movement.
#
#
# ************************************************
# Total seismic moment M0=  0.142E+26 dyne.cm
# ************************************************
#
#
PLANE 1
  28.17650    39.17250    9    5    36.000    17.000
345.00  66.00     0.129     0.000    11.900
POINTS   45
  28.23080    39.18390    11.000  345.00  66.00  0.1360E+12    0.00   1.33  -1  -1   -31.15    36  4   0.0  0   0.0  0
      26.6         0.1         0.1         0.1
  28.28239    39.08277    14.106  345.00  66.00  0.1360E+12    3.56   1.33  -1  -1   -72.00     0  4   0.0  0   0.0  0
       0.0         0.0         0.0         0.0
  28.27036    39.11755    14.106  345.00  66.00  0.1360E+12    3.68   1.33  -1  -1   -46.62     0  4   0.0  0   0.0  0
       0.1         0.1         0.1         0.1
  28.25834    39.15234    14.106  345.00  66.00  0.1360E+12    2.65   1.33  -1  -1    -7.30     0  4   0.0  0   0.0  0
       0.1         0.1         0.1         0.1
  28.24632    39.18712    14.106  345.00  66.00  0.1360E+12    0.98   1.33  -1  -1   -17.89     2  4   0.0  0   0.0  0
       1.5         0.1         0.1         0.1
  28.23429    39.22190    14.106  345.00  66.00  0.1360E+12    4.49   1.33  -1  -1   -53.77     0  4   0.0  0   0.0  0
       0.1         0.1         0.1         0.1
  28.22227    39.25669    14.106  345.00  66.00  0.1360E+12    3.79   1.33  -1  -1   -30.12     0  4   0.0  0   0.0  0
       0.1         0.1         0.0         0.1
  28.21024    39.29148    14.106  345.00  66.00  0.1360E+12    3.56   1.33  -1  -1   -72.00     0  4   0.0  0   0.0  0
       0.0         0.0         0.0         0.0
  28.19822    39.32626    14.106  345.00  66.00  0.1360E+12    4.67   1.33  -1  -1   -72.00     0  4   0.0  0   0.0  0
       0.0         0.0         0.0         0.0
  28.27890    39.04476    11.000  345.00  66.00  0.1360E+12    5.38   1.33  -1  -1   -43.94     1  4   0.0  0   0.0  0
       0.1         0.2         0.4         0.0
  28.26687    39.07954    11.000  345.00  66.00  0.1360E+12    3.43   1.33  -1  -1   -72.00     0  4   0.0  0   0.0  0
       0.0         0.0         0.0         0.0
  28.25485    39.11433    11.000  345.00  66.00  0.1360E+12    2.71   1.33  -1  -1   -57.44     1  4   0.0  0   0.0  0
       0.4         0.1         0.0         0.1
  28.24282    39.14911    11.000  345.00  66.00  0.1360E+12    1.24   1.33  -1  -1   -24.25    10  4   0.0  0   0.0  0
       7.1         0.3         0.1         0.1
  28.29441    39.04798    14.106  345.00  66.00  0.1360E+12    5.16   1.33  -1  -1   -55.91     1  4   0.0  0   0.0  0
       0.3         0.1         0.1         0.1
  28.21878    39.21869    11.000  345.00  66.00  0.1360E+12    1.18   1.33  -1  -1   -19.30    42  4   0.0  0   0.0  0
      31.6         0.1         0.1         0.1
  28.20675    39.25347    11.000  345.00  66.00  0.1360E+12    4.14   1.33  -1  -1   -22.62     0  4   0.0  0   0.0  0
       0.0         0.1         0.1         0.0
  28.19473    39.28825    11.000  345.00  66.00  0.1360E+12    3.43   1.33  -1  -1   -72.00     0  4   0.0  0   0.0  0
       0.0         0.0         0.0         0.0
  28.18270    39.32304    11.000  345.00  66.00  0.1360E+12    4.57   1.33  -1  -1   -72.00     0  4   0.0  0   0.0  0
       0.0         0.0         0.0         0.0
  28.26338    39.04154     7.894  345.00  66.00  0.1360E+12    5.05   1.33  -1  -1   -43.15     1  4   0.0  0   0.0  0
       0.0         0.1         0.4         0.3
  28.25136    39.07632     7.894  345.00  66.00  0.1360E+12    3.56   1.33  -1  -1   -72.00     0  4   0.0  0   0.0  0
       0.0         0.0         0.0         0.0
  28.23933    39.11111     7.894  345.00  66.00  0.1360E+12    2.50   1.33  -1  -1   -60.66     8  4   0.0  0   0.0  0
       5.7         0.1         0.1         0.1
  28.22731    39.14589     7.894  345.00  66.00  0.1360E+12    1.75   1.33  -1  -1   -18.33    42  4   0.0  0   0.0  0
      31.2         0.1         0.1         0.0
  28.21529    39.18068     7.894  345.00  66.00  0.1360E+12    0.99   1.33  -1  -1   -11.29    70  4   0.0  0   0.0  0
      32.8        19.9         0.1         0.1
  28.20326    39.21546     7.894  345.00  66.00  0.1360E+12    1.50   1.33  -1  -1   -16.52    43  4   0.0  0   0.0  0
      31.9         0.0         0.1         0.1
  28.19124    39.25025     7.894  345.00  66.00  0.1360E+12    3.69   1.33  -1  -1   -45.22     1  4   0.0  0   0.0  0
       0.6         0.1         0.1         0.1
  28.17921    39.28503     7.894  345.00  66.00  0.1360E+12    3.56   1.33  -1  -1   -72.00     0  4   0.0  0   0.0  0
       0.0         0.0         0.0         0.0
  28.16719    39.31982     7.894  345.00  66.00  0.1360E+12    4.67   1.33  -1  -1   -72.00     0  4   0.0  0   0.0  0
       0.0         0.0         0.0         0.0
  28.24787    39.03831     4.788  345.00  66.00  0.1360E+12    5.03   1.33  -1  -1   -43.19    15  4   0.0  0   0.0  0
       0.4         0.1        10.4         0.2
  28.23584    39.07310     4.788  345.00  66.00  0.1360E+12    3.94   1.33  -1  -1   -72.00     0  4   0.0  0   0.0  0
       0.0         0.0         0.0         0.0
  28.22382    39.10788     4.788  345.00  66.00  0.1360E+12    3.22   1.33  -1  -1   -46.82     1  4   0.0  0   0.0  0
       0.4         0.1         0.1         0.1
  28.21180    39.14267     4.788  345.00  66.00  0.1360E+12    2.47   1.33  -1  -1   -44.56     2  4   0.0  0   0.0  0
       1.0         0.1         0.3         0.1
  28.19977    39.17746     4.788  345.00  66.00  0.1360E+12    1.95   1.33  -1  -1    -2.19    26  4   0.0  0   0.0  0
      19.6         0.1         0.1         0.1
  28.18775    39.21224     4.788  345.00  66.00  0.1360E+12    2.49   1.33  -1  -1    -5.33    26  4   0.0  0   0.0  0
      18.5         0.1         0.0         0.9
  28.17572    39.24702     4.788  345.00  66.00  0.1360E+12    3.57   1.33  -1  -1   -27.40     3  4   0.0  0   0.0  0
       2.2         0.1         0.1         0.1
  28.16370    39.28181     4.788  345.00  66.00  0.1360E+12    3.94   1.33  -1  -1   -72.00     0  4   0.0  0   0.0  0
       0.0         0.0         0.0         0.0
  28.15167    39.31659     4.788  345.00  66.00  0.1360E+12    4.97   1.33  -1  -1   -72.00     0  4   0.0  0   0.0  0
       0.0         0.0         0.0         0.0
  28.23235    39.03509     1.682  345.00  66.00  0.1360E+12    5.43   1.33  -1  -1   -47.86    46  4   0.0  0   0.0  0
      23.3        10.4         1.1         0.1
  28.22033    39.06988     1.682  345.00  66.00  0.1360E+12    4.50   1.33  -1  -1   -72.00     0  4   0.0  0   0.0  0
       0.0         0.0         0.0         0.0
  28.20831    39.10466     1.682  345.00  66.00  0.1360E+12    3.81   1.33  -1  -1   -31.44     7  4   0.0  0   0.0  0
       0.5         4.4         0.1         0.1
  28.19628    39.13945     1.682  345.00  66.00  0.1360E+12    3.17   1.33  -1  -1   -46.99     8  4   0.0  0   0.0  0
       6.0         0.1         0.1         0.1
  28.18426    39.17423     1.682  345.00  66.00  0.1360E+12    5.03   1.33  -1  -1     9.19    18  4   0.0  0   0.0  0
       2.1         0.1         0.1        11.1
  28.17223    39.20901     1.682  345.00  66.00  0.1360E+12    3.17   1.33  -1  -1   -23.89     3  4   0.0  0   0.0  0
       1.7         0.0         0.1         0.4
  28.16021    39.24380     1.682  345.00  66.00  0.1360E+12    4.53   1.33  -1  -1   -39.28     3  4   0.0  0   0.0  0
       1.7         0.1         0.1         0.1
  28.14818    39.27859     1.682  345.00  66.00  0.1360E+12    4.50   1.33  -1  -1   -72.00     0  4   0.0  0   0.0  0
       0.0         0.0         0.0         0.0
  28.13616    39.31337     1.682  345.00  66.00  0.1360E+12    5.42   1.33  -1  -1   -72.00     0  4   0.0  0   0.0  0
       0.0         0.0         0.0         0.0
