2.0
#
# http://equake-rc.info/static/paper/SRF-Description-Graves_2.0.pdf
# RECTANGULAR fault MODEL
#
# All subfaults are   6.0 km long along strike and
#   6.8 km wide along dip
#
# Model length along strike is   54.0 km
#
# Model width along dip is   34.0 km
#
# Corners of the rectangular dislocation model (lat, lon):
#    -27.596  -178.161 : corner 1
#    -28.022  -177.900 : corner 2
#    -28.035  -177.926 : corner 3
#    -27.609  -178.187 : corner 4
#
#
# Number of elementary sliprate
# isoceles triangular functions
# per subfault:   4
#
# Half duration of elementary sliprate
# isoceles triangular functions (s):   1.67
# Triangles are overlapping each other by half
#
# slip rate unit: cm/s
#
#
# Seismic moment is converted into slip
# using a single constant value for the
# shear modulus mu of  0.250E+12 dyne/cm2
# assumed to be constant and characteristic
# of the fault shear zone
#
#
#
# "rake" (degrees) is the slip angle (Aki"s convention,
# e.g. rake=+45 means left-lateral-reverse movement.
#
#
# ************************************************
# Total seismic moment M0=  0.443E+26 dyne.cm
# ************************************************
#
#
PLANE 1
-178.03049   -27.80900    9    5    54.000    34.000
151.48  85.03     0.290     0.000    23.800
POINTS   45
-178.04871   -27.81810    24.000  151.48  85.03  0.4080E+12    0.00   1.67  -1  -1   129.19    11  4   0.0  0   0.0  0
       6.2         0.1         0.1         0.1
-178.14113   -27.67878    30.774  151.48  85.03  0.4080E+12    5.59   1.67  -1  -1  -178.75     2  4   0.0  0   0.0  0
       1.0         0.1         0.1         0.1
-178.11206   -27.72606    30.774  151.48  85.03  0.4080E+12    4.14   1.67  -1  -1   144.73    10  4   0.0  0   0.0  0
       2.4         3.2         0.2         0.1
-178.08301   -27.77334    30.774  151.48  85.03  0.4080E+12    5.19   1.67  -1  -1   153.63     9  4   0.0  0   0.0  0
       0.1         2.9         2.4         0.2
-178.05396   -27.82063    30.774  151.48  85.03  0.4080E+12    6.43   1.67  -1  -1   160.66    13  4   0.0  0   0.0  0
       0.1         1.9         5.7         0.1
-178.02490   -27.86791    30.774  151.48  85.03  0.4080E+12    7.72   1.67  -1  -1   160.92     6  4   0.0  0   0.0  0
       0.1         2.0         1.4         0.1
-177.99585   -27.91519    30.774  151.48  85.03  0.4080E+12    7.75   1.67  -1  -1   152.42     8  4   0.0  0   0.0  0
       0.1         0.1         4.2         0.4
-177.96680   -27.96247    30.774  151.48  85.03  0.4080E+12    7.74   1.67  -1  -1   146.48     6  4   0.0  0   0.0  0
       0.1         0.1         0.1         3.1
-177.93774   -28.00975    30.774  151.48  85.03  0.4080E+12    7.78   1.67  -1  -1   137.96    12  4   0.0  0   0.0  0
       0.1         0.1         0.1         7.2
-178.16493   -27.62897    24.000  151.48  85.03  0.4080E+12    8.04   1.67  -1  -1  -150.41    17  4   0.0  0   0.0  0
       0.1         0.1         0.1         9.8
-178.13586   -27.67626    24.000  151.48  85.03  0.4080E+12    7.88   1.67  -1  -1  -156.15     0  4   0.0  0   0.0  0
       0.1         0.1         0.1         0.1
-178.10681   -27.72354    24.000  151.48  85.03  0.4080E+12    3.87   1.67  -1  -1   136.27     5  4   0.0  0   0.0  0
       0.1         2.6         0.1         0.1
-178.07776   -27.77082    24.000  151.48  85.03  0.4080E+12    2.58   1.67  -1  -1   169.36    15  4   0.0  0   0.0  0
       0.1         0.5         8.2         0.1
-178.17018   -27.63150    30.774  151.48  85.03  0.4080E+12    7.91   1.67  -1  -1  -142.58     8  4   0.0  0   0.0  0
       0.1         0.1         0.1         4.7
-178.01965   -27.86538    24.000  151.48  85.03  0.4080E+12    1.84   1.67  -1  -1   137.84    19  4   0.0  0   0.0  0
      10.3         0.1         0.8         0.0
-177.99060   -27.91266    24.000  151.48  85.03  0.4080E+12    3.74   1.67  -1  -1   132.07    19  4   0.0  0   0.0  0
      11.0         0.1         0.2         0.1
-177.96155   -27.95994    24.000  151.48  85.03  0.4080E+12    7.74   1.67  -1  -1   130.71     1  4   0.0  0   0.0  0
       0.1         0.1         0.1         0.1
-177.93248   -28.00723    24.000  151.48  85.03  0.4080E+12    7.45   1.67  -1  -1   131.49     0  4   0.0  0   0.0  0
       0.1         0.1         0.1         0.1
-178.15967   -27.62645    17.226  151.48  85.03  0.4080E+12    7.83   1.67  -1  -1  -144.24     2  4   0.0  0   0.0  0
       0.1         0.1         0.1         0.8
-178.13062   -27.67373    17.226  151.48  85.03  0.4080E+12    5.68   1.67  -1  -1  -145.58     0  4   0.0  0   0.0  0
       0.1         0.1         0.1         0.1
-178.10156   -27.72101    17.226  151.48  85.03  0.4080E+12    4.21   1.67  -1  -1   157.15     6  4   0.0  0   0.0  0
       1.5         1.6         0.1         0.1
-178.07251   -27.76829    17.226  151.48  85.03  0.4080E+12    2.62   1.67  -1  -1   152.23     2  4   0.0  0   0.0  0
       0.1         0.4         0.5         0.1
-178.04346   -27.81557    17.226  151.48  85.03  0.4080E+12    5.19   1.67  -1  -1   153.65     1  4   0.0  0   0.0  0
       0.1         0.4         0.1         0.1
-178.01440   -27.86286    17.226  151.48  85.03  0.4080E+12    5.17   1.67  -1  -1   155.38     1  4   0.0  0   0.0  0
       0.1         0.1         0.1         0.1
-177.98535   -27.91014    17.226  151.48  85.03  0.4080E+12    6.46   1.67  -1  -1   147.63     0  4   0.0  0   0.0  0
       0.1         0.1         0.1         0.1
-177.95628   -27.95742    17.226  151.48  85.03  0.4080E+12    6.15   1.67  -1  -1   130.85    22  4   0.0  0   0.0  0
      12.7         0.1         0.1         0.1
-177.92723   -28.00470    17.226  151.48  85.03  0.4080E+12    7.34   1.67  -1  -1   129.03    40  4   0.0  0   0.0  0
      23.9         0.2         0.1         0.1
-178.15442   -27.62393    10.451  151.48  85.03  0.4080E+12    8.04   1.67  -1  -1  -160.41     3  4   0.0  0   0.0  0
       1.5         0.1         0.1         0.1
-178.12537   -27.67121    10.451  151.48  85.03  0.4080E+12    7.69   1.67  -1  -1  -147.67     5  4   0.0  0   0.0  0
       0.1         0.8         2.3         0.1
-178.09631   -27.71849    10.451  151.48  85.03  0.4080E+12    5.78   1.67  -1  -1   160.37     1  4   0.0  0   0.0  0
       0.5         0.1         0.1         0.2
-178.06726   -27.76577    10.451  151.48  85.03  0.4080E+12    4.29   1.67  -1  -1   159.30     1  4   0.0  0   0.0  0
       0.1         0.2         0.1         0.1
-178.03821   -27.81305    10.451  151.48  85.03  0.4080E+12    5.13   1.67  -1  -1  -164.66     1  4   0.0  0   0.0  0
       0.1         0.1         0.1         0.1
-178.00916   -27.86033    10.451  151.48  85.03  0.4080E+12    7.71   1.67  -1  -1  -144.28     7  4   0.0  0   0.0  0
       0.1         0.1         3.3         0.8
-177.98009   -27.90761    10.451  151.48  85.03  0.4080E+12    7.70   1.67  -1  -1  -158.48    12  4   0.0  0   0.0  0
       0.1         0.1         0.2         6.6
-177.95103   -27.95490    10.451  151.48  85.03  0.4080E+12    7.33   1.67  -1  -1   130.34     5  4   0.0  0   0.0  0
       2.6         0.1         0.1         0.1
-177.92198   -28.00218    10.451  151.48  85.03  0.4080E+12    7.91   1.67  -1  -1   129.14    64  4   0.0  0   0.0  0
      37.4         0.6         0.1         0.1
-178.14917   -27.62140     3.677  151.48  85.03  0.4080E+12    8.11   1.67  -1  -1  -158.18    19  4   0.0  0   0.0  0
       2.6         8.7         0.1         0.1
-178.12012   -27.66868     3.677  151.48  85.03  0.4080E+12    8.04   1.67  -1  -1  -154.03    15  4   0.0  0   0.0  0
       0.1         0.2         8.9         0.1
-178.09106   -27.71596     3.677  151.48  85.03  0.4080E+12    8.04   1.67  -1  -1  -163.23     5  4   0.0  0   0.0  0
       0.1         0.1         0.1         2.9
-178.06201   -27.76324     3.677  151.48  85.03  0.4080E+12    6.51   1.67  -1  -1  -172.47     1  4   0.0  0   0.0  0
       0.1         0.1         0.1         0.1
-178.03294   -27.81053     3.677  151.48  85.03  0.4080E+12    7.29   1.67  -1  -1  -161.82     5  4   0.0  0   0.0  0
       0.1         2.6         0.2         0.1
-178.00389   -27.85781     3.677  151.48  85.03  0.4080E+12    7.74   1.67  -1  -1  -155.17     9  4   0.0  0   0.0  0
       0.1         0.2         5.1         0.1
-177.97484   -27.90509     3.677  151.48  85.03  0.4080E+12    7.29   1.67  -1  -1  -155.97    16  4   0.0  0   0.0  0
       0.1         0.1         0.1         9.3
-177.94579   -27.95237     3.677  151.48  85.03  0.4080E+12    8.07   1.67  -1  -1  -142.29    32  4   0.0  0   0.0  0
       0.1         0.1         0.1        18.9
-177.91673   -27.99965     3.677  151.48  85.03  0.4080E+12    8.11   1.67  -1  -1   129.79     0  4   0.0  0   0.0  0
       0.1         0.1         0.1         0.1
