2.0
#
# http://equake-rc.info/static/paper/SRF-Description-Graves_2.0.pdf
# RECTANGULAR fault MODEL
#
# All subfaults are   7.0 km long along strike and
#   3.7 km wide along dip
#
# Model length along strike is   77.0 km
#
# Model width along dip is   18.5 km
#
# Corners of the rectangular dislocation model (lat, lon):
#     16.852   -59.546 : corner 1
#     16.161   -59.596 : corner 2
#     16.166   -59.672 : corner 3
#     16.857   -59.622 : corner 4
#
#
# Number of elementary sliprate
# isoceles triangular functions
# per subfault:   4
#
# Half duration of elementary sliprate
# isoceles triangular functions (s):   1.95
# Triangles are overlapping each other by half
#
# slip rate unit: cm/s
#
#
# Seismic moment is converted into slip
# using a single constant value for the
# shear modulus mu of  0.250E+12 dyne/cm2
# assumed to be constant and characteristic
# of the fault shear zone
#
#
#
# "rake" (degrees) is the slip angle (Aki"s convention,
# e.g. rake=+45 means left-lateral-reverse movement.
#
#
# ************************************************
# Total seismic moment M0=  0.853E+26 dyne.cm
# ************************************************
#
#
PLANE 1
 -59.57100    16.50650   11    5    77.000    18.500
184.00  64.00     0.086     0.000     9.250
POINTS   55
 -59.60920    16.50920     8.400  184.00  64.00  0.2590E+12    0.00   1.95  -1  -1   -44.43    75  4   0.0  0   0.0  0
      37.0         0.9         0.3         0.3
 -59.62123    16.76240    15.051  184.00  64.00  0.2590E+12    8.27   1.95  -1  -1  -116.00     0  4   0.0  0   0.0  0
       0.0         0.0         0.0         0.0
 -59.62581    16.69961    15.051  184.00  64.00  0.2590E+12    8.23   1.95  -1  -1   -92.72    12  4   0.0  0   0.0  0
       3.0         2.3         0.5         0.5
 -59.63039    16.63682    15.051  184.00  64.00  0.2590E+12    5.99   1.95  -1  -1   -91.40    23  4   0.0  0   0.0  0
       1.9         4.3         5.6         0.2
 -59.63497    16.57403    15.051  184.00  64.00  0.2590E+12    9.99   1.95  -1  -1   -88.54    20  4   0.0  0   0.0  0
       1.6         5.3         3.2         0.1
 -59.63955    16.51123    15.051  184.00  64.00  0.2590E+12    2.14   1.95  -1  -1   -66.81    14  4   0.0  0   0.0  0
       4.5         0.2         0.6         2.0
 -59.64413    16.44844    15.051  184.00  64.00  0.2590E+12    7.97   1.95  -1  -1   -63.21    11  4   0.0  0   0.0  0
       0.2         1.9         0.8         2.6
 -59.64871    16.38565    15.051  184.00  64.00  0.2590E+12    7.97   1.95  -1  -1   -73.49    13  4   0.0  0   0.0  0
       0.4         1.0         4.9         0.2
 -59.65329    16.32286    15.051  184.00  64.00  0.2590E+12    6.90   1.95  -1  -1   -43.29    16  4   0.0  0   0.0  0
       4.8         2.8         0.3         0.4
 -59.65787    16.26007    15.051  184.00  64.00  0.2590E+12    9.40   1.95  -1  -1   -54.96    22  4   0.0  0   0.0  0
       7.5         2.8         1.1         0.1
 -59.66245    16.19728    15.051  184.00  64.00  0.2590E+12   10.22   1.95  -1  -1  -116.00     0  4   0.0  0   0.0  0
       0.0         0.0         0.0         0.0
 -59.60147    16.82417    11.726  184.00  64.00  0.2590E+12   10.06   1.95  -1  -1  -116.00     0  4   0.0  0   0.0  0
       0.0         0.0         0.0         0.0
 -59.60606    16.76138    11.726  184.00  64.00  0.2590E+12    8.07   1.95  -1  -1  -116.00     0  4   0.0  0   0.0  0
       0.0         0.0         0.0         0.0
 -59.61064    16.69859    11.726  184.00  64.00  0.2590E+12    8.06   1.95  -1  -1   -92.15     4  4   0.0  0   0.0  0
       0.2         0.4         0.7         0.5
 -59.61522    16.63580    11.726  184.00  64.00  0.2590E+12    4.59   1.95  -1  -1   -86.60     5  4   0.0  0   0.0  0
       1.4         0.5         0.7         0.1
 -59.61980    16.57301    11.726  184.00  64.00  0.2590E+12    4.19   1.95  -1  -1   -82.90    20  4   0.0  0   0.0  0
       6.2         0.8         1.5         1.9
 -59.62437    16.51022    11.726  184.00  64.00  0.2590E+12    1.14   1.95  -1  -1   -75.14    25  4   0.0  0   0.0  0
      11.1         0.1         0.1         1.7
 -59.62896    16.44742    11.726  184.00  64.00  0.2590E+12    6.20   1.95  -1  -1   -63.72    10  4   0.0  0   0.0  0
       0.7         3.4         1.0         0.3
 -59.63353    16.38463    11.726  184.00  64.00  0.2590E+12   10.14   1.95  -1  -1   -78.74     6  4   0.0  0   0.0  0
       0.2         0.2         0.7         1.9
 -59.63811    16.32184    11.726  184.00  64.00  0.2590E+12    7.97   1.95  -1  -1   -79.48     6  4   0.0  0   0.0  0
       1.8         0.3         0.6         0.4
 -59.64269    16.25905    11.726  184.00  64.00  0.2590E+12    8.13   1.95  -1  -1   -52.72    14  4   0.0  0   0.0  0
       5.6         0.9         0.4         0.2
 -59.64727    16.19626    11.726  184.00  64.00  0.2590E+12   10.06   1.95  -1  -1  -116.00     0  4   0.0  0   0.0  0
       0.0         0.0         0.0         0.0
 -59.58630    16.82316     8.400  184.00  64.00  0.2590E+12   10.00   1.95  -1  -1  -116.00     0  4   0.0  0   0.0  0
       0.0         0.0         0.0         0.0
 -59.59088    16.76037     8.400  184.00  64.00  0.2590E+12    8.00   1.95  -1  -1  -116.00     0  4   0.0  0   0.0  0
       0.0         0.0         0.0         0.0
 -59.59546    16.69757     8.400  184.00  64.00  0.2590E+12    8.97   1.95  -1  -1   -85.44    29  4   0.0  0   0.0  0
       0.6         7.1         6.9         0.1
 -59.60004    16.63478     8.400  184.00  64.00  0.2590E+12    5.05   1.95  -1  -1   -81.51    54  4   0.0  0   0.0  0
      11.7         1.1         3.9        11.0
 -59.60462    16.57199     8.400  184.00  64.00  0.2590E+12    4.56   1.95  -1  -1   -73.33    58  4   0.0  0   0.0  0
      13.3         5.1         4.3         7.2
 -59.61665    16.82519    15.051  184.00  64.00  0.2590E+12   10.22   1.95  -1  -1  -116.00     0  4   0.0  0   0.0  0
       0.0         0.0         0.0         0.0
 -59.61378    16.44641     8.400  184.00  64.00  0.2590E+12    6.98   1.95  -1  -1   -69.41    35  4   0.0  0   0.0  0
       0.2         2.8         2.0        12.7
 -59.61836    16.38362     8.400  184.00  64.00  0.2590E+12    9.47   1.95  -1  -1   -58.71    32  4   0.0  0   0.0  0
       4.3         1.3         2.3         8.6
 -59.62294    16.32082     8.400  184.00  64.00  0.2590E+12    7.82   1.95  -1  -1   -59.02    26  4   0.0  0   0.0  0
       5.3         1.8         2.0         4.0
 -59.62752    16.25803     8.400  184.00  64.00  0.2590E+12    8.02   1.95  -1  -1   -56.56    36  4   0.0  0   0.0  0
      13.8         0.4         0.4         3.9
 -59.63210    16.19524     8.400  184.00  64.00  0.2590E+12   10.00   1.95  -1  -1  -116.00     0  4   0.0  0   0.0  0
       0.0         0.0         0.0         0.0
 -59.57113    16.82214     5.074  184.00  64.00  0.2590E+12   10.06   1.95  -1  -1  -116.00     0  4   0.0  0   0.0  0
       0.0         0.0         0.0         0.0
 -59.57571    16.75935     5.074  184.00  64.00  0.2590E+12    8.07   1.95  -1  -1  -116.00     0  4   0.0  0   0.0  0
       0.0         0.0         0.0         0.0
 -59.58028    16.69656     5.074  184.00  64.00  0.2590E+12    8.59   1.95  -1  -1   -80.99    34  4   0.0  0   0.0  0
       0.2         0.3        10.5         6.5
 -59.58487    16.63377     5.074  184.00  64.00  0.2590E+12    9.56   1.95  -1  -1   -77.91    45  4   0.0  0   0.0  0
       5.8         2.1        12.8         2.5
 -59.58944    16.57097     5.074  184.00  64.00  0.2590E+12    5.04   1.95  -1  -1   -63.49    58  4   0.0  0   0.0  0
       9.7         3.0         2.1        14.9
 -59.59402    16.50818     5.074  184.00  64.00  0.2590E+12    1.52   1.95  -1  -1   -47.02    89  4   0.0  0   0.0  0
      44.3         0.6         0.2         0.3
 -59.59860    16.44539     5.074  184.00  64.00  0.2590E+12    3.17   1.95  -1  -1   -57.65    43  4   0.0  0   0.0  0
       6.0         2.4         4.6         9.2
 -59.60318    16.38260     5.074  184.00  64.00  0.2590E+12    9.28   1.95  -1  -1   -58.06    36  4   0.0  0   0.0  0
       3.9         0.2         0.3        14.4
 -59.60776    16.31981     5.074  184.00  64.00  0.2590E+12   10.08   1.95  -1  -1   -62.90    21  4   0.0  0   0.0  0
       3.9         0.4         0.6         5.9
 -59.61234    16.25702     5.074  184.00  64.00  0.2590E+12    8.07   1.95  -1  -1   -49.55     7  4   0.0  0   0.0  0
       3.0         0.2         0.3         0.4
 -59.61692    16.19422     5.074  184.00  64.00  0.2590E+12   10.06   1.95  -1  -1  -116.00     0  4   0.0  0   0.0  0
       0.0         0.0         0.0         0.0
 -59.55595    16.82112     1.749  184.00  64.00  0.2590E+12   10.22   1.95  -1  -1  -116.00     0  4   0.0  0   0.0  0
       0.0         0.0         0.0         0.0
 -59.56053    16.75833     1.749  184.00  64.00  0.2590E+12    8.27   1.95  -1  -1  -116.00     0  4   0.0  0   0.0  0
       0.0         0.0         0.0         0.0
 -59.56511    16.69554     1.749  184.00  64.00  0.2590E+12    7.98   1.95  -1  -1   -77.24    37  4   0.0  0   0.0  0
      11.0         6.8         0.4         0.6
 -59.56969    16.63275     1.749  184.00  64.00  0.2590E+12    5.97   1.95  -1  -1   -77.37    66  4   0.0  0   0.0  0
      10.4         9.6        13.2         0.6
 -59.57427    16.56996     1.749  184.00  64.00  0.2590E+12    3.21   1.95  -1  -1   -64.83    97  4   0.0  0   0.0  0
      22.0         5.5        11.3        10.9
 -59.57885    16.50716     1.749  184.00  64.00  0.2590E+12    2.14   1.95  -1  -1   -75.58    96  4   0.0  0   0.0  0
      41.5         1.4         0.8         5.7
 -59.58343    16.44437     1.749  184.00  64.00  0.2590E+12    9.63   1.95  -1  -1   -61.65    62  4   0.0  0   0.0  0
      10.3         2.8         8.3        10.1
 -59.58801    16.38158     1.749  184.00  64.00  0.2590E+12    7.70   1.95  -1  -1   -57.53    37  4   0.0  0   0.0  0
       2.1        10.5         1.2         5.1
 -59.59259    16.31879     1.749  184.00  64.00  0.2590E+12    7.08   1.95  -1  -1   -47.05    18  4   0.0  0   0.0  0
       5.0         3.1         0.5         0.4
 -59.59717    16.25600     1.749  184.00  64.00  0.2590E+12    8.28   1.95  -1  -1   -48.75     4  4   0.0  0   0.0  0
       1.0         0.8         0.3         0.2
 -59.60175    16.19320     1.749  184.00  64.00  0.2590E+12   10.22   1.95  -1  -1  -116.00     0  4   0.0  0   0.0  0
       0.0         0.0         0.0         0.0
