2.0
#
# http://equake-rc.info/static/paper/SRF-Description-Graves_2.0.pdf
# RECTANGULAR fault MODEL
#
# All subfaults are   7.0 km long along strike and
#   4.5 km wide along dip
#
# Model length along strike is   77.0 km
#
# Model width along dip is   22.5 km
#
# Corners of the rectangular dislocation model (lat, lon):
#     16.155   -59.510 : corner 1
#     16.728   -59.916 : corner 2
#     16.825   -59.767 : corner 3
#     16.252   -59.362 : corner 4
#
#
# Number of elementary sliprate
# isoceles triangular functions
# per subfault:   4
#
# Half duration of elementary sliprate
# isoceles triangular functions (s):   1.95
# Triangles are overlapping each other by half
#
# slip rate unit: cm/s
#
#
# Seismic moment is converted into slip
# using a single constant value for the
# shear modulus mu of  0.250E+12 dyne/cm2
# assumed to be constant and characteristic
# of the fault shear zone
#
#
#
# "rake" (degrees) is the slip angle (Aki"s convention,
# e.g. rake=+45 means left-lateral-reverse movement.
#
#
# ************************************************
# Total seismic moment M0=  0.886E+26 dyne.cm
# ************************************************
#
#
PLANE 1
 -59.71300    16.44150   11    5    77.000    22.500
325.85  31.81     0.099     0.000    15.753
POINTS   55
 -59.60920    16.50920     8.400  325.85  31.81  0.3150E+12    0.00   1.95  -1  -1  -115.85    82  4   0.0  0   0.0  0
      38.1         2.7         1.3         0.2
 -59.43211    16.32013    10.772  325.85  31.81  0.3150E+12    8.10   1.95  -1  -1  -168.72     0  4   0.0  0   0.0  0
       0.0         0.0         0.0         0.0
 -59.46896    16.37222    10.772  325.85  31.81  0.3150E+12    6.79   1.95  -1  -1  -111.49    38  4   0.0  0   0.0  0
       7.2         5.1         7.1         0.2
 -59.50581    16.42432    10.772  325.85  31.81  0.3150E+12    4.21   1.95  -1  -1  -106.42    55  4   0.0  0   0.0  0
      14.5         3.9         3.3         6.4
 -59.54266    16.47641    10.772  325.85  31.81  0.3150E+12    6.19   1.95  -1  -1  -109.52    53  4   0.0  0   0.0  0
      16.0         2.3         4.8         4.3
 -59.57952    16.52850    10.772  325.85  31.81  0.3150E+12    1.58   1.95  -1  -1  -101.56    69  4   0.0  0   0.0  0
      27.2         2.6         1.0         4.4
 -59.61637    16.58060    10.772  325.85  31.81  0.3150E+12    4.81   1.95  -1  -1  -100.02    29  4   0.0  0   0.0  0
       4.7         6.7         0.9         2.5
 -59.65322    16.63269    10.772  325.85  31.81  0.3150E+12    7.62   1.95  -1  -1  -120.76     7  4   0.0  0   0.0  0
       0.6         1.8         0.5         0.5
 -59.69007    16.68478    10.772  325.85  31.81  0.3150E+12    8.16   1.95  -1  -1  -119.58     9  4   0.0  0   0.0  0
       3.8         0.4         0.4         0.2
 -59.72693    16.73687    10.772  325.85  31.81  0.3150E+12    9.77   1.95  -1  -1  -167.68    12  4   0.0  0   0.0  0
       0.1         0.4         0.5         5.0
 -59.76378    16.78897    10.772  325.85  31.81  0.3150E+12   10.08   1.95  -1  -1  -168.72     0  4   0.0  0   0.0  0
       0.0         0.0         0.0         0.0
 -59.42493    16.24874     8.400  325.85  31.81  0.3150E+12   10.00   1.95  -1  -1  -168.72     0  4   0.0  0   0.0  0
       0.0         0.0         0.0         0.0
 -59.46179    16.30083     8.400  325.85  31.81  0.3150E+12    8.00   1.95  -1  -1  -168.72     0  4   0.0  0   0.0  0
       0.0         0.0         0.0         0.0
 -59.49864    16.35292     8.400  325.85  31.81  0.3150E+12    6.97   1.95  -1  -1  -111.47    40  4   0.0  0   0.0  0
       5.4         1.3         8.2         5.3
 -59.53549    16.40501     8.400  325.85  31.81  0.3150E+12    9.02   1.95  -1  -1  -116.63    48  4   0.0  0   0.0  0
       4.3         3.6         9.5         7.1
 -59.57235    16.45711     8.400  325.85  31.81  0.3150E+12    3.41   1.95  -1  -1  -111.55    56  4   0.0  0   0.0  0
      14.2         4.4         3.9         6.3
 -59.39525    16.26804    10.772  325.85  31.81  0.3150E+12   10.08   1.95  -1  -1  -168.72     0  4   0.0  0   0.0  0
       0.0         0.0         0.0         0.0
 -59.64605    16.56129     8.400  325.85  31.81  0.3150E+12    4.18   1.95  -1  -1  -111.78    32  4   0.0  0   0.0  0
       2.0         1.7         7.8         5.2
 -59.68291    16.61338     8.400  325.85  31.81  0.3150E+12   10.27   1.95  -1  -1  -149.35    19  4   0.0  0   0.0  0
       0.2         0.1         5.1         4.2
 -59.71976    16.66548     8.400  325.85  31.81  0.3150E+12    9.04   1.95  -1  -1  -125.73    14  4   0.0  0   0.0  0
       0.5         1.2         1.0         4.7
 -59.75661    16.71757     8.400  325.85  31.81  0.3150E+12    9.11   1.95  -1  -1  -123.33    15  4   0.0  0   0.0  0
       1.1         0.5         0.6         5.5
 -59.79346    16.76966     8.400  325.85  31.81  0.3150E+12   10.00   1.95  -1  -1  -168.72     0  4   0.0  0   0.0  0
       0.0         0.0         0.0         0.0
 -59.45462    16.22943     6.028  325.85  31.81  0.3150E+12   10.08   1.95  -1  -1  -168.72     0  4   0.0  0   0.0  0
       0.0         0.0         0.0         0.0
 -59.49147    16.28153     6.028  325.85  31.81  0.3150E+12    8.10   1.95  -1  -1  -168.72     0  4   0.0  0   0.0  0
       0.0         0.0         0.0         0.0
 -59.52832    16.33362     6.028  325.85  31.81  0.3150E+12    6.76   1.95  -1  -1  -110.33    24  4   0.0  0   0.0  0
       2.5         0.3         0.1         9.4
 -59.56518    16.38571     6.028  325.85  31.81  0.3150E+12    4.21   1.95  -1  -1  -107.94    32  4   0.0  0   0.0  0
      12.3         1.2         0.2         2.9
 -59.60203    16.43780     6.028  325.85  31.81  0.3150E+12    7.73   1.95  -1  -1  -117.46    19  4   0.0  0   0.0  0
       1.6         1.3         4.1         2.7
 -59.63888    16.48989     6.028  325.85  31.81  0.3150E+12    1.32   1.95  -1  -1  -111.95    53  4   0.0  0   0.0  0
      26.4         0.3         0.2         0.3
 -59.67574    16.54199     6.028  325.85  31.81  0.3150E+12    8.08   1.95  -1  -1  -120.02    11  4   0.0  0   0.0  0
       0.3         0.2         1.2         3.9
 -59.71259    16.59408     6.028  325.85  31.81  0.3150E+12    9.11   1.95  -1  -1  -108.39     9  4   0.0  0   0.0  0
       0.1         1.3         0.2         2.8
 -59.74944    16.64617     6.028  325.85  31.81  0.3150E+12    9.01   1.95  -1  -1  -105.44     3  4   0.0  0   0.0  0
       1.0         0.2         0.3         0.1
 -59.78629    16.69827     6.028  325.85  31.81  0.3150E+12    9.81   1.95  -1  -1  -125.11     6  4   0.0  0   0.0  0
       2.0         0.2         0.3         0.4
 -59.82315    16.75036     6.028  325.85  31.81  0.3150E+12   10.08   1.95  -1  -1  -168.72     0  4   0.0  0   0.0  0
       0.0         0.0         0.0         0.0
 -59.48430    16.21013     3.656  325.85  31.81  0.3150E+12   10.31   1.95  -1  -1  -168.72     0  4   0.0  0   0.0  0
       0.0         0.0         0.0         0.0
 -59.52115    16.26222     3.656  325.85  31.81  0.3150E+12    8.40   1.95  -1  -1  -168.72     0  4   0.0  0   0.0  0
       0.0         0.0         0.0         0.0
 -59.55801    16.31432     3.656  325.85  31.81  0.3150E+12    9.70   1.95  -1  -1  -103.79    15  4   0.0  0   0.0  0
       2.1         0.1         0.2         5.2
 -59.59486    16.36641     3.656  325.85  31.81  0.3150E+12    4.84   1.95  -1  -1  -110.77    22  4   0.0  0   0.0  0
       8.6         1.3         0.3         1.2
 -59.63171    16.41850     3.656  325.85  31.81  0.3150E+12    9.39   1.95  -1  -1  -118.44    27  4   0.0  0   0.0  0
       7.2         1.5         1.5         3.7
 -59.66856    16.47059     3.656  325.85  31.81  0.3150E+12    8.87   1.95  -1  -1  -113.40    24  4   0.0  0   0.0  0
       2.7         0.4         2.0         7.0
 -59.70542    16.52268     3.656  325.85  31.81  0.3150E+12    9.68   1.95  -1  -1  -113.99    21  4   0.0  0   0.0  0
       1.5         1.5         3.1         4.6
 -59.74227    16.57478     3.656  325.85  31.81  0.3150E+12    9.42   1.95  -1  -1  -106.14    19  4   0.0  0   0.0  0
       1.3         0.3         0.9         7.1
 -59.77913    16.62687     3.656  325.85  31.81  0.3150E+12    9.65   1.95  -1  -1  -116.96    19  4   0.0  0   0.0  0
       0.4         0.3         0.7         8.2
 -59.81598    16.67896     3.656  325.85  31.81  0.3150E+12    9.74   1.95  -1  -1  -118.92     8  4   0.0  0   0.0  0
       0.2         1.0         0.2         2.7
 -59.85283    16.73105     3.656  325.85  31.81  0.3150E+12   10.31   1.95  -1  -1  -168.72     0  4   0.0  0   0.0  0
       0.0         0.0         0.0         0.0
 -59.51398    16.19083     1.285  325.85  31.81  0.3150E+12   10.31   1.95  -1  -1  -168.72     0  4   0.0  0   0.0  0
       0.0         0.0         0.0         0.0
 -59.55083    16.24292     1.285  325.85  31.81  0.3150E+12    8.88   1.95  -1  -1  -168.72     0  4   0.0  0   0.0  0
       0.0         0.0         0.0         0.0
 -59.58769    16.29501     1.285  325.85  31.81  0.3150E+12    7.20   1.95  -1  -1  -102.64    19  4   0.0  0   0.0  0
       7.1         1.6         0.6         0.4
 -59.62454    16.34711     1.285  325.85  31.81  0.3150E+12    5.58   1.95  -1  -1  -114.90    25  4   0.0  0   0.0  0
       7.6         1.5         1.9         1.9
 -59.66140    16.39920     1.285  325.85  31.81  0.3150E+12   10.27   1.95  -1  -1  -118.87    24  4   0.0  0   0.0  0
       3.4         2.1         4.9         1.8
 -59.69825    16.45129     1.285  325.85  31.81  0.3150E+12   10.30   1.95  -1  -1  -115.91    33  4   0.0  0   0.0  0
       0.6         2.9         4.4         9.2
 -59.73510    16.50338     1.285  325.85  31.81  0.3150E+12    4.47   1.95  -1  -1  -104.08    52  4   0.0  0   0.0  0
      20.4         0.6         2.4         3.2
 -59.77195    16.55547     1.285  325.85  31.81  0.3150E+12    6.10   1.95  -1  -1  -106.33    40  4   0.0  0   0.0  0
      12.1         0.2         0.8         7.2
 -59.80881    16.60757     1.285  325.85  31.81  0.3150E+12    9.28   1.95  -1  -1  -106.16    22  4   0.0  0   0.0  0
       0.4         0.5         6.5         3.8
 -59.84566    16.65966     1.285  325.85  31.81  0.3150E+12   10.15   1.95  -1  -1  -116.32    21  4   0.0  0   0.0  0
       0.7         1.7         4.7         3.8
 -59.88251    16.71175     1.285  325.85  31.81  0.3150E+12   10.31   1.95  -1  -1  -168.72     0  4   0.0  0   0.0  0
       0.0         0.0         0.0         0.0
