2.0
#
# http://equake-rc.info/static/paper/SRF-Description-Graves_2.0.pdf
# RECTANGULAR fault MODEL
#
# All subfaults are  10.0 km long along strike and
#   4.8 km wide along dip
#
# Model length along strike is  130.0 km
#
# Model width along dip is   24.0 km
#
# Corners of the rectangular dislocation model (lat, lon):
#     36.133  -117.033 : corner 1
#     35.381  -118.139 : corner 2
#     35.407  -118.165 : corner 3
#     36.159  -117.059 : corner 4
#
#
# Number of elementary sliprate
# isoceles triangular functions
# per subfault:   4
#
# Half duration of elementary sliprate
# isoceles triangular functions (s):   3.09
# Triangles are overlapping each other by half
#
# slip rate unit: cm/s
#
#
# Seismic moment is converted into slip
# using a single constant value for the
# shear modulus mu of  0.250E+12 dyne/cm2
# assumed to be constant and characteristic
# of the fault shear zone
#
#
#
# "rake" (degrees) is the slip angle (Aki"s convention,
# e.g. rake=+45 means left-lateral-reverse movement.
#
#
# ************************************************
# Total seismic moment M0=  0.370E+27 dyne.cm
# ************************************************
#
#
PLANE 1
-117.58600    35.75700   13    5   130.000    24.000
230.05  81.05     0.146     0.000    12.000
POINTS   65
-117.59900    35.77000    12.000  230.05  81.05  0.4800E+12    0.00   3.09  -1  -1    -6.14   369  4   0.0  0   0.0  0
      81.2        37.9         0.1         0.1
-117.18439    36.06930    21.483  230.05  81.05  0.4800E+12   14.55   3.09  -1  -1   -51.07     0  4   0.0  0   0.0  0
       0.0         0.0         0.0         0.0
-117.26944    36.01150    21.483  230.05  81.05  0.4800E+12   11.75   3.09  -1  -1   -51.07     0  4   0.0  0   0.0  0
       0.0         0.0         0.0         0.0
-117.35448    35.95370    21.483  230.05  81.05  0.4800E+12    9.00   3.09  -1  -1   -51.07     0  4   0.0  0   0.0  0
       0.0         0.0         0.0         0.0
-117.43954    35.89590    21.483  230.05  81.05  0.4800E+12   13.31   3.09  -1  -1    -0.81    10  4   0.0  0   0.0  0
       2.5         0.3         0.2         0.2
-117.52459    35.83810    21.483  230.05  81.05  0.4800E+12    7.71   3.09  -1  -1    37.34    51  4   0.0  0   0.0  0
       9.5         2.8         3.6         0.7
-117.60964    35.78031    21.483  230.05  81.05  0.4800E+12    2.85   3.09  -1  -1    26.85    91  4   0.0  0   0.0  0
      28.9         0.1         0.2         0.2
-117.69469    35.72251    21.483  230.05  81.05  0.4800E+12   13.74   3.09  -1  -1    -2.47    15  4   0.0  0   0.0  0
       3.8         0.5         0.3         0.3
-117.77974    35.66471    21.483  230.05  81.05  0.4800E+12   14.60   3.09  -1  -1   -50.65    53  4   0.0  0   0.0  0
       3.4         0.4         1.5        11.7
-117.86479    35.60691    21.483  230.05  81.05  0.4800E+12   12.50   3.09  -1  -1     8.29    40  4   0.0  0   0.0  0
       3.9         4.7         2.9         1.6
-117.94984    35.54911    21.483  230.05  81.05  0.4800E+12   11.75   3.09  -1  -1   -51.07     0  4   0.0  0   0.0  0
       0.0         0.0         0.0         0.0
-118.03489    35.49131    21.483  230.05  81.05  0.4800E+12   14.55   3.09  -1  -1   -51.07     0  4   0.0  0   0.0  0
       0.0         0.0         0.0         0.0
-118.11994    35.43352    21.483  230.05  81.05  0.4800E+12   17.36   3.09  -1  -1   -51.07     0  4   0.0  0   0.0  0
       0.0         0.0         0.0         0.0
-117.09402    36.12194    16.742  230.05  81.05  0.4800E+12   17.20   3.09  -1  -1   -51.07     0  4   0.0  0   0.0  0
       0.0         0.0         0.0         0.0
-117.17906    36.06414    16.742  230.05  81.05  0.4800E+12   14.35   3.09  -1  -1   -51.07     0  4   0.0  0   0.0  0
       0.0         0.0         0.0         0.0
-117.26411    36.00635    16.742  230.05  81.05  0.4800E+12   11.51   3.09  -1  -1   -51.07     0  4   0.0  0   0.0  0
       0.0         0.0         0.0         0.0
-117.34917    35.94855    16.742  230.05  81.05  0.4800E+12    8.68   3.09  -1  -1   -51.07     0  4   0.0  0   0.0  0
       0.0         0.0         0.0         0.0
-117.43422    35.89075    16.742  230.05  81.05  0.4800E+12   11.54   3.09  -1  -1    19.84     3  4   0.0  0   0.0  0
       0.2         0.4         0.2         0.1
-117.51927    35.83295    16.742  230.05  81.05  0.4800E+12    3.86   3.09  -1  -1    38.75    85  4   0.0  0   0.0  0
      14.8         9.2         1.5         2.2
-117.60432    35.77515    16.742  230.05  81.05  0.4800E+12    1.44   3.09  -1  -1   -20.70   252  4   0.0  0   0.0  0
      81.3         0.1         0.1         0.1
-117.68937    35.71735    16.742  230.05  81.05  0.4800E+12    6.02   3.09  -1  -1    10.78    82  4   0.0  0   0.0  0
      21.9         4.4         0.1         0.2
-117.77442    35.65956    16.742  230.05  81.05  0.4800E+12   13.90   3.09  -1  -1     4.20    23  4   0.0  0   0.0  0
       3.5         3.5         0.3         0.2
-117.85947    35.60176    16.742  230.05  81.05  0.4800E+12   14.71   3.09  -1  -1   -15.43    34  4   0.0  0   0.0  0
       5.6         0.9         3.0         1.6
-117.94452    35.54396    16.742  230.05  81.05  0.4800E+12   11.51   3.09  -1  -1   -51.07     0  4   0.0  0   0.0  0
       0.0         0.0         0.0         0.0
-118.02957    35.48616    16.742  230.05  81.05  0.4800E+12   14.35   3.09  -1  -1   -51.07     0  4   0.0  0   0.0  0
       0.0         0.0         0.0         0.0
-118.11462    35.42836    16.742  230.05  81.05  0.4800E+12   17.20   3.09  -1  -1   -51.07     0  4   0.0  0   0.0  0
       0.0         0.0         0.0         0.0
-117.08869    36.11679    12.000  230.05  81.05  0.4800E+12   17.14   3.09  -1  -1   -51.07     0  4   0.0  0   0.0  0
       0.0         0.0         0.0         0.0
-117.17374    36.05899    12.000  230.05  81.05  0.4800E+12   14.29   3.09  -1  -1   -51.07     0  4   0.0  0   0.0  0
       0.0         0.0         0.0         0.0
-117.25880    36.00119    12.000  230.05  81.05  0.4800E+12   11.43   3.09  -1  -1   -51.07     0  4   0.0  0   0.0  0
       0.0         0.0         0.0         0.0
-117.34385    35.94340    12.000  230.05  81.05  0.4800E+12    8.57   3.09  -1  -1   -51.07     0  4   0.0  0   0.0  0
       0.0         0.0         0.0         0.0
-117.42889    35.88560    12.000  230.05  81.05  0.4800E+12   10.66   3.09  -1  -1     3.32    14  4   0.0  0   0.0  0
       2.0         1.6         0.8         0.2
-117.51395    35.82780    12.000  230.05  81.05  0.4800E+12    2.86   3.09  -1  -1    10.28   152  4   0.0  0   0.0  0
      47.7         0.7         0.3         0.4
-117.09933    36.12710    21.483  230.05  81.05  0.4800E+12   17.36   3.09  -1  -1   -51.07     0  4   0.0  0   0.0  0
       0.0         0.0         0.0         0.0
-117.68405    35.71220    12.000  230.05  81.05  0.4800E+12    2.87   3.09  -1  -1   -27.55   199  4   0.0  0   0.0  0
      63.6         0.1         0.5         0.4
-117.76910    35.65440    12.000  230.05  81.05  0.4800E+12    6.72   3.09  -1  -1    21.83    43  4   0.0  0   0.0  0
       7.5         5.9         0.4         0.1
-117.85415    35.59660    12.000  230.05  81.05  0.4800E+12   13.61   3.09  -1  -1   -45.07    19  4   0.0  0   0.0  0
       1.7         0.4         0.2         3.7
-117.93920    35.53881    12.000  230.05  81.05  0.4800E+12   11.43   3.09  -1  -1   -51.07     0  4   0.0  0   0.0  0
       0.0         0.0         0.0         0.0
-118.02425    35.48101    12.000  230.05  81.05  0.4800E+12   14.29   3.09  -1  -1   -51.07     0  4   0.0  0   0.0  0
       0.0         0.0         0.0         0.0
-118.10931    35.42321    12.000  230.05  81.05  0.4800E+12   17.14   3.09  -1  -1   -51.07     0  4   0.0  0   0.0  0
       0.0         0.0         0.0         0.0
-117.08337    36.11164     7.258  230.05  81.05  0.4800E+12   17.20   3.09  -1  -1   -51.07     0  4   0.0  0   0.0  0
       0.0         0.0         0.0         0.0
-117.16843    36.05384     7.258  230.05  81.05  0.4800E+12   14.35   3.09  -1  -1   -51.07     0  4   0.0  0   0.0  0
       0.0         0.0         0.0         0.0
-117.25348    35.99604     7.258  230.05  81.05  0.4800E+12   11.51   3.09  -1  -1   -51.07     0  4   0.0  0   0.0  0
       0.0         0.0         0.0         0.0
-117.33852    35.93824     7.258  230.05  81.05  0.4800E+12    8.68   3.09  -1  -1   -51.07     0  4   0.0  0   0.0  0
       0.0         0.0         0.0         0.0
-117.42358    35.88044     7.258  230.05  81.05  0.4800E+12    8.66   3.09  -1  -1   -14.56    83  4   0.0  0   0.0  0
      20.2         4.6         0.6         1.5
-117.50863    35.82265     7.258  230.05  81.05  0.4800E+12    6.76   3.09  -1  -1   -18.49   120  4   0.0  0   0.0  0
      28.5        10.0         0.2         0.3
-117.59368    35.76485     7.258  230.05  81.05  0.4800E+12    1.40   3.09  -1  -1    25.75   358  4   0.0  0   0.0  0
      81.3        34.3         0.2         0.2
-117.67873    35.70705     7.258  230.05  81.05  0.4800E+12    4.76   3.09  -1  -1   -14.30   136  4   0.0  0   0.0  0
       0.2        38.1         0.2         5.6
-117.76378    35.64925     7.258  230.05  81.05  0.4800E+12    7.81   3.09  -1  -1    22.63    25  4   0.0  0   0.0  0
       3.0         4.6         0.2         0.4
-117.84883    35.59145     7.258  230.05  81.05  0.4800E+12   17.01   3.09  -1  -1    -1.05     6  4   0.0  0   0.0  0
       0.1         0.2         1.2         0.4
-117.93388    35.53365     7.258  230.05  81.05  0.4800E+12   11.51   3.09  -1  -1   -51.07     0  4   0.0  0   0.0  0
       0.0         0.0         0.0         0.0
-118.01894    35.47586     7.258  230.05  81.05  0.4800E+12   14.35   3.09  -1  -1   -51.07     0  4   0.0  0   0.0  0
       0.0         0.0         0.0         0.0
-118.10398    35.41806     7.258  230.05  81.05  0.4800E+12   17.20   3.09  -1  -1   -51.07     0  4   0.0  0   0.0  0
       0.0         0.0         0.0         0.0
-117.07806    36.10648     2.517  230.05  81.05  0.4800E+12   17.36   3.09  -1  -1   -51.07     0  4   0.0  0   0.0  0
       0.0         0.0         0.0         0.0
-117.16311    36.04869     2.517  230.05  81.05  0.4800E+12   14.55   3.09  -1  -1   -51.07     0  4   0.0  0   0.0  0
       0.0         0.0         0.0         0.0
-117.24815    35.99089     2.517  230.05  81.05  0.4800E+12   11.75   3.09  -1  -1   -51.07     0  4   0.0  0   0.0  0
       0.0         0.0         0.0         0.0
-117.33321    35.93309     2.517  230.05  81.05  0.4800E+12    9.00   3.09  -1  -1   -51.07     0  4   0.0  0   0.0  0
       0.0         0.0         0.0         0.0
-117.41826    35.87529     2.517  230.05  81.05  0.4800E+12    6.84   3.09  -1  -1   -24.92   135  4   0.0  0   0.0  0
      24.2        12.5         6.9         0.2
-117.50331    35.81749     2.517  230.05  81.05  0.4800E+12    6.58   3.09  -1  -1     5.47    81  4   0.0  0   0.0  0
      12.0        13.2         0.2         0.7
-117.58836    35.75969     2.517  230.05  81.05  0.4800E+12    3.61   3.09  -1  -1   -17.41   372  4   0.0  0   0.0  0
      31.6        60.7         7.2        20.8
-117.67341    35.70190     2.517  230.05  81.05  0.4800E+12    6.41   3.09  -1  -1   -31.47   224  4   0.0  0   0.0  0
      20.7        31.9         7.8        12.2
-117.75846    35.64410     2.517  230.05  81.05  0.4800E+12   12.78   3.09  -1  -1    12.49     2  4   0.0  0   0.0  0
       0.2         0.3         0.1         0.2
-117.84351    35.58630     2.517  230.05  81.05  0.4800E+12   12.79   3.09  -1  -1     8.43     2  4   0.0  0   0.0  0
       0.2         0.1         0.1         0.1
-117.92856    35.52850     2.517  230.05  81.05  0.4800E+12   11.75   3.09  -1  -1   -51.07     0  4   0.0  0   0.0  0
       0.0         0.0         0.0         0.0
-118.01361    35.47070     2.517  230.05  81.05  0.4800E+12   14.55   3.09  -1  -1   -51.07     0  4   0.0  0   0.0  0
       0.0         0.0         0.0         0.0
-118.09866    35.41290     2.517  230.05  81.05  0.4800E+12   17.36   3.09  -1  -1   -51.07     0  4   0.0  0   0.0  0
       0.0         0.0         0.0         0.0
