2.0
#
# http://equake-rc.info/static/paper/SRF-Description-Graves_2.0.pdf
# RECTANGULAR fault MODEL
#
# All subfaults are  10.0 km long along strike and
#   2.0 km wide along dip
#
# Model length along strike is  130.0 km
#
# Model width along dip is   10.0 km
#
# Corners of the rectangular dislocation model (lat, lon):
#     35.312  -117.150 : corner 1
#     36.222  -118.057 : corner 2
#     36.228  -118.048 : corner 3
#     35.318  -117.141 : corner 4
#
#
# Number of elementary sliprate
# isoceles triangular functions
# per subfault:   4
#
# Half duration of elementary sliprate
# isoceles triangular functions (s):   3.09
# Triangles are overlapping each other by half
#
# slip rate unit: cm/s
#
#
# Seismic moment is converted into slip
# using a single constant value for the
# shear modulus mu of  0.250E+12 dyne/cm2
# assumed to be constant and characteristic
# of the fault shear zone
#
#
#
# "rake" (degrees) is the slip angle (Aki"s convention,
# e.g. rake=+45 means left-lateral-reverse movement.
#
#
# ************************************************
# Total seismic moment M0=  0.469E+27 dyne.cm
# ************************************************
#
#
PLANE 1
-117.60350    35.76700   13    5   130.000    10.000
321.00  84.00     0.027     0.000     5.000
POINTS   65
-117.59900    35.77000     5.000  321.00  84.00  0.2000E+12    0.00   3.09  -1  -1   170.73   504  4   0.0  0   0.0  0
      81.1        79.2         2.7         0.1
-117.24631    35.42260     8.978  321.00  84.00  0.2000E+12   14.33   3.09  -1  -1   144.00     0  4   0.0  0   0.0  0
       0.0         0.0         0.0         0.0
-117.31612    35.49255     8.978  321.00  84.00  0.2000E+12   11.49   3.09  -1  -1   144.00     0  4   0.0  0   0.0  0
       0.0         0.0         0.0         0.0
-117.38594    35.56250     8.978  321.00  84.00  0.2000E+12    8.65   3.09  -1  -1   144.00     0  4   0.0  0   0.0  0
       0.0         0.0         0.0         0.0
-117.45576    35.63246     8.978  321.00  84.00  0.2000E+12    8.84   3.09  -1  -1  -143.42   242  4   0.0  0   0.0  0
      47.0        19.5        11.2         0.4
-117.52557    35.70242     8.978  321.00  84.00  0.2000E+12    9.92   3.09  -1  -1  -149.67   307  4   0.0  0   0.0  0
      42.4        45.6        10.2         1.1
-117.59539    35.77237     8.978  321.00  84.00  0.2000E+12    1.64   3.09  -1  -1   176.27   494  4   0.0  0   0.0  0
      81.0        78.5         0.3         0.2
-117.66521    35.84232     8.978  321.00  84.00  0.2000E+12    3.15   3.09  -1  -1  -154.49   265  4   0.0  0   0.0  0
      81.1         3.8         0.6         0.2
-117.73503    35.91228     8.978  321.00  84.00  0.2000E+12   17.78   3.09  -1  -1  -131.56    39  4   0.0  0   0.0  0
       0.6         0.8         0.9        10.3
-117.80485    35.98223     8.978  321.00  84.00  0.2000E+12    8.65   3.09  -1  -1   144.00     0  4   0.0  0   0.0  0
       0.0         0.0         0.0         0.0
-117.87466    36.05219     8.978  321.00  84.00  0.2000E+12   11.49   3.09  -1  -1   144.00     0  4   0.0  0   0.0  0
       0.0         0.0         0.0         0.0
-117.94448    36.12214     8.978  321.00  84.00  0.2000E+12   14.33   3.09  -1  -1   144.00     0  4   0.0  0   0.0  0
       0.0         0.0         0.0         0.0
-118.01431    36.19210     8.978  321.00  84.00  0.2000E+12   17.18   3.09  -1  -1   144.00     0  4   0.0  0   0.0  0
       0.0         0.0         0.0         0.0
-117.17829    35.35146     6.989  321.00  84.00  0.2000E+12   17.15   3.09  -1  -1   144.00     0  4   0.0  0   0.0  0
       0.0         0.0         0.0         0.0
-117.24811    35.42141     6.989  321.00  84.00  0.2000E+12   14.30   3.09  -1  -1   144.00     0  4   0.0  0   0.0  0
       0.0         0.0         0.0         0.0
-117.31792    35.49137     6.989  321.00  84.00  0.2000E+12   11.44   3.09  -1  -1   144.00     0  4   0.0  0   0.0  0
       0.0         0.0         0.0         0.0
-117.38774    35.56132     6.989  321.00  84.00  0.2000E+12    8.59   3.09  -1  -1   144.00     0  4   0.0  0   0.0  0
       0.0         0.0         0.0         0.0
-117.45756    35.63128     6.989  321.00  84.00  0.2000E+12    8.75   3.09  -1  -1  -152.53   189  4   0.0  0   0.0  0
      28.9         2.6        24.2         5.4
-117.52738    35.70123     6.989  321.00  84.00  0.2000E+12    4.48   3.09  -1  -1  -147.66   327  4   0.0  0   0.0  0
      52.4        21.4        29.6         2.3
-117.59720    35.77118     6.989  321.00  84.00  0.2000E+12    0.58   3.09  -1  -1   173.41   489  4   0.0  0   0.0  0
      80.2        77.6         0.1         0.5
-117.66702    35.84114     6.989  321.00  84.00  0.2000E+12    2.91   3.09  -1  -1  -126.10   527  4   0.0  0   0.0  0
      74.0        18.5        50.1        27.9
-117.73683    35.91109     6.989  321.00  84.00  0.2000E+12   17.77   3.09  -1  -1  -127.87   165  4   0.0  0   0.0  0
       6.4        23.2        11.4        12.6
-117.80665    35.98105     6.989  321.00  84.00  0.2000E+12    8.59   3.09  -1  -1   144.00     0  4   0.0  0   0.0  0
       0.0         0.0         0.0         0.0
-117.87646    36.05100     6.989  321.00  84.00  0.2000E+12   11.44   3.09  -1  -1   144.00     0  4   0.0  0   0.0  0
       0.0         0.0         0.0         0.0
-117.94629    36.12096     6.989  321.00  84.00  0.2000E+12   14.30   3.09  -1  -1   144.00     0  4   0.0  0   0.0  0
       0.0         0.0         0.0         0.0
-118.01611    36.19091     6.989  321.00  84.00  0.2000E+12   17.15   3.09  -1  -1   144.00     0  4   0.0  0   0.0  0
       0.0         0.0         0.0         0.0
-117.18009    35.35027     5.000  321.00  84.00  0.2000E+12   17.14   3.09  -1  -1   144.00     0  4   0.0  0   0.0  0
       0.0         0.0         0.0         0.0
-117.24991    35.42023     5.000  321.00  84.00  0.2000E+12   14.29   3.09  -1  -1   144.00     0  4   0.0  0   0.0  0
       0.0         0.0         0.0         0.0
-117.31973    35.49018     5.000  321.00  84.00  0.2000E+12   11.43   3.09  -1  -1   144.00     0  4   0.0  0   0.0  0
       0.0         0.0         0.0         0.0
-117.38954    35.56013     5.000  321.00  84.00  0.2000E+12    8.57   3.09  -1  -1   144.00     0  4   0.0  0   0.0  0
       0.0         0.0         0.0         0.0
-117.45937    35.63009     5.000  321.00  84.00  0.2000E+12   10.85   3.09  -1  -1  -151.05   179  4   0.0  0   0.0  0
      11.3        18.3        17.9        10.3
-117.52918    35.70005     5.000  321.00  84.00  0.2000E+12    4.52   3.09  -1  -1  -171.88   331  4   0.0  0   0.0  0
      63.0        36.8         6.6         0.8
-117.17648    35.35264     8.978  321.00  84.00  0.2000E+12   17.18   3.09  -1  -1   144.00     0  4   0.0  0   0.0  0
       0.0         0.0         0.0         0.0
-117.66882    35.83995     5.000  321.00  84.00  0.2000E+12    9.91   3.09  -1  -1  -127.83   657  4   0.0  0   0.0  0
      77.8        33.6        58.6        42.8
-117.73863    35.90991     5.000  321.00  84.00  0.2000E+12    7.95   3.09  -1  -1  -126.18   299  4   0.0  0   0.0  0
      30.8        28.4        25.7        11.8
-117.80846    35.97987     5.000  321.00  84.00  0.2000E+12    8.57   3.09  -1  -1   144.00     0  4   0.0  0   0.0  0
       0.0         0.0         0.0         0.0
-117.87827    36.04982     5.000  321.00  84.00  0.2000E+12   11.43   3.09  -1  -1   144.00     0  4   0.0  0   0.0  0
       0.0         0.0         0.0         0.0
-117.94809    36.11977     5.000  321.00  84.00  0.2000E+12   14.29   3.09  -1  -1   144.00     0  4   0.0  0   0.0  0
       0.0         0.0         0.0         0.0
-118.01791    36.18973     5.000  321.00  84.00  0.2000E+12   17.14   3.09  -1  -1   144.00     0  4   0.0  0   0.0  0
       0.0         0.0         0.0         0.0
-117.18189    35.34909     3.011  321.00  84.00  0.2000E+12   17.15   3.09  -1  -1   144.00     0  4   0.0  0   0.0  0
       0.0         0.0         0.0         0.0
-117.25171    35.41904     3.011  321.00  84.00  0.2000E+12   14.30   3.09  -1  -1   144.00     0  4   0.0  0   0.0  0
       0.0         0.0         0.0         0.0
-117.32153    35.48900     3.011  321.00  84.00  0.2000E+12   11.44   3.09  -1  -1   144.00     0  4   0.0  0   0.0  0
       0.0         0.0         0.0         0.0
-117.39135    35.55895     3.011  321.00  84.00  0.2000E+12    8.59   3.09  -1  -1   144.00     0  4   0.0  0   0.0  0
       0.0         0.0         0.0         0.0
-117.46117    35.62891     3.011  321.00  84.00  0.2000E+12   12.96   3.09  -1  -1   173.37   204  4   0.0  0   0.0  0
      15.2        31.2        11.1         8.6
-117.53098    35.69886     3.011  321.00  84.00  0.2000E+12    4.51   3.09  -1  -1   175.00   318  4   0.0  0   0.0  0
      58.1        29.1        15.4         0.3
-117.60080    35.76882     3.011  321.00  84.00  0.2000E+12    1.05   3.09  -1  -1   163.96   510  4   0.0  0   0.0  0
      79.1        80.8         4.7         0.6
-117.67062    35.83877     3.011  321.00  84.00  0.2000E+12    3.75   3.09  -1  -1  -136.70   729  4   0.0  0   0.0  0
      66.6        69.8        71.3        28.2
-117.74044    35.90873     3.011  321.00  84.00  0.2000E+12    5.91   3.09  -1  -1  -127.70   349  4   0.0  0   0.0  0
      43.5        31.6        20.5        17.3
-117.81026    35.97868     3.011  321.00  84.00  0.2000E+12    8.59   3.09  -1  -1   144.00     0  4   0.0  0   0.0  0
       0.0         0.0         0.0         0.0
-117.88007    36.04863     3.011  321.00  84.00  0.2000E+12   11.44   3.09  -1  -1   144.00     0  4   0.0  0   0.0  0
       0.0         0.0         0.0         0.0
-117.94989    36.11859     3.011  321.00  84.00  0.2000E+12   14.30   3.09  -1  -1   144.00     0  4   0.0  0   0.0  0
       0.0         0.0         0.0         0.0
-118.01971    36.18855     3.011  321.00  84.00  0.2000E+12   17.15   3.09  -1  -1   144.00     0  4   0.0  0   0.0  0
       0.0         0.0         0.0         0.0
-117.18369    35.34790     1.022  321.00  84.00  0.2000E+12   17.18   3.09  -1  -1   144.00     0  4   0.0  0   0.0  0
       0.0         0.0         0.0         0.0
-117.25352    35.41786     1.022  321.00  84.00  0.2000E+12   14.33   3.09  -1  -1   144.00     0  4   0.0  0   0.0  0
       0.0         0.0         0.0         0.0
-117.32333    35.48781     1.022  321.00  84.00  0.2000E+12   11.49   3.09  -1  -1   144.00     0  4   0.0  0   0.0  0
       0.0         0.0         0.0         0.0
-117.39315    35.55777     1.022  321.00  84.00  0.2000E+12    8.65   3.09  -1  -1   144.00     0  4   0.0  0   0.0  0
       0.0         0.0         0.0         0.0
-117.46297    35.62772     1.022  321.00  84.00  0.2000E+12   14.15   3.09  -1  -1   168.83   211  4   0.0  0   0.0  0
      31.2        36.4         0.6         0.3
-117.53278    35.69768     1.022  321.00  84.00  0.2000E+12    4.52   3.09  -1  -1   166.96   370  4   0.0  0   0.0  0
      69.2        41.5         9.0         0.2
-117.60261    35.76763     1.022  321.00  84.00  0.2000E+12    1.48   3.09  -1  -1   165.89   571  4   0.0  0   0.0  0
      76.0        78.0        28.9         1.9
-117.67242    35.83759     1.022  321.00  84.00  0.2000E+12    3.46   3.09  -1  -1  -155.17   729  4   0.0  0   0.0  0
      71.7        79.2        19.6        65.3
-117.74224    35.90754     1.022  321.00  84.00  0.2000E+12   12.64   3.09  -1  -1  -139.22   380  4   0.0  0   0.0  0
      33.8        31.9        16.7        40.6
-117.81206    35.97750     1.022  321.00  84.00  0.2000E+12    8.65   3.09  -1  -1   144.00     0  4   0.0  0   0.0  0
       0.0         0.0         0.0         0.0
-117.88187    36.04745     1.022  321.00  84.00  0.2000E+12   11.49   3.09  -1  -1   144.00     0  4   0.0  0   0.0  0
       0.0         0.0         0.0         0.0
-117.95169    36.11740     1.022  321.00  84.00  0.2000E+12   14.33   3.09  -1  -1   144.00     0  4   0.0  0   0.0  0
       0.0         0.0         0.0         0.0
-118.02151    36.18736     1.022  321.00  84.00  0.2000E+12   17.18   3.09  -1  -1   144.00     0  4   0.0  0   0.0  0
       0.0         0.0         0.0         0.0
