2.0
#
# http://equake-rc.info/static/paper/SRF-Description-Graves_2.0.pdf
# RECTANGULAR fault MODEL
#
# All subfaults are  12.0 km long along strike and
#   6.4 km wide along dip
#
# Model length along strike is  156.0 km
#
# Model width along dip is   32.0 km
#
# Corners of the rectangular dislocation model (lat, lon):
#    -15.419   -74.847 : corner 1
#    -16.782   -74.511 : corner 2
#    -16.801   -74.593 : corner 3
#    -15.438   -74.929 : corner 4
#
#
# Number of elementary sliprate
# isoceles triangular functions
# per subfault:   4
#
# Half duration of elementary sliprate
# isoceles triangular functions (s):   3.34
# Triangles are overlapping each other by half
#
# slip rate unit: cm/s
#
#
# Seismic moment is converted into slip
# using a single constant value for the
# shear modulus mu of  0.250E+12 dyne/cm2
# assumed to be constant and characteristic
# of the fault shear zone
#
#
#
# "rake" (degrees) is the slip angle (Aki"s convention,
# e.g. rake=+45 means left-lateral-reverse movement.
#
#
# ************************************************
# Total seismic moment M0=  0.564E+27 dyne.cm
# ************************************************
#
#
PLANE 1
 -74.67900   -16.10050   13    5   156.000    32.000
166.69  73.73     0.041     0.000    16.001
POINTS   65
 -74.72000   -16.11000    15.400  166.69  73.73  0.7680E+12    0.00   3.34  -1  -1   128.10   265  4   0.0  0   0.0  0
      79.0         0.1         0.1         0.1
 -74.88162   -15.59338    27.687  166.69  73.73  0.7680E+12   17.53   3.34  -1  -1    56.79     0  4   0.0  0   0.0  0
       0.0         0.0         0.0         0.0
 -74.85582   -15.69819    27.687  166.69  73.73  0.7680E+12   19.83   3.34  -1  -1   138.67    10  4   0.0  0   0.0  0
       0.1         1.1         0.7         0.9
 -74.83002   -15.80299    27.687  166.69  73.73  0.7680E+12   11.15   3.34  -1  -1   146.65    47  4   0.0  0   0.0  0
      10.4         0.4         3.3         0.1
 -74.80421   -15.90780    27.687  166.69  73.73  0.7680E+12   14.65   3.34  -1  -1   145.20    93  4   0.0  0   0.0  0
      24.0         0.1         2.3         1.5
 -74.77840   -16.01260    27.687  166.69  73.73  0.7680E+12    6.33   3.34  -1  -1   128.65    83  4   0.0  0   0.0  0
      10.7        10.5         3.5         0.2
 -74.75260   -16.11741    27.687  166.69  73.73  0.7680E+12    4.95   3.34  -1  -1   108.47    81  4   0.0  0   0.0  0
      21.8         1.2         0.1         1.2
 -74.72680   -16.22221    27.687  166.69  73.73  0.7680E+12    6.42   3.34  -1  -1   105.35     7  4   0.0  0   0.0  0
       1.4         0.1         0.1         0.3
 -74.70100   -16.32702    27.687  166.69  73.73  0.7680E+12   18.17   3.34  -1  -1   114.52    14  4   0.0  0   0.0  0
       3.3         0.1         0.1         0.7
 -74.67519   -16.43182    27.687  166.69  73.73  0.7680E+12   10.92   3.34  -1  -1    56.79     0  4   0.0  0   0.0  0
       0.0         0.0         0.0         0.0
 -74.64938   -16.53663    27.687  166.69  73.73  0.7680E+12   14.19   3.34  -1  -1    56.79     0  4   0.0  0   0.0  0
       0.0         0.0         0.0         0.0
 -74.62358   -16.64143    27.687  166.69  73.73  0.7680E+12   17.53   3.34  -1  -1    56.79     0  4   0.0  0   0.0  0
       0.0         0.0         0.0         0.0
 -74.59777   -16.74624    27.687  166.69  73.73  0.7680E+12   20.08   3.34  -1  -1    56.79     0  4   0.0  0   0.0  0
       0.0         0.0         0.0         0.0
 -74.89113   -15.48488    21.544  166.69  73.73  0.7680E+12   20.08   3.34  -1  -1    56.79     0  4   0.0  0   0.0  0
       0.0         0.0         0.0         0.0
 -74.86533   -15.58968    21.544  166.69  73.73  0.7680E+12   17.24   3.34  -1  -1    56.79     0  4   0.0  0   0.0  0
       0.0         0.0         0.0         0.0
 -74.83952   -15.69449    21.544  166.69  73.73  0.7680E+12   13.93   3.34  -1  -1   145.88    67  4   0.0  0   0.0  0
      13.6         2.0         2.3         2.1
 -74.81371   -15.79929    21.544  166.69  73.73  0.7680E+12   19.79   3.34  -1  -1   146.60   116  4   0.0  0   0.0  0
      12.9        10.0         7.4         4.3
 -74.78791   -15.90410    21.544  166.69  73.73  0.7680E+12    7.45   3.34  -1  -1   105.24    81  4   0.0  0   0.0  0
      20.5         1.7         0.1         1.9
 -74.76211   -16.00890    21.544  166.69  73.73  0.7680E+12    4.29   3.34  -1  -1    89.12    78  4   0.0  0   0.0  0
      19.1         0.1         3.9         0.3
 -74.73631   -16.11370    21.544  166.69  73.73  0.7680E+12    1.83   3.34  -1  -1   135.66   240  4   0.0  0   0.0  0
      68.7         0.1         1.7         1.2
 -74.71049   -16.21851    21.544  166.69  73.73  0.7680E+12    8.27   3.34  -1  -1   127.82    24  4   0.0  0   0.0  0
       0.1         0.1         2.2         4.8
 -74.68469   -16.32331    21.544  166.69  73.73  0.7680E+12   15.71   3.34  -1  -1   125.68     9  4   0.0  0   0.0  0
       0.5         1.2         0.2         0.8
 -74.65889   -16.42812    21.544  166.69  73.73  0.7680E+12   10.45   3.34  -1  -1    56.79     0  4   0.0  0   0.0  0
       0.0         0.0         0.0         0.0
 -74.63308   -16.53292    21.544  166.69  73.73  0.7680E+12   13.84   3.34  -1  -1    56.79     0  4   0.0  0   0.0  0
       0.0         0.0         0.0         0.0
 -74.60728   -16.63773    21.544  166.69  73.73  0.7680E+12   17.24   3.34  -1  -1    56.79     0  4   0.0  0   0.0  0
       0.0         0.0         0.0         0.0
 -74.58147   -16.74253    21.544  166.69  73.73  0.7680E+12   20.08   3.34  -1  -1    56.79     0  4   0.0  0   0.0  0
       0.0         0.0         0.0         0.0
 -74.87483   -15.48117    15.400  166.69  73.73  0.7680E+12   20.08   3.34  -1  -1    56.79     0  4   0.0  0   0.0  0
       0.0         0.0         0.0         0.0
 -74.84902   -15.58598    15.400  166.69  73.73  0.7680E+12   17.14   3.34  -1  -1    56.79     0  4   0.0  0   0.0  0
       0.0         0.0         0.0         0.0
 -74.82322   -15.69078    15.400  166.69  73.73  0.7680E+12   13.76   3.34  -1  -1   141.06    82  4   0.0  0   0.0  0
      15.8         2.1         4.2         2.5
 -74.79742   -15.79559    15.400  166.69  73.73  0.7680E+12   11.17   3.34  -1  -1   127.02    90  4   0.0  0   0.0  0
      17.1         1.4         7.2         1.3
 -74.77161   -15.90039    15.400  166.69  73.73  0.7680E+12   19.17   3.34  -1  -1   135.99    53  4   0.0  0   0.0  0
       4.3         5.4         2.7         3.6
 -74.74580   -16.00520    15.400  166.69  73.73  0.7680E+12    4.20   3.34  -1  -1   116.94    93  4   0.0  0   0.0  0
      16.5         2.1         6.7         2.6
 -74.90743   -15.48858    27.687  166.69  73.73  0.7680E+12   20.08   3.34  -1  -1    56.79     0  4   0.0  0   0.0  0
       0.0         0.0         0.0         0.0
 -74.69420   -16.21481    15.400  166.69  73.73  0.7680E+12   10.07   3.34  -1  -1   121.57    39  4   0.0  0   0.0  0
       0.1         4.6         2.2         4.7
 -74.66839   -16.31961    15.400  166.69  73.73  0.7680E+12   11.19   3.34  -1  -1   115.96    20  4   0.0  0   0.0  0
       2.1         1.5         0.7         1.8
 -74.64259   -16.42442    15.400  166.69  73.73  0.7680E+12   10.29   3.34  -1  -1    56.79     0  4   0.0  0   0.0  0
       0.0         0.0         0.0         0.0
 -74.61678   -16.52922    15.400  166.69  73.73  0.7680E+12   13.71   3.34  -1  -1    56.79     0  4   0.0  0   0.0  0
       0.0         0.0         0.0         0.0
 -74.59098   -16.63403    15.400  166.69  73.73  0.7680E+12   17.14   3.34  -1  -1    56.79     0  4   0.0  0   0.0  0
       0.0         0.0         0.0         0.0
 -74.56517   -16.73883    15.400  166.69  73.73  0.7680E+12   20.08   3.34  -1  -1    56.79     0  4   0.0  0   0.0  0
       0.0         0.0         0.0         0.0
 -74.85853   -15.47747     9.256  166.69  73.73  0.7680E+12   20.08   3.34  -1  -1    56.79     0  4   0.0  0   0.0  0
       0.0         0.0         0.0         0.0
 -74.83273   -15.58227     9.256  166.69  73.73  0.7680E+12   17.24   3.34  -1  -1    56.79     0  4   0.0  0   0.0  0
       0.0         0.0         0.0         0.0
 -74.80692   -15.68708     9.256  166.69  73.73  0.7680E+12   13.84   3.34  -1  -1   120.07    68  4   0.0  0   0.0  0
      12.7         2.2         3.8         1.6
 -74.78111   -15.79188     9.256  166.69  73.73  0.7680E+12   19.75   3.34  -1  -1   121.36    37  4   0.0  0   0.0  0
       3.7         1.6         3.9         2.0
 -74.75531   -15.89669     9.256  166.69  73.73  0.7680E+12   19.14   3.34  -1  -1    95.99    43  4   0.0  0   0.0  0
       2.3         3.1         5.0         2.5
 -74.72951   -16.00149     9.256  166.69  73.73  0.7680E+12    5.64   3.34  -1  -1    90.65   187  4   0.0  0   0.0  0
      26.4        14.8        14.7         0.1
 -74.70370   -16.10630     9.256  166.69  73.73  0.7680E+12    5.16   3.34  -1  -1   120.96    73  4   0.0  0   0.0  0
       3.2         4.8         9.7         4.3
 -74.67789   -16.21110     9.256  166.69  73.73  0.7680E+12    7.81   3.34  -1  -1   124.71   113  4   0.0  0   0.0  0
      14.9         8.0         6.2         4.7
 -74.65209   -16.31591     9.256  166.69  73.73  0.7680E+12   17.95   3.34  -1  -1   111.84    34  4   0.0  0   0.0  0
       0.6         4.2         2.5         2.8
 -74.62629   -16.42071     9.256  166.69  73.73  0.7680E+12   10.45   3.34  -1  -1    56.79     0  4   0.0  0   0.0  0
       0.0         0.0         0.0         0.0
 -74.60048   -16.52552     9.256  166.69  73.73  0.7680E+12   13.84   3.34  -1  -1    56.79     0  4   0.0  0   0.0  0
       0.0         0.0         0.0         0.0
 -74.57468   -16.63032     9.256  166.69  73.73  0.7680E+12   17.24   3.34  -1  -1    56.79     0  4   0.0  0   0.0  0
       0.0         0.0         0.0         0.0
 -74.54887   -16.73512     9.256  166.69  73.73  0.7680E+12   20.08   3.34  -1  -1    56.79     0  4   0.0  0   0.0  0
       0.0         0.0         0.0         0.0
 -74.84223   -15.47376     3.113  166.69  73.73  0.7680E+12   20.08   3.34  -1  -1    56.79     0  4   0.0  0   0.0  0
       0.0         0.0         0.0         0.0
 -74.81642   -15.57857     3.113  166.69  73.73  0.7680E+12   17.53   3.34  -1  -1    56.79     0  4   0.0  0   0.0  0
       0.0         0.0         0.0         0.0
 -74.79062   -15.68337     3.113  166.69  73.73  0.7680E+12   19.88   3.34  -1  -1   129.38    32  4   0.0  0   0.0  0
       2.3         0.2         1.3         5.7
 -74.76482   -15.78818     3.113  166.69  73.73  0.7680E+12   16.25   3.34  -1  -1   125.38    39  4   0.0  0   0.0  0
       1.4         3.0         1.7         5.7
 -74.73901   -15.89298     3.113  166.69  73.73  0.7680E+12   19.59   3.34  -1  -1   109.75    79  4   0.0  0   0.0  0
       9.9         8.6         0.3         4.8
 -74.71320   -15.99779     3.113  166.69  73.73  0.7680E+12    6.06   3.34  -1  -1    89.99   159  4   0.0  0   0.0  0
      21.7        13.3         3.4         9.3
 -74.68740   -16.10259     3.113  166.69  73.73  0.7680E+12    5.61   3.34  -1  -1    77.63   198  4   0.0  0   0.0  0
      16.4        25.8        14.3         2.7
 -74.66160   -16.20740     3.113  166.69  73.73  0.7680E+12   13.59   3.34  -1  -1    99.30   151  4   0.0  0   0.0  0
      18.8         4.6        18.2         3.6
 -74.63579   -16.31220     3.113  166.69  73.73  0.7680E+12   11.15   3.34  -1  -1   107.04   130  4   0.0  0   0.0  0
      26.2         0.6         9.8         2.4
 -74.60999   -16.41701     3.113  166.69  73.73  0.7680E+12   10.92   3.34  -1  -1    56.79     0  4   0.0  0   0.0  0
       0.0         0.0         0.0         0.0
 -74.58418   -16.52181     3.113  166.69  73.73  0.7680E+12   14.19   3.34  -1  -1    56.79     0  4   0.0  0   0.0  0
       0.0         0.0         0.0         0.0
 -74.55838   -16.62662     3.113  166.69  73.73  0.7680E+12   17.53   3.34  -1  -1    56.79     0  4   0.0  0   0.0  0
       0.0         0.0         0.0         0.0
 -74.53257   -16.73142     3.113  166.69  73.73  0.7680E+12   20.08   3.34  -1  -1    56.79     0  4   0.0  0   0.0  0
       0.0         0.0         0.0         0.0
