2.0
#
# http://equake-rc.info/static/paper/SRF-Description-Graves_2.0.pdf
# RECTANGULAR fault MODEL
#
# All subfaults are  12.0 km long along strike and
#  17.9 km wide along dip
#
# Model length along strike is  156.0 km
#
# Model width along dip is   89.5 km
#
# Corners of the rectangular dislocation model (lat, lon):
#    -16.849   -74.414 : corner 1
#    -15.949   -75.531 : corner 2
#    -15.371   -75.026 : corner 3
#    -16.271   -73.909 : corner 4
#
#
# Number of elementary sliprate
# isoceles triangular functions
# per subfault:   4
#
# Half duration of elementary sliprate
# isoceles triangular functions (s):   3.34
# Triangles are overlapping each other by half
#
# slip rate unit: cm/s
#
#
# Seismic moment is converted into slip
# using a single constant value for the
# shear modulus mu of  0.250E+12 dyne/cm2
# assumed to be constant and characteristic
# of the fault shear zone
#
#
#
# "rake" (degrees) is the slip angle (Aki"s convention,
# e.g. rake=+45 means left-lateral-reverse movement.
#
#
# ************************************************
# Total seismic moment M0=  0.456E+27 dyne.cm
# ************************************************
#
#
PLANE 1
 -74.97250   -16.39900   13    5   156.000    89.500
310.00  20.00     0.095     0.000    44.751
POINTS   65
 -74.72000   -16.11000    15.400  310.00  20.00  0.2148E+13    0.00   3.34  -1  -1    30.62   103  4   0.0  0   0.0  0
      20.4         2.7         7.7         0.1
 -74.08863   -16.22485    27.644  310.00  20.00  0.2148E+13   19.96   3.34  -1  -1    10.00     0  4   0.0  0   0.0  0
       0.0         0.0         0.0         0.0
 -74.17451   -16.15562    27.644  310.00  20.00  0.2148E+13   17.26   3.34  -1  -1    98.85    15  4   0.0  0   0.0  0
       4.2         0.1         0.1         0.3
 -74.26038   -16.08640    27.644  310.00  20.00  0.2148E+13   14.51   3.34  -1  -1    10.00     0  4   0.0  0   0.0  0
       0.0         0.0         0.0         0.0
 -74.34625   -16.01717    27.644  310.00  20.00  0.2148E+13   19.34   3.34  -1  -1    56.28     7  4   0.0  0   0.0  0
       1.1         0.1         0.1         0.7
 -74.43213   -15.94794    27.644  310.00  20.00  0.2148E+13   14.31   3.34  -1  -1   100.00    17  4   0.0  0   0.0  0
       0.4         3.3         1.1         0.4
 -74.51800   -15.87872    27.644  310.00  20.00  0.2148E+13   14.89   3.34  -1  -1    97.48    25  4   0.0  0   0.0  0
       0.8         3.8         2.9         0.1
 -74.60387   -15.80949    27.644  310.00  20.00  0.2148E+13   12.02   3.34  -1  -1    64.82     8  4   0.0  0   0.0  0
       1.1         0.4         0.8         0.2
 -74.68974   -15.74026    27.644  310.00  20.00  0.2148E+13   12.35   3.34  -1  -1    65.02    22  4   0.0  0   0.0  0
       4.3         0.1         1.0         1.3
 -74.77562   -15.67104    27.644  310.00  20.00  0.2148E+13   14.51   3.34  -1  -1    10.00     0  4   0.0  0   0.0  0
       0.0         0.0         0.0         0.0
 -74.86149   -15.60181    27.644  310.00  20.00  0.2148E+13   17.11   3.34  -1  -1    10.00     0  4   0.0  0   0.0  0
       0.0         0.0         0.0         0.0
 -74.94736   -15.53259    27.644  310.00  20.00  0.2148E+13   19.96   3.34  -1  -1    10.00     0  4   0.0  0   0.0  0
       0.0         0.0         0.0         0.0
 -75.03323   -15.46336    27.644  310.00  20.00  0.2148E+13   20.08   3.34  -1  -1    10.00    39  4   0.0  0   0.0  0
       6.4         5.0         0.1         0.1
 -74.10376   -16.40972    21.522  310.00  20.00  0.2148E+13   20.08   3.34  -1  -1    10.00     0  4   0.0  0   0.0  0
       0.0         0.0         0.0         0.0
 -74.18964   -16.34049    21.522  310.00  20.00  0.2148E+13   17.89   3.34  -1  -1    10.00     0  4   0.0  0   0.0  0
       0.0         0.0         0.0         0.0
 -74.27551   -16.27126    21.522  310.00  20.00  0.2148E+13   14.65   3.34  -1  -1    32.48    13  4   0.0  0   0.0  0
       3.3         0.1         0.1         0.5
 -74.36138   -16.20204    21.522  310.00  20.00  0.2148E+13   11.49   3.34  -1  -1    10.00     0  4   0.0  0   0.0  0
       0.0         0.0         0.0         0.0
 -74.44725   -16.13281    21.522  310.00  20.00  0.2148E+13   16.44   3.34  -1  -1    95.69    14  4   0.0  0   0.0  0
       0.1         0.2         1.7         2.3
 -74.53313   -16.06359    21.522  310.00  20.00  0.2148E+13    6.24   3.34  -1  -1    85.71    82  4   0.0  0   0.0  0
      21.5         0.1         2.4         0.7
 -74.61900   -15.99436    21.522  310.00  20.00  0.2148E+13    5.27   3.34  -1  -1    66.31    34  4   0.0  0   0.0  0
       6.9         1.2         2.0         0.1
 -74.70487   -15.92513    21.522  310.00  20.00  0.2148E+13    6.39   3.34  -1  -1    59.15    34  4   0.0  0   0.0  0
       6.9         1.0         0.7         1.5
 -74.79075   -15.85591    21.522  310.00  20.00  0.2148E+13    8.87   3.34  -1  -1    29.23    27  4   0.0  0   0.0  0
       6.1         0.1         1.2         0.9
 -74.87662   -15.78668    21.522  310.00  20.00  0.2148E+13   11.49   3.34  -1  -1    10.00     0  4   0.0  0   0.0  0
       0.0         0.0         0.0         0.0
 -74.96249   -15.71745    21.522  310.00  20.00  0.2148E+13   14.64   3.34  -1  -1    10.00     0  4   0.0  0   0.0  0
       0.0         0.0         0.0         0.0
 -75.04836   -15.64823    21.522  310.00  20.00  0.2148E+13   17.89   3.34  -1  -1    10.00     0  4   0.0  0   0.0  0
       0.0         0.0         0.0         0.0
 -75.13424   -15.57900    21.522  310.00  20.00  0.2148E+13   20.08   3.34  -1  -1    70.65    12  4   0.0  0   0.0  0
       0.1         0.1         0.7         2.7
 -74.20477   -16.52536    15.400  310.00  20.00  0.2148E+13   20.08   3.34  -1  -1    10.00     0  4   0.0  0   0.0  0
       0.0         0.0         0.0         0.0
 -74.29063   -16.45613    15.400  310.00  20.00  0.2148E+13   17.14   3.34  -1  -1    10.00     0  4   0.0  0   0.0  0
       0.0         0.0         0.0         0.0
 -74.37651   -16.38691    15.400  310.00  20.00  0.2148E+13   18.54   3.34  -1  -1    77.13    16  4   0.0  0   0.0  0
       0.1         0.1         3.1         1.5
 -74.46238   -16.31768    15.400  310.00  20.00  0.2148E+13   10.29   3.34  -1  -1    10.00     0  4   0.0  0   0.0  0
       0.0         0.0         0.0         0.0
 -74.54826   -16.24845    15.400  310.00  20.00  0.2148E+13   12.59   3.34  -1  -1    82.77    19  4   0.0  0   0.0  0
       2.8         0.1         2.2         0.5
 -74.63412   -16.17923    15.400  310.00  20.00  0.2148E+13    7.85   3.34  -1  -1    65.28    30  4   0.0  0   0.0  0
       2.6         4.5         0.1         1.7
 -74.00276   -16.29408    27.644  310.00  20.00  0.2148E+13   20.08   3.34  -1  -1    10.00     0  4   0.0  0   0.0  0
       0.0         0.0         0.0         0.0
 -74.80588   -16.04077    15.400  310.00  20.00  0.2148E+13    4.77   3.34  -1  -1    87.79    33  4   0.0  0   0.0  0
       8.7         0.4         0.1         0.5
 -74.89175   -15.97155    15.400  310.00  20.00  0.2148E+13   19.10   3.34  -1  -1    92.20     9  4   0.0  0   0.0  0
       1.7         0.1         0.5         0.5
 -74.97762   -15.90232    15.400  310.00  20.00  0.2148E+13   10.29   3.34  -1  -1    10.00     0  4   0.0  0   0.0  0
       0.0         0.0         0.0         0.0
 -75.06349   -15.83310    15.400  310.00  20.00  0.2148E+13   13.71   3.34  -1  -1    10.00     0  4   0.0  0   0.0  0
       0.0         0.0         0.0         0.0
 -75.14937   -15.76387    15.400  310.00  20.00  0.2148E+13   17.14   3.34  -1  -1    10.00     0  4   0.0  0   0.0  0
       0.0         0.0         0.0         0.0
 -75.23524   -15.69464    15.400  310.00  20.00  0.2148E+13   20.08   3.34  -1  -1    43.06     8  4   0.0  0   0.0  0
       0.1         0.5         0.4         1.3
 -74.30576   -16.64100     9.278  310.00  20.00  0.2148E+13   20.08   3.34  -1  -1    10.00     0  4   0.0  0   0.0  0
       0.0         0.0         0.0         0.0
 -74.39164   -16.57177     9.278  310.00  20.00  0.2148E+13   17.89   3.34  -1  -1    10.00     0  4   0.0  0   0.0  0
       0.0         0.0         0.0         0.0
 -74.47751   -16.50255     9.278  310.00  20.00  0.2148E+13   17.94   3.34  -1  -1    49.04    13  4   0.0  0   0.0  0
       0.1         0.1         1.7         2.1
 -74.56339   -16.43332     9.278  310.00  20.00  0.2148E+13   11.49   3.34  -1  -1    10.00     0  4   0.0  0   0.0  0
       0.0         0.0         0.0         0.0
 -74.64925   -16.36410     9.278  310.00  20.00  0.2148E+13    9.50   3.34  -1  -1    95.04    24  4   0.0  0   0.0  0
       6.3         0.1         0.1         0.5
 -74.73513   -16.29487     9.278  310.00  20.00  0.2148E+13    7.49   3.34  -1  -1    73.81    20  4   0.0  0   0.0  0
       3.4         1.7         0.6         0.3
 -74.82100   -16.22564     9.278  310.00  20.00  0.2148E+13    8.29   3.34  -1  -1    83.34    24  4   0.0  0   0.0  0
       4.0         0.9         0.9         1.4
 -74.90688   -16.15642     9.278  310.00  20.00  0.2148E+13   16.96   3.34  -1  -1    76.33    14  4   0.0  0   0.0  0
       2.6         0.7         0.1         0.9
 -74.99275   -16.08719     9.278  310.00  20.00  0.2148E+13   10.72   3.34  -1  -1    98.84    20  4   0.0  0   0.0  0
       0.6         1.0         2.1         2.4
 -75.07862   -16.01796     9.278  310.00  20.00  0.2148E+13   11.49   3.34  -1  -1    10.00     0  4   0.0  0   0.0  0
       0.0         0.0         0.0         0.0
 -75.16450   -15.94874     9.278  310.00  20.00  0.2148E+13   14.64   3.34  -1  -1    10.00     0  4   0.0  0   0.0  0
       0.0         0.0         0.0         0.0
 -75.25037   -15.87951     9.278  310.00  20.00  0.2148E+13   17.89   3.34  -1  -1    10.00     0  4   0.0  0   0.0  0
       0.0         0.0         0.0         0.0
 -75.33624   -15.81028     9.278  310.00  20.00  0.2148E+13   20.08   3.34  -1  -1    73.39    10  4   0.0  0   0.0  0
       0.4         0.4         0.2         2.0
 -74.40677   -16.75664     3.156  310.00  20.00  0.2148E+13   20.08   3.34  -1  -1    10.00     0  4   0.0  0   0.0  0
       0.0         0.0         0.0         0.0
 -74.49264   -16.68742     3.156  310.00  20.00  0.2148E+13   19.96   3.34  -1  -1    10.00     0  4   0.0  0   0.0  0
       0.0         0.0         0.0         0.0
 -74.57851   -16.61819     3.156  310.00  20.00  0.2148E+13   19.15   3.34  -1  -1    33.90    25  4   0.0  0   0.0  0
       0.1         3.4         0.5         3.6
 -74.66438   -16.54896     3.156  310.00  20.00  0.2148E+13   14.51   3.34  -1  -1    10.00     0  4   0.0  0   0.0  0
       0.0         0.0         0.0         0.0
 -74.75026   -16.47974     3.156  310.00  20.00  0.2148E+13   18.97   3.34  -1  -1    64.11    28  4   0.0  0   0.0  0
       2.2         2.4         0.1         3.7
 -74.83613   -16.41051     3.156  310.00  20.00  0.2148E+13   16.82   3.34  -1  -1    24.17    15  4   0.0  0   0.0  0
       1.1         0.1         0.4         2.7
 -74.92200   -16.34128     3.156  310.00  20.00  0.2148E+13   12.83   3.34  -1  -1    50.78    14  4   0.0  0   0.0  0
       1.3         2.3         0.5         0.2
 -75.00787   -16.27206     3.156  310.00  20.00  0.2148E+13   17.45   3.34  -1  -1    94.80    24  4   0.0  0   0.0  0
       4.9         0.1         0.1         2.1
 -75.09375   -16.20283     3.156  310.00  20.00  0.2148E+13   17.90   3.34  -1  -1    27.00     9  4   0.0  0   0.0  0
       0.1         0.1         0.4         2.2
 -75.17963   -16.13361     3.156  310.00  20.00  0.2148E+13   14.51   3.34  -1  -1    10.00     0  4   0.0  0   0.0  0
       0.0         0.0         0.0         0.0
 -75.26550   -16.06438     3.156  310.00  20.00  0.2148E+13   17.11   3.34  -1  -1    10.00     0  4   0.0  0   0.0  0
       0.0         0.0         0.0         0.0
 -75.35137   -15.99515     3.156  310.00  20.00  0.2148E+13   19.96   3.34  -1  -1    10.00     0  4   0.0  0   0.0  0
       0.0         0.0         0.0         0.0
 -75.43724   -15.92593     3.156  310.00  20.00  0.2148E+13   20.08   3.34  -1  -1    95.65    40  4   0.0  0   0.0  0
       7.3         3.3         0.7         0.6
