2.0
#
# http://equake-rc.info/static/paper/SRF-Description-Graves_2.0.pdf
# RECTANGULAR fault MODEL
#
# All subfaults are  10.0 km long along strike and
#  14.4 km wide along dip
#
# Model length along strike is  130.0 km
#
# Model width along dip is   72.0 km
#
# Corners of the rectangular dislocation model (lat, lon):
#     54.165  -160.789 : corner 1
#     55.332  -160.612 : corner 2
#     55.317  -160.323 : corner 3
#     54.150  -160.500 : corner 4
#
#
# Number of elementary sliprate
# isoceles triangular functions
# per subfault:   4
#
# Half duration of elementary sliprate
# isoceles triangular functions (s):   2.97
# Triangles are overlapping each other by half
#
# slip rate unit: cm/s
#
#
# Seismic moment is converted into slip
# using a single constant value for the
# shear modulus mu of  0.250E+12 dyne/cm2
# assumed to be constant and characteristic
# of the fault shear zone
#
#
#
# "rake" (degrees) is the slip angle (Aki"s convention,
# e.g. rake=+45 means left-lateral-reverse movement.
#
#
# ************************************************
# Total seismic moment M0=  0.532E+27 dyne.cm
# ************************************************
#
#
PLANE 1
-160.70050    54.74850   13    5   130.000    72.000
  5.00  75.00     0.226     0.000    36.001
POINTS   65
-160.55600    54.74100    35.000    5.00  75.00  0.1440E+13    0.00   2.97  -1  -1  -139.10    90  4   0.0  0   0.0  0
      24.8         0.1         5.4         0.1
-160.50812    54.28643    62.819    5.00  75.00  0.1440E+13   16.60   2.97  -1  -1   131.02     1  4   0.0  0   0.0  0
       0.1         0.1         0.1         0.1
-160.49452    54.37617    62.819    5.00  75.00  0.1440E+13   16.44   2.97  -1  -1   132.09     1  4   0.0  0   0.0  0
       0.1         0.1         0.1         0.1
-160.48093    54.46592    62.819    5.00  75.00  0.1440E+13   12.53   2.97  -1  -1   131.80     1  4   0.0  0   0.0  0
       0.1         0.1         0.1         0.1
-160.46732    54.55566    62.819    5.00  75.00  0.1440E+13   13.06   2.97  -1  -1   132.05     1  4   0.0  0   0.0  0
       0.1         0.1         0.1         0.2
-160.45372    54.64540    62.819    5.00  75.00  0.1440E+13    9.13   2.97  -1  -1   166.40    13  4   0.0  0   0.0  0
       4.1         0.1         0.1         0.1
-160.44012    54.73515    62.819    5.00  75.00  0.1440E+13   14.93   2.97  -1  -1   144.60     1  4   0.0  0   0.0  0
       0.1         0.1         0.1         0.1
-160.42651    54.82489    62.819    5.00  75.00  0.1440E+13   11.71   2.97  -1  -1   150.87     1  4   0.0  0   0.0  0
       0.1         0.1         0.1         0.1
-160.41292    54.91464    62.819    5.00  75.00  0.1440E+13   14.53   2.97  -1  -1   136.60     1  4   0.0  0   0.0  0
       0.1         0.1         0.2         0.1
-160.39931    55.00438    62.819    5.00  75.00  0.1440E+13   14.74   2.97  -1  -1   135.20    15  4   0.0  0   0.0  0
       4.1         0.7         0.1         0.1
-160.38571    55.09413    62.819    5.00  75.00  0.1440E+13   15.19   2.97  -1  -1  -173.20    13  4   0.0  0   0.0  0
       4.1         0.1         0.1         0.1
-160.37212    55.18387    62.819    5.00  75.00  0.1440E+13   16.69   2.97  -1  -1  -139.10    46  4   0.0  0   0.0  0
       0.4        13.7         1.2         0.1
-160.35851    55.27361    62.819    5.00  75.00  0.1440E+13   16.73   2.97  -1  -1   130.90     0  4   0.0  0   0.0  0
       0.0         0.0         0.0         0.0
-160.57967    54.19961    48.909    5.00  75.00  0.1440E+13   16.73   2.97  -1  -1   150.17     2  4   0.0  0   0.0  0
       0.6         0.1         0.1         0.1
-160.56607    54.28935    48.909    5.00  75.00  0.1440E+13   15.60   2.97  -1  -1   130.90    35  4   0.0  0   0.0  0
       7.1         4.4         0.1         0.1
-160.55246    54.37910    48.909    5.00  75.00  0.1440E+13   15.61   2.97  -1  -1   130.97     7  4   0.0  0   0.0  0
       0.3         1.7         0.1         0.1
-160.53886    54.46884    48.909    5.00  75.00  0.1440E+13    9.64   2.97  -1  -1   178.37    25  4   0.0  0   0.0  0
       8.2         0.1         0.1         0.1
-160.52527    54.55859    48.909    5.00  75.00  0.1440E+13    7.80   2.97  -1  -1  -139.10   101  4   0.0  0   0.0  0
      33.9         0.1         0.1         0.1
-160.51166    54.64833    48.909    5.00  75.00  0.1440E+13    6.41   2.97  -1  -1  -145.25    85  4   0.0  0   0.0  0
      28.4         0.1         0.1         0.1
-160.49806    54.73808    48.909    5.00  75.00  0.1440E+13    4.49   2.97  -1  -1  -165.93    41  4   0.0  0   0.0  0
      10.2         3.5         0.1         0.1
-160.48445    54.82782    48.909    5.00  75.00  0.1440E+13    6.42   2.97  -1  -1   154.64    60  4   0.0  0   0.0  0
      20.1         0.1         0.1         0.1
-160.47086    54.91756    48.909    5.00  75.00  0.1440E+13    7.41   2.97  -1  -1   131.60     4  4   0.0  0   0.0  0
       0.9         0.1         0.1         0.1
-160.45726    55.00731    48.909    5.00  75.00  0.1440E+13   11.57   2.97  -1  -1   131.81     7  4   0.0  0   0.0  0
       0.9         1.2         0.3         0.1
-160.44365    55.09705    48.909    5.00  75.00  0.1440E+13   14.54   2.97  -1  -1  -159.00    16  4   0.0  0   0.0  0
       2.6         2.6         0.1         0.1
-160.43005    55.18680    48.909    5.00  75.00  0.1440E+13   16.15   2.97  -1  -1  -147.52    34  4   0.0  0   0.0  0
       6.7         4.3         0.3         0.1
-160.41646    55.27654    48.909    5.00  75.00  0.1440E+13   16.73   2.97  -1  -1   130.90     0  4   0.0  0   0.0  0
       0.0         0.0         0.0         0.0
-160.63760    54.20253    35.000    5.00  75.00  0.1440E+13   16.73   2.97  -1  -1   130.90    30  4   0.0  0   0.0  0
       9.6         0.2         0.1         0.1
-160.62401    54.29228    35.000    5.00  75.00  0.1440E+13   15.05   2.97  -1  -1   130.90    63  4   0.0  0   0.0  0
      20.4         0.5         0.1         0.1
-160.61040    54.38202    35.000    5.00  75.00  0.1440E+13   12.88   2.97  -1  -1   144.64    42  4   0.0  0   0.0  0
       8.4         5.5         0.1         0.1
-160.59680    54.47177    35.000    5.00  75.00  0.1440E+13    9.94   2.97  -1  -1   171.04    45  4   0.0  0   0.0  0
       1.2        11.6         2.4         0.1
-160.58321    54.56151    35.000    5.00  75.00  0.1440E+13   10.15   2.97  -1  -1   133.60    40  4   0.0  0   0.0  0
       7.6         2.6         3.1         0.1
-160.56960    54.65126    35.000    5.00  75.00  0.1440E+13    7.24   2.97  -1  -1   149.14    17  4   0.0  0   0.0  0
       1.3         4.2         0.1         0.1
-160.52173    54.19668    62.819    5.00  75.00  0.1440E+13   16.73   2.97  -1  -1   152.85     1  4   0.0  0   0.0  0
       0.1         0.1         0.1         0.1
-160.54240    54.83075    35.000    5.00  75.00  0.1440E+13    4.81   2.97  -1  -1   133.82    65  4   0.0  0   0.0  0
      21.5         0.1         0.1         0.1
-160.52879    54.92049    35.000    5.00  75.00  0.1440E+13    6.41   2.97  -1  -1   133.10    91  4   0.0  0   0.0  0
      30.5         0.1         0.1         0.1
-160.51520    55.01023    35.000    5.00  75.00  0.1440E+13   12.90   2.97  -1  -1   159.78     5  4   0.0  0   0.0  0
       0.1         1.4         0.1         0.1
-160.50160    55.09998    35.000    5.00  75.00  0.1440E+13   14.32   2.97  -1  -1   174.86    19  4   0.0  0   0.0  0
       5.6         0.5         0.1         0.1
-160.48799    55.18972    35.000    5.00  75.00  0.1440E+13   14.46   2.97  -1  -1  -140.08    61  4   0.0  0   0.0  0
      13.2         3.2         4.2         0.1
-160.47440    55.27947    35.000    5.00  75.00  0.1440E+13   16.73   2.97  -1  -1   130.90     0  4   0.0  0   0.0  0
       0.0         0.0         0.0         0.0
-160.69554    54.20546    21.091    5.00  75.00  0.1440E+13   16.73   2.97  -1  -1   138.43    31  4   0.0  0   0.0  0
       0.1         1.9         8.3         0.1
-160.68195    54.29520    21.091    5.00  75.00  0.1440E+13   15.62   2.97  -1  -1   131.87    51  4   0.0  0   0.0  0
       1.0         5.6        10.4         0.3
-160.66835    54.38495    21.091    5.00  75.00  0.1440E+13   15.06   2.97  -1  -1   136.22    31  4   0.0  0   0.0  0
       9.6         0.1         0.6         0.2
-160.65474    54.47469    21.091    5.00  75.00  0.1440E+13    9.92   2.97  -1  -1   141.08    20  4   0.0  0   0.0  0
       0.3         5.5         0.7         0.1
-160.64114    54.56444    21.091    5.00  75.00  0.1440E+13   10.15   2.97  -1  -1   147.62    14  4   0.0  0   0.0  0
       1.7         1.7         1.2         0.1
-160.62755    54.65418    21.091    5.00  75.00  0.1440E+13   10.23   2.97  -1  -1   138.71     6  4   0.0  0   0.0  0
       1.3         0.4         0.4         0.1
-160.61394    54.74393    21.091    5.00  75.00  0.1440E+13    8.06   2.97  -1  -1   146.86     5  4   0.0  0   0.0  0
       0.6         0.1         1.1         0.1
-160.60034    54.83367    21.091    5.00  75.00  0.1440E+13   10.99   2.97  -1  -1   133.54    13  4   0.0  0   0.0  0
       0.1         2.9         1.2         0.1
-160.58673    54.92342    21.091    5.00  75.00  0.1440E+13   12.92   2.97  -1  -1   131.96     5  4   0.0  0   0.0  0
       0.3         1.2         0.1         0.2
-160.57314    55.01316    21.091    5.00  75.00  0.1440E+13   14.00   2.97  -1  -1   148.28    12  4   0.0  0   0.0  0
       1.0         0.7         2.2         0.1
-160.55954    55.10291    21.091    5.00  75.00  0.1440E+13   12.49   2.97  -1  -1   157.11     2  4   0.0  0   0.0  0
       0.1         0.1         0.4         0.1
-160.54593    55.19265    21.091    5.00  75.00  0.1440E+13   15.08   2.97  -1  -1  -164.39     1  4   0.0  0   0.0  0
       0.1         0.1         0.1         0.1
-160.53233    55.28239    21.091    5.00  75.00  0.1440E+13   16.73   2.97  -1  -1   130.90     0  4   0.0  0   0.0  0
       0.0         0.0         0.0         0.0
-160.75349    54.20839     7.181    5.00  75.00  0.1440E+13   16.73   2.97  -1  -1  -158.91    68  4   0.0  0   0.0  0
       0.4         8.1         9.0         5.4
-160.73988    54.29813     7.181    5.00  75.00  0.1440E+13   16.49   2.97  -1  -1  -164.49    22  4   0.0  0   0.0  0
       0.1         3.5         3.8         0.1
-160.72629    54.38787     7.181    5.00  75.00  0.1440E+13   15.68   2.97  -1  -1  -179.33    20  4   0.0  0   0.0  0
       0.5         4.5         1.8         0.1
-160.71269    54.47762     7.181    5.00  75.00  0.1440E+13   12.88   2.97  -1  -1   171.18    11  4   0.0  0   0.0  0
       1.9         0.4         1.2         0.1
-160.69908    54.56736     7.181    5.00  75.00  0.1440E+13   12.76   2.97  -1  -1   146.32    17  4   0.0  0   0.0  0
       3.5         2.1         0.1         0.1
-160.68549    54.65711     7.181    5.00  75.00  0.1440E+13   12.68   2.97  -1  -1   140.35    31  4   0.0  0   0.0  0
       4.8         5.6         0.1         0.1
-160.67188    54.74685     7.181    5.00  75.00  0.1440E+13   11.64   2.97  -1  -1   139.02    22  4   0.0  0   0.0  0
       2.2         5.1         0.1         0.1
-160.65828    54.83660     7.181    5.00  75.00  0.1440E+13   16.01   2.97  -1  -1   170.87     8  4   0.0  0   0.0  0
       0.2         0.6         0.1         1.7
-160.64468    54.92634     7.181    5.00  75.00  0.1440E+13   12.92   2.97  -1  -1   148.74     2  4   0.0  0   0.0  0
       0.5         0.1         0.1         0.1
-160.63107    55.01609     7.181    5.00  75.00  0.1440E+13   12.90   2.97  -1  -1   146.92     1  4   0.0  0   0.0  0
       0.1         0.1         0.1         0.1
-160.61748    55.10583     7.181    5.00  75.00  0.1440E+13   16.70   2.97  -1  -1   160.61     1  4   0.0  0   0.0  0
       0.1         0.1         0.1         0.1
-160.60388    55.19558     7.181    5.00  75.00  0.1440E+13   16.59   2.97  -1  -1  -144.94     2  4   0.0  0   0.0  0
       0.4         0.1         0.1         0.1
-160.59027    55.28532     7.181    5.00  75.00  0.1440E+13   16.73   2.97  -1  -1   130.90     0  4   0.0  0   0.0  0
       0.0         0.0         0.0         0.0
