2.0
#
# http://equake-rc.info/static/paper/SRF-Description-Graves_2.0.pdf
# RECTANGULAR fault MODEL
#
# All subfaults are  10.0 km long along strike and
#  14.3 km wide along dip
#
# Model length along strike is  130.0 km
#
# Model width along dip is   71.5 km
#
# Corners of the rectangular dislocation model (lat, lon):
#     54.834  -161.559 : corner 1
#     54.710  -159.542 : corner 2
#     54.666  -159.550 : corner 3
#     54.790  -161.567 : corner 4
#
#
# Number of elementary sliprate
# isoceles triangular functions
# per subfault:   4
#
# Half duration of elementary sliprate
# isoceles triangular functions (s):   2.97
# Triangles are overlapping each other by half
#
# slip rate unit: cm/s
#
#
# Seismic moment is converted into slip
# using a single constant value for the
# shear modulus mu of  0.250E+12 dyne/cm2
# assumed to be constant and characteristic
# of the fault shear zone
#
#
#
# "rake" (degrees) is the slip angle (Aki"s convention,
# e.g. rake=+45 means left-lateral-reverse movement.
#
#
# ************************************************
# Total seismic moment M0=  0.391E+27 dyne.cm
# ************************************************
#
#
PLANE 1
-160.55051    54.77200   13    5   130.000    71.500
 96.06  86.04     0.069     0.000    50.050
POINTS   65
-160.55600    54.74100    50.000   96.06  86.04  0.1430E+13    0.00   2.97  -1  -1    29.78    85  4   0.0  0   0.0  0
      28.4         0.1         0.1         0.1
-161.33354    54.77973    64.266   96.06  86.04  0.1430E+13   16.62   2.97  -1  -1    31.31     3  4   0.0  0   0.0  0
       0.1         0.1         0.1         0.9
-161.17836    54.77021    64.266   96.06  86.04  0.1430E+13   16.66   2.97  -1  -1     1.38    20  4   0.0  0   0.0  0
       0.1         0.1         0.1         6.3
-161.02318    54.76070    64.266   96.06  86.04  0.1430E+13    9.50   2.97  -1  -1   -29.96     0  4   0.0  0   0.0  0
       0.0         0.0         0.0         0.0
-160.86800    54.75118    64.266   96.06  86.04  0.1430E+13    7.02   2.97  -1  -1   -29.96     0  4   0.0  0   0.0  0
       0.0         0.0         0.0         0.0
-160.71281    54.74167    64.266   96.06  86.04  0.1430E+13   16.27   2.97  -1  -1   -12.02    21  4   0.0  0   0.0  0
       0.1         3.5         1.4         1.9
-160.55763    54.73215    64.266   96.06  86.04  0.1430E+13   13.30   2.97  -1  -1    25.73     3  4   0.0  0   0.0  0
       0.1         0.2         0.7         0.1
-160.40245    54.72264    64.266   96.06  86.04  0.1430E+13   11.80   2.97  -1  -1    25.91     9  4   0.0  0   0.0  0
       0.1         0.7         2.0         0.1
-160.24725    54.71312    64.266   96.06  86.04  0.1430E+13    9.31   2.97  -1  -1    48.95    19  4   0.0  0   0.0  0
       0.1         2.4         3.9         0.1
-160.09207    54.70361    64.266   96.06  86.04  0.1430E+13   10.72   2.97  -1  -1    58.81    60  4   0.0  0   0.0  0
      19.4         0.6         0.1         0.1
-159.93689    54.69410    64.266   96.06  86.04  0.1430E+13   12.15   2.97  -1  -1    37.69     7  4   0.0  0   0.0  0
       2.2         0.1         0.1         0.1
-159.78171    54.68458    64.266   96.06  86.04  0.1430E+13   16.38   2.97  -1  -1    23.69    12  4   0.0  0   0.0  0
       0.1         0.1         0.1         3.7
-159.62653    54.67506    64.266   96.06  86.04  0.1430E+13   16.73   2.97  -1  -1   -11.26    25  4   0.0  0   0.0  0
       0.1         0.1         0.1         8.0
-161.48711    54.79809    50.000   96.06  86.04  0.1430E+13   16.73   2.97  -1  -1    32.81     1  4   0.0  0   0.0  0
       0.1         0.1         0.1         0.1
-161.33192    54.78857    50.000   96.06  86.04  0.1430E+13   16.68   2.97  -1  -1    31.72     1  4   0.0  0   0.0  0
       0.1         0.1         0.1         0.2
-161.17673    54.77906    50.000   96.06  86.04  0.1430E+13   16.64   2.97  -1  -1    -5.28     4  4   0.0  0   0.0  0
       0.1         0.1         0.1         1.0
-161.02155    54.76955    50.000   96.06  86.04  0.1430E+13    8.57   2.97  -1  -1   -29.96     0  4   0.0  0   0.0  0
       0.0         0.0         0.0         0.0
-160.86636    54.76003    50.000   96.06  86.04  0.1430E+13    5.71   2.97  -1  -1   -29.96     0  4   0.0  0   0.0  0
       0.0         0.0         0.0         0.0
-160.71118    54.75051    50.000   96.06  86.04  0.1430E+13    4.45   2.97  -1  -1    24.79    13  4   0.0  0   0.0  0
       1.6         1.9         0.1         0.8
-161.48872    54.78925    64.266   96.06  86.04  0.1430E+13   16.73   2.97  -1  -1    39.54     3  4   0.0  0   0.0  0
       0.1         0.1         0.1         0.9
-160.40082    54.73149    50.000   96.06  86.04  0.1430E+13    2.86   2.97  -1  -1   -21.50    27  4   0.0  0   0.0  0
       6.5         2.5         0.1         0.1
-160.24564    54.72197    50.000   96.06  86.04  0.1430E+13    7.77   2.97  -1  -1   -23.59    92  4   0.0  0   0.0  0
      29.8         1.0         0.1         0.1
-160.09045    54.71246    50.000   96.06  86.04  0.1430E+13    8.97   2.97  -1  -1    14.83   109  4   0.0  0   0.0  0
      36.3         0.1         0.1         0.1
-159.93527    54.70294    50.000   96.06  86.04  0.1430E+13   11.58   2.97  -1  -1    59.92   175  4   0.0  0   0.0  0
      58.5         0.1         0.1         0.1
-159.78008    54.69343    50.000   96.06  86.04  0.1430E+13   16.68   2.97  -1  -1     5.80     1  4   0.0  0   0.0  0
       0.1         0.1         0.1         0.1
-159.62489    54.68391    50.000   96.06  86.04  0.1430E+13   16.73   2.97  -1  -1   -29.94    32  4   0.0  0   0.0  0
       0.1         0.1         0.1        10.6
-161.48547    54.80694    35.734   96.06  86.04  0.1430E+13   16.73   2.97  -1  -1    59.37     1  4   0.0  0   0.0  0
       0.1         0.1         0.1         0.1
-161.33029    54.79742    35.734   96.06  86.04  0.1430E+13   16.42   2.97  -1  -1    -5.70     1  4   0.0  0   0.0  0
       0.1         0.1         0.1         0.1
-161.17511    54.78791    35.734   96.06  86.04  0.1430E+13   16.66   2.97  -1  -1     1.54     7  4   0.0  0   0.0  0
       0.1         0.1         0.1         1.9
-161.01993    54.77839    35.734   96.06  86.04  0.1430E+13    9.50   2.97  -1  -1   -29.96     0  4   0.0  0   0.0  0
       0.0         0.0         0.0         0.0
-160.86475    54.76888    35.734   96.06  86.04  0.1430E+13    7.02   2.97  -1  -1   -29.96     0  4   0.0  0   0.0  0
       0.0         0.0         0.0         0.0
-160.70955    54.75936    35.734   96.06  86.04  0.1430E+13    9.70   2.97  -1  -1    -9.94    16  4   0.0  0   0.0  0
       4.3         0.1         0.3         0.5
-160.55437    54.74985    35.734   96.06  86.04  0.1430E+13   13.33   2.97  -1  -1    -5.03     6  4   0.0  0   0.0  0
       0.8         0.1         0.8         0.5
-160.39919    54.74033    35.734   96.06  86.04  0.1430E+13    5.18   2.97  -1  -1   -13.61    35  4   0.0  0   0.0  0
       9.1         2.6         0.1         0.1
-160.24400    54.73082    35.734   96.06  86.04  0.1430E+13   12.24   2.97  -1  -1    10.56    21  4   0.0  0   0.0  0
       6.6         0.3         0.1         0.1
-160.08882    54.72130    35.734   96.06  86.04  0.1430E+13   10.22   2.97  -1  -1   -14.22    13  4   0.0  0   0.0  0
       4.1         0.1         0.1         0.1
-159.93364    54.71179    35.734   96.06  86.04  0.1430E+13   12.27   2.97  -1  -1    40.43    12  4   0.0  0   0.0  0
       3.6         0.1         0.1         0.1
-159.77846    54.70227    35.734   96.06  86.04  0.1430E+13   16.54   2.97  -1  -1   -10.87     1  4   0.0  0   0.0  0
       0.1         0.1         0.1         0.1
-159.62328    54.69276    35.734   96.06  86.04  0.1430E+13   16.73   2.97  -1  -1   -11.81     6  4   0.0  0   0.0  0
       0.1         0.1         0.1         1.9
-161.48384    54.81578    21.468   96.06  86.04  0.1430E+13   16.73   2.97  -1  -1    42.33    12  4   0.0  0   0.0  0
       0.1         1.1         2.7         0.1
-161.32866    54.80627    21.468   96.06  86.04  0.1430E+13   16.68   2.97  -1  -1    17.24     1  4   0.0  0   0.0  0
       0.1         0.1         0.1         0.2
-161.17348    54.79676    21.468   96.06  86.04  0.1430E+13   16.64   2.97  -1  -1     8.70    10  4   0.0  0   0.0  0
       0.1         0.1         0.1         3.1
-161.01830    54.78724    21.468   96.06  86.04  0.1430E+13   11.84   2.97  -1  -1   -29.96     0  4   0.0  0   0.0  0
       0.0         0.0         0.0         0.0
-160.86311    54.77773    21.468   96.06  86.04  0.1430E+13    9.97   2.97  -1  -1   -29.96     0  4   0.0  0   0.0  0
       0.0         0.0         0.0         0.0
-160.70793    54.76821    21.468   96.06  86.04  0.1430E+13   10.96   2.97  -1  -1   -16.01    46  4   0.0  0   0.0  0
       5.6         6.9         2.7         0.1
-160.55275    54.75869    21.468   96.06  86.04  0.1430E+13    8.35   2.97  -1  -1    -9.33    18  4   0.0  0   0.0  0
       1.3         2.4         1.1         1.4
-160.39757    54.74918    21.468   96.06  86.04  0.1430E+13   11.36   2.97  -1  -1    -2.63     4  4   0.0  0   0.0  0
       0.1         0.1         0.4         0.7
-160.24237    54.73967    21.468   96.06  86.04  0.1430E+13   11.93   2.97  -1  -1    18.01     4  4   0.0  0   0.0  0
       0.1         0.1         0.1         1.0
-160.08719    54.73015    21.468   96.06  86.04  0.1430E+13   14.76   2.97  -1  -1   -27.69     1  4   0.0  0   0.0  0
       0.1         0.1         0.1         0.1
-159.93201    54.72063    21.468   96.06  86.04  0.1430E+13   14.98   2.97  -1  -1   -12.68     2  4   0.0  0   0.0  0
       0.3         0.1         0.1         0.1
-159.77682    54.71112    21.468   96.06  86.04  0.1430E+13   16.58   2.97  -1  -1     4.20     3  4   0.0  0   0.0  0
       0.1         0.1         0.8         0.1
-159.62164    54.70161    21.468   96.06  86.04  0.1430E+13   16.73   2.97  -1  -1    60.01    21  4   0.0  0   0.0  0
       6.3         0.1         0.5         0.1
-161.48222    54.82463     7.202   96.06  86.04  0.1430E+13   16.73   2.97  -1  -1    26.39    10  4   0.0  0   0.0  0
       0.1         0.4         1.6         1.1
-161.32703    54.81512     7.202   96.06  86.04  0.1430E+13   16.73   2.97  -1  -1   -18.31    16  4   0.0  0   0.0  0
       0.1         0.4         4.7         0.1
-161.17184    54.80560     7.202   96.06  86.04  0.1430E+13   16.73   2.97  -1  -1    42.56     4  4   0.0  0   0.0  0
       0.1         0.1         1.2         0.1
-161.01666    54.79609     7.202   96.06  86.04  0.1430E+13   14.96   2.97  -1  -1   -29.96     0  4   0.0  0   0.0  0
       0.0         0.0         0.0         0.0
-160.86148    54.78657     7.202   96.06  86.04  0.1430E+13   13.52   2.97  -1  -1   -29.96     0  4   0.0  0   0.0  0
       0.0         0.0         0.0         0.0
-160.70630    54.77706     7.202   96.06  86.04  0.1430E+13   15.61   2.97  -1  -1    -8.11    13  4   0.0  0   0.0  0
       2.8         1.2         0.2         0.1
-160.55112    54.76754     7.202   96.06  86.04  0.1430E+13   16.45   2.97  -1  -1     9.14     4  4   0.0  0   0.0  0
       0.3         0.1         0.1         0.8
-160.39594    54.75803     7.202   96.06  86.04  0.1430E+13   14.37   2.97  -1  -1     2.24    11  4   0.0  0   0.0  0
       0.1         0.1         0.9         2.5
-160.24075    54.74851     7.202   96.06  86.04  0.1430E+13   14.63   2.97  -1  -1    28.98    12  4   0.0  0   0.0  0
       0.1         0.4         3.4         0.1
-160.08557    54.73900     7.202   96.06  86.04  0.1430E+13   16.04   2.97  -1  -1    30.01     2  4   0.0  0   0.0  0
       0.1         0.1         0.1         0.3
-159.93039    54.72948     7.202   96.06  86.04  0.1430E+13   16.73   2.97  -1  -1   -13.60    17  4   0.0  0   0.0  0
       3.9         0.5         0.7         0.5
-159.77519    54.71997     7.202   96.06  86.04  0.1430E+13   16.73   2.97  -1  -1    59.57    29  4   0.0  0   0.0  0
       3.2         0.1         4.5         2.0
-159.62001    54.71045     7.202   96.06  86.04  0.1430E+13   16.73   2.97  -1  -1    59.84    13  4   0.0  0   0.0  0
       0.1         0.1         0.1         4.1
