2.0
#
# http://equake-rc.info/static/paper/SRF-Description-Graves_2.0.pdf
# RECTANGULAR fault MODEL
#
# All subfaults are   4.0 km long along strike and
#   4.9 km wide along dip
#
# Model length along strike is   36.0 km
#
# Model width along dip is   24.5 km
#
# Corners of the rectangular dislocation model (lat, lon):
#     22.990   121.275 : corner 1
#     22.674   121.196 : corner 2
#     22.710   121.025 : corner 3
#     23.026   121.104 : corner 4
#
#
# Number of elementary sliprate
# isoceles triangular functions
# per subfault:   4
#
# Half duration of elementary sliprate
# isoceles triangular functions (s):   1.33
# Triangles are overlapping each other by half
#
# slip rate unit: cm/s
#
#
# Seismic moment is converted into slip
# using a single constant value for the
# shear modulus mu of  0.250E+12 dyne/cm2
# assumed to be constant and characteristic
# of the fault shear zone
#
#
#
# "rake" (degrees) is the slip angle (Aki"s convention,
# e.g. rake=+45 means left-lateral-reverse movement.
#
#
# ************************************************
# Total seismic moment M0=  0.107E+26 dyne.cm
# ************************************************
#
#
PLANE 1
 121.23550    22.83200    9    5    36.000    24.500
193.00  43.00     0.045     0.000    12.251
POINTS   45
 121.15000    22.85000     8.400  193.00  43.00  0.1960E+12    0.00   1.33  -1  -1     4.54    35  4   0.0  0   0.0  0
      26.1         0.3         0.1         0.1
 121.10818    22.96968    15.084  193.00  43.00  0.1960E+12    4.65   1.33  -1  -1    53.72     0  4   0.0  0   0.0  0
       0.1         0.0         0.0         0.1
 121.09940    22.93462    15.084  193.00  43.00  0.1960E+12    5.46   1.33  -1  -1    35.45     0  4   0.0  0   0.0  0
       0.0         0.0         0.1         0.1
 121.09061    22.89956    15.084  193.00  43.00  0.1960E+12    4.42   1.33  -1  -1   -33.05     0  4   0.0  0   0.0  0
       0.1         0.1         0.0         0.1
 121.08183    22.86450    15.084  193.00  43.00  0.1960E+12    4.79   1.33  -1  -1   -17.22     2  4   0.0  0   0.0  0
       1.2         0.1         0.0         0.1
 121.07305    22.82944    15.084  193.00  43.00  0.1960E+12    3.84   1.33  -1  -1   -16.83     4  4   0.0  0   0.0  0
       2.5         0.1         0.0         0.0
 121.06426    22.79438    15.084  193.00  43.00  0.1960E+12    4.79   1.33  -1  -1   -11.13     1  4   0.0  0   0.0  0
       0.8         0.1         0.0         0.1
 121.05548    22.75933    15.084  193.00  43.00  0.1960E+12    4.43   1.33  -1  -1   -35.00     0  4   0.0  0   0.0  0
       0.0         0.0         0.0         0.0
 121.04670    22.72427    15.084  193.00  43.00  0.1960E+12    5.36   1.33  -1  -1   -35.00     0  4   0.0  0   0.0  0
       0.0         0.0         0.0         0.0
 121.15105    22.99749    11.742  193.00  43.00  0.1960E+12    5.53   1.33  -1  -1    54.57     0  4   0.0  0   0.0  0
       0.1         0.1         0.1         0.0
 121.14227    22.96243    11.742  193.00  43.00  0.1960E+12    3.71   1.33  -1  -1    53.30     2  4   0.0  0   0.0  0
       1.0         0.1         0.1         0.0
 121.13348    22.92737    11.742  193.00  43.00  0.1960E+12    2.76   1.33  -1  -1    54.56     9  4   0.0  0   0.0  0
       6.1         0.1         0.1         0.2
 121.12470    22.89231    11.742  193.00  43.00  0.1960E+12    1.86   1.33  -1  -1    54.22    18  4   0.0  0   0.0  0
      13.0         0.0         0.0         0.1
 121.11591    22.85725    11.742  193.00  43.00  0.1960E+12    3.70   1.33  -1  -1    18.82     0  4   0.0  0   0.0  0
       0.1         0.1         0.1         0.1
 121.10713    22.82219    11.742  193.00  43.00  0.1960E+12    2.84   1.33  -1  -1   -21.12     5  4   0.0  0   0.0  0
       3.5         0.1         0.0         0.1
 121.09835    22.78713    11.742  193.00  43.00  0.1960E+12    4.40   1.33  -1  -1     0.47     0  4   0.0  0   0.0  0
       0.1         0.1         0.0         0.1
 121.08957    22.75207    11.742  193.00  43.00  0.1960E+12    3.70   1.33  -1  -1   -35.00     0  4   0.0  0   0.0  0
       0.0         0.0         0.0         0.0
 121.08078    22.71701    11.742  193.00  43.00  0.1960E+12    4.78   1.33  -1  -1   -35.00     0  4   0.0  0   0.0  0
       0.0         0.0         0.0         0.0
 121.18513    22.99024     8.400  193.00  43.00  0.1960E+12    4.60   1.33  -1  -1    54.78    18  4   0.0  0   0.0  0
      13.6         0.0         0.1         0.1
 121.17635    22.95518     8.400  193.00  43.00  0.1960E+12    4.84   1.33  -1  -1    52.88     6  4   0.0  0   0.0  0
       0.9         0.1         3.1         0.2
 121.16757    22.92012     8.400  193.00  43.00  0.1960E+12    2.79   1.33  -1  -1    22.91     9  4   0.0  0   0.0  0
       5.7         0.1         0.2         1.0
 121.15878    22.88506     8.400  193.00  43.00  0.1960E+12    1.86   1.33  -1  -1     9.98    13  4   0.0  0   0.0  0
       6.6         0.1         1.0         1.9
 121.11697    23.00474    15.084  193.00  43.00  0.1960E+12    5.51   1.33  -1  -1    54.36     0  4   0.0  0   0.0  0
       0.1         0.0         0.0         0.0
 121.14122    22.81494     8.400  193.00  43.00  0.1960E+12    1.47   1.33  -1  -1   -19.86    21  4   0.0  0   0.0  0
      15.3         0.5         0.1         0.0
 121.13243    22.77988     8.400  193.00  43.00  0.1960E+12    2.89   1.33  -1  -1    36.10     2  4   0.0  0   0.0  0
       1.1         0.3         0.1         0.0
 121.12365    22.74482     8.400  193.00  43.00  0.1960E+12    3.43   1.33  -1  -1   -35.00     0  4   0.0  0   0.0  0
       0.0         0.0         0.0         0.0
 121.11487    22.70976     8.400  193.00  43.00  0.1960E+12    4.57   1.33  -1  -1   -35.00     0  4   0.0  0   0.0  0
       0.0         0.0         0.0         0.0
 121.21922    22.98299     5.058  193.00  43.00  0.1960E+12    5.14   1.33  -1  -1    52.65     0  4   0.0  0   0.0  0
       0.1         0.1         0.1         0.0
 121.21043    22.94793     5.058  193.00  43.00  0.1960E+12    4.45   1.33  -1  -1    17.35     1  4   0.0  0   0.0  0
       0.1         0.1         0.1         0.4
 121.20165    22.91287     5.058  193.00  43.00  0.1960E+12    3.53   1.33  -1  -1    52.89     2  4   0.0  0   0.0  0
       0.0         0.5         0.6         0.1
 121.19287    22.87781     5.058  193.00  43.00  0.1960E+12    3.69   1.33  -1  -1    54.55     7  4   0.0  0   0.0  0
       0.1         3.7         1.2         0.2
 121.18409    22.84275     5.058  193.00  43.00  0.1960E+12    2.52   1.33  -1  -1    12.06     6  4   0.0  0   0.0  0
       2.5         0.8         0.8         0.0
 121.17530    22.80769     5.058  193.00  43.00  0.1960E+12    2.52   1.33  -1  -1    40.35     1  4   0.0  0   0.0  0
       0.1         0.5         0.1         0.1
 121.16652    22.77263     5.058  193.00  43.00  0.1960E+12    5.64   1.33  -1  -1    -8.28     2  4   0.0  0   0.0  0
       0.1         0.0         0.0         1.0
 121.15774    22.73757     5.058  193.00  43.00  0.1960E+12    3.70   1.33  -1  -1   -35.00     0  4   0.0  0   0.0  0
       0.0         0.0         0.0         0.0
 121.14896    22.70251     5.058  193.00  43.00  0.1960E+12    4.78   1.33  -1  -1   -35.00     0  4   0.0  0   0.0  0
       0.0         0.0         0.0         0.0
 121.25330    22.97573     1.716  193.00  43.00  0.1960E+12    5.45   1.33  -1  -1     8.37    18  4   0.0  0   0.0  0
       0.4         1.6        11.1         0.7
 121.24452    22.94068     1.716  193.00  43.00  0.1960E+12    5.55   1.33  -1  -1     5.29    10  4   0.0  0   0.0  0
       0.0         2.1         4.1         1.3
 121.23574    22.90562     1.716  193.00  43.00  0.1960E+12    3.65   1.33  -1  -1    36.97    18  4   0.0  0   0.0  0
      10.9         1.2         1.4         0.1
 121.22695    22.87056     1.716  193.00  43.00  0.1960E+12    3.62   1.33  -1  -1    30.08     7  4   0.0  0   0.0  0
       3.6         0.4         1.0         0.1
 121.21817    22.83550     1.716  193.00  43.00  0.1960E+12    3.85   1.33  -1  -1    35.76     1  4   0.0  0   0.0  0
       0.5         0.1         0.1         0.0
 121.20939    22.80044     1.716  193.00  43.00  0.1960E+12    3.86   1.33  -1  -1    18.92     1  4   0.0  0   0.0  0
       0.4         0.1         0.1         0.1
 121.20061    22.76538     1.716  193.00  43.00  0.1960E+12    5.65   1.33  -1  -1   -11.30     1  4   0.0  0   0.0  0
       0.1         0.1         0.0         0.2
 121.19182    22.73032     1.716  193.00  43.00  0.1960E+12    4.43   1.33  -1  -1   -35.00     0  4   0.0  0   0.0  0
       0.0         0.0         0.0         0.0
 121.18304    22.69526     1.716  193.00  43.00  0.1960E+12    5.36   1.33  -1  -1   -35.00     0  4   0.0  0   0.0  0
       0.0         0.0         0.0         0.0
