2.0
#
# http://equake-rc.info/static/paper/SRF-Description-Graves_2.0.pdf
# RECTANGULAR fault MODEL
#
# All subfaults are   6.0 km long along strike and
#  11.0 km wide along dip
#
# Model length along strike is   54.0 km
#
# Model width along dip is   55.0 km
#
# Corners of the rectangular dislocation model (lat, lon):
#    -47.297   165.035 : corner 1
#    -46.864   165.354 : corner 2
#    -47.059   165.926 : corner 3
#    -47.492   165.607 : corner 4
#
#
# Number of elementary sliprate
# isoceles triangular functions
# per subfault:   4
#
# Half duration of elementary sliprate
# isoceles triangular functions (s):   1.67
# Triangles are overlapping each other by half
#
# slip rate unit: cm/s
#
#
# Seismic moment is converted into slip
# using a single constant value for the
# shear modulus mu of  0.250E+12 dyne/cm2
# assumed to be constant and characteristic
# of the fault shear zone
#
#
#
# "rake" (degrees) is the slip angle (Aki"s convention,
# e.g. rake=+45 means left-lateral-reverse movement.
#
#
# ************************************************
# Total seismic moment M0=  0.222E+26 dyne.cm
# ************************************************
#
#
PLANE 1
 165.19450   -47.08050    9    5    54.000    55.000
 26.59  28.14     2.843     0.000    38.497
POINTS   45
 165.59509   -47.21680    21.000   26.59  28.14  0.6600E+12    0.00   1.67  -1  -1   177.21    20  4   0.0  0   0.0  0
      11.2         0.1         0.1         0.6
 165.60324   -47.39994    26.188   26.59  28.14  0.6600E+12    6.03   1.67  -1  -1    94.06     0  4   0.0  0   0.0  0
       0.0         0.0         0.0         0.0
 165.63867   -47.35186    26.188   26.59  28.14  0.6600E+12    4.65   1.67  -1  -1    94.06     0  4   0.0  0   0.0  0
       0.0         0.0         0.0         0.0
 165.67409   -47.30378    26.188   26.59  28.14  0.6600E+12    6.19   1.67  -1  -1    94.25     1  4   0.0  0   0.0  0
       0.1         0.1         0.4         0.2
 165.70952   -47.25570    26.188   26.59  28.14  0.6600E+12    7.12   1.67  -1  -1   112.30    13  4   0.0  0   0.0  0
       0.7         0.3         4.2         2.5
 165.74495   -47.20763    26.188   26.59  28.14  0.6600E+12    7.31   1.67  -1  -1    96.25    17  4   0.0  0   0.0  0
       0.1         0.1         0.4         9.4
 165.78038   -47.15955    26.188   26.59  28.14  0.6600E+12    7.02   1.67  -1  -1  -176.33     3  4   0.0  0   0.0  0
       0.6         0.2         0.8         0.1
 165.81581   -47.11147    26.188   26.59  28.14  0.6600E+12    7.60   1.67  -1  -1  -177.07     2  4   0.0  0   0.0  0
       0.1         0.0         0.7         0.1
 165.85124   -47.06339    26.188   26.59  28.14  0.6600E+12    7.89   1.67  -1  -1  -176.02    11  4   0.0  0   0.0  0
       4.6         0.1         0.7         1.6
 165.45337   -47.40911    21.000   26.59  28.14  0.6600E+12    6.86   1.67  -1  -1    94.06     0  4   0.0  0   0.0  0
       0.0         0.0         0.0         0.0
 165.48880   -47.36103    21.000   26.59  28.14  0.6600E+12    5.14   1.67  -1  -1    94.06     0  4   0.0  0   0.0  0
       0.0         0.0         0.0         0.0
 165.52423   -47.31296    21.000   26.59  28.14  0.6600E+12    3.43   1.67  -1  -1    94.06     0  4   0.0  0   0.0  0
       0.0         0.0         0.0         0.0
 165.55966   -47.26488    21.000   26.59  28.14  0.6600E+12    3.38   1.67  -1  -1   112.02     1  4   0.0  0   0.0  0
       0.1         0.1         0.1         0.1
 165.56781   -47.44801    26.188   26.59  28.14  0.6600E+12    7.54   1.67  -1  -1    94.06     0  4   0.0  0   0.0  0
       0.0         0.0         0.0         0.0
 165.63052   -47.16872    21.000   26.59  28.14  0.6600E+12    1.72   1.67  -1  -1   175.35    18  4   0.0  0   0.0  0
      10.5         0.1         0.1         0.1
 165.66595   -47.12064    21.000   26.59  28.14  0.6600E+12    3.45   1.67  -1  -1   161.39     5  4   0.0  0   0.0  0
       3.0         0.1         0.1         0.1
 165.70139   -47.07257    21.000   26.59  28.14  0.6600E+12    5.54   1.67  -1  -1   135.64    10  4   0.0  0   0.0  0
       5.4         0.1         0.1         0.7
 165.73682   -47.02449    21.000   26.59  28.14  0.6600E+12    6.91   1.67  -1  -1  -176.42     8  4   0.0  0   0.0  0
       3.6         0.0         0.1         1.2
 165.33894   -47.37021    15.812   26.59  28.14  0.6600E+12    7.54   1.67  -1  -1    94.06     0  4   0.0  0   0.0  0
       0.0         0.0         0.0         0.0
 165.37437   -47.32213    15.812   26.59  28.14  0.6600E+12    6.03   1.67  -1  -1    94.06     0  4   0.0  0   0.0  0
       0.0         0.0         0.0         0.0
 165.40981   -47.27405    15.812   26.59  28.14  0.6600E+12    4.65   1.67  -1  -1    94.06     0  4   0.0  0   0.0  0
       0.0         0.0         0.0         0.0
 165.44524   -47.22598    15.812   26.59  28.14  0.6600E+12    7.79   1.67  -1  -1    95.25     1  4   0.0  0   0.0  0
       0.1         0.1         0.1         0.1
 165.48067   -47.17790    15.812   26.59  28.14  0.6600E+12    6.13   1.67  -1  -1   113.12     1  4   0.0  0   0.0  0
       0.1         0.1         0.1         0.1
 165.51610   -47.12982    15.812   26.59  28.14  0.6600E+12    6.16   1.67  -1  -1   152.08     1  4   0.0  0   0.0  0
       0.3         0.1         0.1         0.3
 165.55151   -47.08174    15.812   26.59  28.14  0.6600E+12    7.29   1.67  -1  -1  -176.76     0  4   0.0  0   0.0  0
       0.1         0.1         0.1         0.1
 165.58694   -47.03366    15.812   26.59  28.14  0.6600E+12    7.61   1.67  -1  -1   179.94     1  4   0.0  0   0.0  0
       0.1         0.1         0.1         0.3
 165.62238   -46.98559    15.812   26.59  28.14  0.6600E+12    7.91   1.67  -1  -1   147.91     3  4   0.0  0   0.0  0
       0.5         0.1         0.1         1.3
 165.22452   -47.33130    10.624   26.59  28.14  0.6600E+12    8.11   1.67  -1  -1    94.06     0  4   0.0  0   0.0  0
       0.0         0.0         0.0         0.0
 165.25995   -47.28323    10.624   26.59  28.14  0.6600E+12    8.11   1.67  -1  -1    94.06     0  4   0.0  0   0.0  0
       0.0         0.0         0.0         0.0
 165.29538   -47.23515    10.624   26.59  28.14  0.6600E+12    7.16   1.67  -1  -1    94.06     0  4   0.0  0   0.0  0
       0.0         0.0         0.0         0.0
 165.33080   -47.18707    10.624   26.59  28.14  0.6600E+12    7.83   1.67  -1  -1   112.81     1  4   0.0  0   0.0  0
       0.1         0.1         0.1         0.1
 165.36623   -47.13899    10.624   26.59  28.14  0.6600E+12    7.85   1.67  -1  -1   107.00     0  4   0.0  0   0.0  0
       0.1         0.1         0.1         0.1
 165.40166   -47.09092    10.624   26.59  28.14  0.6600E+12    6.77   1.67  -1  -1   127.57     0  4   0.0  0   0.0  0
       0.1         0.1         0.1         0.1
 165.43709   -47.04284    10.624   26.59  28.14  0.6600E+12    7.48   1.67  -1  -1   152.04     0  4   0.0  0   0.0  0
       0.1         0.1         0.1         0.1
 165.47252   -46.99476    10.624   26.59  28.14  0.6600E+12    8.11   1.67  -1  -1   168.90     1  4   0.0  0   0.0  0
       0.1         0.1         0.2         0.1
 165.50795   -46.94668    10.624   26.59  28.14  0.6600E+12    8.11   1.67  -1  -1  -176.10     7  4   0.0  0   0.0  0
       0.1         0.1         0.1         3.9
 165.11008   -47.29240     5.437   26.59  28.14  0.6600E+12    8.11   1.67  -1  -1    94.06     0  4   0.0  0   0.0  0
       0.0         0.0         0.0         0.0
 165.14551   -47.24432     5.437   26.59  28.14  0.6600E+12    8.11   1.67  -1  -1    94.06     0  4   0.0  0   0.0  0
       0.0         0.0         0.0         0.0
 165.18094   -47.19624     5.437   26.59  28.14  0.6600E+12    8.11   1.67  -1  -1    94.06     0  4   0.0  0   0.0  0
       0.0         0.0         0.0         0.0
 165.21637   -47.14817     5.437   26.59  28.14  0.6600E+12    8.11   1.67  -1  -1    94.16     5  4   0.0  0   0.0  0
       0.1         0.1         0.1         2.5
 165.25180   -47.10009     5.437   26.59  28.14  0.6600E+12    8.11   1.67  -1  -1   168.67     2  4   0.0  0   0.0  0
       0.1         1.0         0.1         0.1
 165.28723   -47.05201     5.437   26.59  28.14  0.6600E+12    8.11   1.67  -1  -1   162.58     0  4   0.0  0   0.0  0
       0.1         0.1         0.1         0.1
 165.32266   -47.00393     5.437   26.59  28.14  0.6600E+12    8.11   1.67  -1  -1   163.93     1  4   0.0  0   0.0  0
       0.1         0.1         0.1         0.5
 165.35809   -46.95586     5.437   26.59  28.14  0.6600E+12    8.11   1.67  -1  -1  -178.02     0  4   0.0  0   0.0  0
       0.1         0.1         0.1         0.1
 165.39352   -46.90778     5.437   26.59  28.14  0.6600E+12    8.11   1.67  -1  -1  -176.39     1  4   0.0  0   0.0  0
       0.1         0.1         0.2         0.1
