2.0
#
# http://equake-rc.info/static/paper/SRF-Description-Graves_2.0.pdf
# RECTANGULAR fault MODEL
#
# All subfaults are   4.0 km long along strike and
#   7.0 km wide along dip
#
# Model length along strike is   36.0 km
#
# Model width along dip is   35.0 km
#
# Corners of the rectangular dislocation model (lat, lon):
#     13.219   -90.473 : corner 1
#     13.077   -90.175 : corner 2
#     12.932   -90.248 : corner 3
#     13.073   -90.546 : corner 4
#
#
# Number of elementary sliprate
# isoceles triangular functions
# per subfault:   4
#
# Half duration of elementary sliprate
# isoceles triangular functions (s):   1.33
# Triangles are overlapping each other by half
#
# slip rate unit: cm/s
#
#
# Seismic moment is converted into slip
# using a single constant value for the
# shear modulus mu of  0.250E+12 dyne/cm2
# assumed to be constant and characteristic
# of the fault shear zone
#
#
#
# "rake" (degrees) is the slip angle (Aki"s convention,
# e.g. rake=+45 means left-lateral-reverse movement.
#
#
# ************************************************
# Total seismic moment M0=  0.595E+25 dyne.cm
# ************************************************
#
#
PLANE 1
 -90.32401    13.14800    9    5    36.000    35.000
116.00  59.00    11.000     0.000    17.499
POINTS   45
 -90.36050    13.07530    26.000  116.00  59.00  0.2800E+12    0.00   1.33  -1  -1    73.81    18  4   0.0  0   0.0  0
      13.4         0.0         0.1         0.1
 -90.48922    13.06433    38.000  116.00  59.00  0.2800E+12    5.27   1.33  -1  -1    42.00     0  4   0.0  0   0.0  0
       0.0         0.0         0.0         0.0
 -90.45603    13.04856    38.000  116.00  59.00  0.2800E+12    5.09   1.33  -1  -1    44.31     0  4   0.0  0   0.0  0
       0.1         0.0         0.0         0.0
 -90.42285    13.03280    38.000  116.00  59.00  0.2800E+12    4.28   1.33  -1  -1    42.22     3  4   0.0  0   0.0  0
       2.1         0.1         0.1         0.0
 -90.38967    13.01704    38.000  116.00  59.00  0.2800E+12    4.05   1.33  -1  -1    57.62    11  4   0.0  0   0.0  0
       7.8         0.1         0.0         0.0
 -90.35649    13.00127    38.000  116.00  59.00  0.2800E+12    4.28   1.33  -1  -1    42.75     8  4   0.0  0   0.0  0
       5.9         0.0         0.0         0.0
 -90.32330    12.98551    38.000  116.00  59.00  0.2800E+12    5.32   1.33  -1  -1    62.52     0  4   0.0  0   0.0  0
       0.1         0.0         0.0         0.0
 -90.29012    12.96974    38.000  116.00  59.00  0.2800E+12    5.37   1.33  -1  -1    76.48     0  4   0.0  0   0.0  0
       0.1         0.1         0.1         0.1
 -90.25694    12.95398    38.000  116.00  59.00  0.2800E+12    5.67   1.33  -1  -1    42.00     0  4   0.0  0   0.0  0
       0.0         0.0         0.0         0.0
 -90.50781    13.10923    32.000  116.00  59.00  0.2800E+12    5.11   1.33  -1  -1    61.67     0  4   0.0  0   0.0  0
       0.1         0.0         0.0         0.0
 -90.47463    13.09346    32.000  116.00  59.00  0.2800E+12    3.97   1.33  -1  -1    42.00     0  4   0.0  0   0.0  0
       0.0         0.0         0.0         0.0
 -90.44144    13.07770    32.000  116.00  59.00  0.2800E+12    3.12   1.33  -1  -1    45.03     0  4   0.0  0   0.0  0
       0.1         0.1         0.0         0.0
 -90.40826    13.06193    32.000  116.00  59.00  0.2800E+12    2.43   1.33  -1  -1    62.53     3  4   0.0  0   0.0  0
       0.8         1.1         0.1         0.0
 -90.37508    13.04617    32.000  116.00  59.00  0.2800E+12    2.05   1.33  -1  -1    84.96     3  4   0.0  0   0.0  0
       0.5         1.3         0.1         0.1
 -90.34190    13.03040    32.000  116.00  59.00  0.2800E+12    2.80   1.33  -1  -1   105.46     6  4   0.0  0   0.0  0
       3.0         1.5         0.1         0.1
 -90.30872    13.01464    32.000  116.00  59.00  0.2800E+12    3.12   1.33  -1  -1   102.24     3  4   0.0  0   0.0  0
       2.3         0.1         0.1         0.1
 -90.27554    12.99887    32.000  116.00  59.00  0.2800E+12    4.14   1.33  -1  -1   108.45     3  4   0.0  0   0.0  0
       2.0         0.1         0.1         0.0
 -90.24236    12.98311    32.000  116.00  59.00  0.2800E+12    4.99   1.33  -1  -1    42.00     0  4   0.0  0   0.0  0
       0.0         0.0         0.0         0.0
 -90.49323    13.13836    26.000  116.00  59.00  0.2800E+12    4.61   1.33  -1  -1    93.12     0  4   0.0  0   0.0  0
       0.1         0.0         0.0         0.0
 -90.46004    13.12259    26.000  116.00  59.00  0.2800E+12    3.43   1.33  -1  -1    42.00     0  4   0.0  0   0.0  0
       0.0         0.0         0.0         0.0
 -90.42686    13.10683    26.000  116.00  59.00  0.2800E+12    2.45   1.33  -1  -1    58.20     0  4   0.0  0   0.0  0
       0.0         0.1         0.0         0.0
 -90.39368    13.09106    26.000  116.00  59.00  0.2800E+12    1.20   1.33  -1  -1   109.41     1  4   0.0  0   0.0  0
       0.2         0.0         0.0         0.1
 -90.52240    13.08009    38.000  116.00  59.00  0.2800E+12    5.67   1.33  -1  -1    95.26     0  4   0.0  0   0.0  0
       0.1         0.1         0.0         0.0
 -90.32732    13.05954    26.000  116.00  59.00  0.2800E+12    1.15   1.33  -1  -1    90.43     0  4   0.0  0   0.0  0
       0.0         0.1         0.1         0.1
 -90.29413    13.04377    26.000  116.00  59.00  0.2800E+12    3.86   1.33  -1  -1   119.22     0  4   0.0  0   0.0  0
       0.1         0.1         0.1         0.1
 -90.26095    13.02801    26.000  116.00  59.00  0.2800E+12    4.17   1.33  -1  -1   105.97     0  4   0.0  0   0.0  0
       0.1         0.1         0.1         0.1
 -90.22777    13.01224    26.000  116.00  59.00  0.2800E+12    4.57   1.33  -1  -1    42.00     0  4   0.0  0   0.0  0
       0.0         0.0         0.0         0.0
 -90.47864    13.16749    20.000  116.00  59.00  0.2800E+12    5.56   1.33  -1  -1   116.92     0  4   0.0  0   0.0  0
       0.0         0.0         0.1         0.0
 -90.44546    13.15173    20.000  116.00  59.00  0.2800E+12    3.97   1.33  -1  -1    42.00     0  4   0.0  0   0.0  0
       0.0         0.0         0.0         0.0
 -90.41228    13.13596    20.000  116.00  59.00  0.2800E+12    4.94   1.33  -1  -1   100.17     1  4   0.0  0   0.0  0
       0.1         0.0         0.0         0.3
 -90.37909    13.12020    20.000  116.00  59.00  0.2800E+12    3.69   1.33  -1  -1    96.32     0  4   0.0  0   0.0  0
       0.1         0.1         0.1         0.1
 -90.34591    13.10443    20.000  116.00  59.00  0.2800E+12    5.52   1.33  -1  -1   115.61     2  4   0.0  0   0.0  0
       0.5         0.1         1.0         0.2
 -90.31273    13.08867    20.000  116.00  59.00  0.2800E+12    5.03   1.33  -1  -1   130.89     4  4   0.0  0   0.0  0
       0.0         0.0         1.4         1.6
 -90.27955    13.07290    20.000  116.00  59.00  0.2800E+12    5.45   1.33  -1  -1   131.78     5  4   0.0  0   0.0  0
       0.0         0.0         1.3         2.3
 -90.24636    13.05714    20.000  116.00  59.00  0.2800E+12    5.16   1.33  -1  -1   125.04     5  4   0.0  0   0.0  0
       0.0         0.1         0.0         3.8
 -90.21318    13.04137    20.000  116.00  59.00  0.2800E+12    4.99   1.33  -1  -1    42.00     0  4   0.0  0   0.0  0
       0.0         0.0         0.0         0.0
 -90.46405    13.19662    14.000  116.00  59.00  0.2800E+12    5.67   1.33  -1  -1   121.10     0  4   0.0  0   0.0  0
       0.0         0.0         0.1         0.1
 -90.43087    13.18086    14.000  116.00  59.00  0.2800E+12    5.27   1.33  -1  -1    42.00     0  4   0.0  0   0.0  0
       0.0         0.0         0.0         0.0
 -90.39769    13.16509    14.000  116.00  59.00  0.2800E+12    5.02   1.33  -1  -1   107.22     1  4   0.0  0   0.0  0
       0.1         0.0         0.1         0.3
 -90.36450    13.14933    14.000  116.00  59.00  0.2800E+12    5.02   1.33  -1  -1   131.49     2  4   0.0  0   0.0  0
       0.0         0.0         0.1         1.3
 -90.33132    13.13356    14.000  116.00  59.00  0.2800E+12    5.03   1.33  -1  -1   113.35     2  4   0.0  0   0.0  0
       0.0         0.0         0.1         1.0
 -90.29814    13.11780    14.000  116.00  59.00  0.2800E+12    5.02   1.33  -1  -1   129.77     1  4   0.0  0   0.0  0
       0.0         0.1         0.0         0.3
 -90.26496    13.10204    14.000  116.00  59.00  0.2800E+12    4.99   1.33  -1  -1   129.42     0  4   0.0  0   0.0  0
       0.1         0.0         0.1         0.1
 -90.23177    13.08627    14.000  116.00  59.00  0.2800E+12    5.35   1.33  -1  -1   130.87     0  4   0.0  0   0.0  0
       0.0         0.0         0.1         0.1
 -90.19859    13.07051    14.000  116.00  59.00  0.2800E+12    5.67   1.33  -1  -1    42.00     0  4   0.0  0   0.0  0
       0.0         0.0         0.0         0.0
