2.0
#
# http://equake-rc.info/static/paper/SRF-Description-Graves_2.0.pdf
# RECTANGULAR fault MODEL
#
# All subfaults are   4.0 km long along strike and
#   7.0 km wide along dip
#
# Model length along strike is   36.0 km
#
# Model width along dip is   35.0 km
#
# Corners of the rectangular dislocation model (lat, lon):
#     12.830   -90.321 : corner 1
#     13.000   -90.604 : corner 2
#     13.229   -90.458 : corner 3
#     13.059   -90.176 : corner 4
#
#
# Number of elementary sliprate
# isoceles triangular functions
# per subfault:   4
#
# Half duration of elementary sliprate
# isoceles triangular functions (s):   1.33
# Triangles are overlapping each other by half
#
# slip rate unit: cm/s
#
#
# Seismic moment is converted into slip
# using a single constant value for the
# shear modulus mu of  0.250E+12 dyne/cm2
# assumed to be constant and characteristic
# of the fault shear zone
#
#
#
# "rake" (degrees) is the slip angle (Aki"s convention,
# e.g. rake=+45 means left-lateral-reverse movement.
#
#
# ************************************************
# Total seismic moment M0=  0.942E+25 dyne.cm
# ************************************************
#
#
PLANE 1
 -90.46249    12.91500    9    5    36.000    35.000
301.81  31.13     1.334     0.000    24.499
POINTS   45
 -90.36050    13.07530    14.000  301.81  31.13  0.2800E+12    0.00   1.33  -1  -1   121.21     4  4   0.0  0   0.0  0
       2.6         0.1         0.1         0.1
 -90.23723    13.06421    17.619  301.81  31.13  0.2800E+12    4.75   1.33  -1  -1    76.53     5  4   0.0  0   0.0  0
       3.0         0.4         0.2         0.3
 -90.26860    13.08317    17.619  301.81  31.13  0.2800E+12    3.17   1.33  -1  -1    85.35     6  4   0.0  0   0.0  0
       2.7         0.1         0.4         1.2
 -90.29997    13.10212    17.619  301.81  31.13  0.2800E+12    2.36   1.33  -1  -1    97.09     6  4   0.0  0   0.0  0
       2.7         0.0         0.8         0.8
 -90.33134    13.12108    17.619  301.81  31.13  0.2800E+12    2.11   1.33  -1  -1    92.43     8  4   0.0  0   0.0  0
       4.4         0.1         0.1         1.4
 -90.36272    13.14003    17.619  301.81  31.13  0.2800E+12    2.34   1.33  -1  -1   104.90     6  4   0.0  0   0.0  0
       3.1         0.1         0.4         0.8
 -90.39409    13.15899    17.619  301.81  31.13  0.2800E+12    5.60   1.33  -1  -1   102.31     1  4   0.0  0   0.0  0
       0.1         0.1         0.1         0.6
 -90.42547    13.17795    17.619  301.81  31.13  0.2800E+12    4.29   1.33  -1  -1   131.22     0  4   0.0  0   0.0  0
       0.2         0.0         0.0         0.1
 -90.45684    13.19690    17.619  301.81  31.13  0.2800E+12    4.99   1.33  -1  -1    49.98     0  4   0.0  0   0.0  0
       0.0         0.0         0.0         0.0
 -90.23500    12.99948    14.000  301.81  31.13  0.2800E+12    5.09   1.33  -1  -1    54.43     6  4   0.0  0   0.0  0
       0.6         0.1         0.2         3.4
 -90.26637    13.01843    14.000  301.81  31.13  0.2800E+12    5.56   1.33  -1  -1    85.77     8  4   0.0  0   0.0  0
       0.4         0.3         0.6         4.5
 -90.29775    13.03739    14.000  301.81  31.13  0.2800E+12    5.67   1.33  -1  -1    89.93     8  4   0.0  0   0.0  0
       0.6         0.1         1.4         3.7
 -90.32912    13.05634    14.000  301.81  31.13  0.2800E+12    3.81   1.33  -1  -1    78.31     2  4   0.0  0   0.0  0
       0.1         0.1         0.2         1.5
 -90.20585    13.04526    17.619  301.81  31.13  0.2800E+12    5.17   1.33  -1  -1    83.85     2  4   0.0  0   0.0  0
       1.5         0.1         0.0         0.0
 -90.39187    13.09426    14.000  301.81  31.13  0.2800E+12    3.96   1.33  -1  -1   113.46     2  4   0.0  0   0.0  0
       0.4         0.1         0.1         1.2
 -90.42324    13.11321    14.000  301.81  31.13  0.2800E+12    5.67   1.33  -1  -1   139.85    10  4   0.0  0   0.0  0
       0.1         0.0         1.2         6.4
 -90.45462    13.13217    14.000  301.81  31.13  0.2800E+12    5.49   1.33  -1  -1   136.58     3  4   0.0  0   0.0  0
       0.1         0.1         0.2         2.0
 -90.48599    13.15112    14.000  301.81  31.13  0.2800E+12    4.57   1.33  -1  -1    49.98     0  4   0.0  0   0.0  0
       0.0         0.0         0.0         0.0
 -90.26415    12.95370    10.381  301.81  31.13  0.2800E+12    5.26   1.33  -1  -1    62.19     1  4   0.0  0   0.0  0
       0.2         0.1         0.1         0.2
 -90.29552    12.97266    10.381  301.81  31.13  0.2800E+12    4.75   1.33  -1  -1    52.02     4  4   0.0  0   0.0  0
       1.8         0.1         0.1         1.2
 -90.32690    12.99161    10.381  301.81  31.13  0.2800E+12    5.20   1.33  -1  -1    56.99     7  4   0.0  0   0.0  0
       3.1         0.1         0.9         1.0
 -90.35828    13.01057    10.381  301.81  31.13  0.2800E+12    3.22   1.33  -1  -1    90.94     5  4   0.0  0   0.0  0
       3.3         0.1         0.1         0.3
 -90.38965    13.02952    10.381  301.81  31.13  0.2800E+12    5.44   1.33  -1  -1   123.59     5  4   0.0  0   0.0  0
       2.4         0.4         0.5         0.3
 -90.42102    13.04848    10.381  301.81  31.13  0.2800E+12    2.79   1.33  -1  -1   135.00    11  4   0.0  0   0.0  0
       7.3         0.2         0.3         0.3
 -90.45239    13.06743    10.381  301.81  31.13  0.2800E+12    3.15   1.33  -1  -1   139.34     4  4   0.0  0   0.0  0
       2.3         0.1         0.5         0.4
 -90.48376    13.08639    10.381  301.81  31.13  0.2800E+12    4.01   1.33  -1  -1   139.77     3  4   0.0  0   0.0  0
       2.1         0.2         0.1         0.1
 -90.51514    13.10534    10.381  301.81  31.13  0.2800E+12    4.99   1.33  -1  -1    49.98     0  4   0.0  0   0.0  0
       0.0         0.0         0.0         0.0
 -90.29330    12.90792     6.762  301.81  31.13  0.2800E+12    5.67   1.33  -1  -1    51.42     0  4   0.0  0   0.0  0
       0.1         0.0         0.1         0.0
 -90.32468    12.92688     6.762  301.81  31.13  0.2800E+12    5.41   1.33  -1  -1    52.71     0  4   0.0  0   0.0  0
       0.1         0.0         0.0         0.1
 -90.35605    12.94583     6.762  301.81  31.13  0.2800E+12    5.43   1.33  -1  -1    54.64     0  4   0.0  0   0.0  0
       0.1         0.1         0.1         0.0
 -90.38743    12.96479     6.762  301.81  31.13  0.2800E+12    5.40   1.33  -1  -1   101.72     0  4   0.0  0   0.0  0
       0.0         0.1         0.1         0.0
 -90.41880    12.98374     6.762  301.81  31.13  0.2800E+12    5.39   1.33  -1  -1   130.74     0  4   0.0  0   0.0  0
       0.1         0.1         0.1         0.0
 -90.45017    13.00270     6.762  301.81  31.13  0.2800E+12    5.41   1.33  -1  -1   137.03     1  4   0.0  0   0.0  0
       0.2         0.4         0.1         0.1
 -90.48154    13.02165     6.762  301.81  31.13  0.2800E+12    5.41   1.33  -1  -1   138.73     1  4   0.0  0   0.0  0
       0.4         0.4         0.3         0.0
 -90.51292    13.04061     6.762  301.81  31.13  0.2800E+12    5.45   1.33  -1  -1   139.01     3  4   0.0  0   0.0  0
       1.3         0.7         0.1         0.1
 -90.54429    13.05957     6.762  301.81  31.13  0.2800E+12    5.67   1.33  -1  -1    49.98     0  4   0.0  0   0.0  0
       0.0         0.0         0.0         0.0
 -90.32246    12.86214     3.143  301.81  31.13  0.2800E+12    5.67   1.33  -1  -1    85.90     0  4   0.0  0   0.0  0
       0.0         0.1         0.0         0.1
 -90.35383    12.88110     3.143  301.81  31.13  0.2800E+12    5.67   1.33  -1  -1    51.24     0  4   0.0  0   0.0  0
       0.0         0.0         0.0         0.0
 -90.38520    12.90005     3.143  301.81  31.13  0.2800E+12    5.67   1.33  -1  -1    55.49     0  4   0.0  0   0.0  0
       0.0         0.0         0.0         0.1
 -90.41657    12.91901     3.143  301.81  31.13  0.2800E+12    5.67   1.33  -1  -1    54.14     0  4   0.0  0   0.0  0
       0.1         0.0         0.1         0.1
 -90.44795    12.93796     3.143  301.81  31.13  0.2800E+12    5.67   1.33  -1  -1    55.25     0  4   0.0  0   0.0  0
       0.1         0.1         0.0         0.2
 -90.47932    12.95692     3.143  301.81  31.13  0.2800E+12    5.67   1.33  -1  -1    51.13     0  4   0.0  0   0.0  0
       0.1         0.1         0.1         0.1
 -90.51070    12.97588     3.143  301.81  31.13  0.2800E+12    5.67   1.33  -1  -1    64.20     3  4   0.0  0   0.0  0
       0.1         0.0         0.1         2.2
 -90.54207    12.99483     3.143  301.81  31.13  0.2800E+12    5.67   1.33  -1  -1    67.52     5  4   0.0  0   0.0  0
       0.1         0.1         0.3         3.3
 -90.57344    13.01379     3.143  301.81  31.13  0.2800E+12    5.67   1.33  -1  -1    49.98     0  4   0.0  0   0.0  0
       0.0         0.0         0.0         0.0
