2.0
#
# http://equake-rc.info/static/paper/SRF-Description-Graves_2.0.pdf
# RECTANGULAR fault MODEL
#
# All subfaults are   5.0 km long along strike and
#   2.4 km wide along dip
#
# Model length along strike is   45.0 km
#
# Model width along dip is   12.0 km
#
# Corners of the rectangular dislocation model (lat, lon):
#     40.834    27.918 : corner 1
#     40.883    28.449 : corner 2
#     40.859    28.453 : corner 3
#     40.810    27.921 : corner 4
#
#
# Number of elementary sliprate
# isoceles triangular functions
# per subfault:   4
#
# Half duration of elementary sliprate
# isoceles triangular functions (s):   1.55
# Triangles are overlapping each other by half
#
# slip rate unit: cm/s
#
#
# Seismic moment is converted into slip
# using a single constant value for the
# shear modulus mu of  0.250E+12 dyne/cm2
# assumed to be constant and characteristic
# of the fault shear zone
#
#
#
# "rake" (degrees) is the slip angle (Aki"s convention,
# e.g. rake=+45 means left-lateral-reverse movement.
#
#
# ************************************************
# Total seismic moment M0=  0.229E+26 dyne.cm
# ************************************************
#
#
PLANE 1
  28.18350    40.85850    9    5    45.000    12.000
 83.00  77.00     0.216     0.000     8.399
POINTS   45
  28.18600    40.84180     8.400   83.00  77.00  0.1200E+12    0.00   1.55  -1  -1  -153.51    63  4   0.0  0   0.0  0
      38.7         1.8         0.1         0.1
  28.00959    40.82052    10.738   83.00  77.00  0.1200E+12    4.34   1.55  -1  -1   133.00     0  4   0.0  0   0.0  0
       0.0         0.0         0.0         0.0
  28.06866    40.82600    10.738   83.00  77.00  0.1200E+12    2.94   1.55  -1  -1   133.00     0  4   0.0  0   0.0  0
       0.0         0.0         0.0         0.0
  28.12772    40.83149    10.738   83.00  77.00  0.1200E+12    5.23   1.55  -1  -1  -151.10     7  4   0.0  0   0.0  0
       0.1         0.1         0.1         4.3
  28.18678    40.83698    10.738   83.00  77.00  0.1200E+12    0.71   1.55  -1  -1  -149.37    61  4   0.0  0   0.0  0
      38.7         0.2         0.1         0.1
  28.24585    40.84246    10.738   83.00  77.00  0.1200E+12    1.88   1.55  -1  -1   151.71    60  4   0.0  0   0.0  0
      37.5         0.1         0.7         0.1
  28.30491    40.84795    10.738   83.00  77.00  0.1200E+12    3.60   1.55  -1  -1   142.38    27  4   0.0  0   0.0  0
      15.8         0.2         1.5         0.1
  28.36398    40.85344    10.738   83.00  77.00  0.1200E+12    4.47   1.55  -1  -1   133.42    57  4   0.0  0   0.0  0
      35.9         0.2         0.5         0.2
  28.42304    40.85892    10.738   83.00  77.00  0.1200E+12    5.76   1.55  -1  -1   133.00     0  4   0.0  0   0.0  0
       0.0         0.0         0.0         0.0
  27.94975    40.81985     8.400   83.00  77.00  0.1200E+12    5.71   1.55  -1  -1   133.00     0  4   0.0  0   0.0  0
       0.0         0.0         0.0         0.0
  28.00881    40.82534     8.400   83.00  77.00  0.1200E+12    4.29   1.55  -1  -1   133.00     0  4   0.0  0   0.0  0
       0.0         0.0         0.0         0.0
  28.06787    40.83083     8.400   83.00  77.00  0.1200E+12    2.86   1.55  -1  -1   133.00     0  4   0.0  0   0.0  0
       0.0         0.0         0.0         0.0
  28.12694    40.83632     8.400   83.00  77.00  0.1200E+12    4.25   1.55  -1  -1  -151.45     9  4   0.0  0   0.0  0
       1.5         0.1         0.1         4.3
  27.95053    40.81503    10.738   83.00  77.00  0.1200E+12    5.76   1.55  -1  -1   133.00     0  4   0.0  0   0.0  0
       0.0         0.0         0.0         0.0
  28.24506    40.84729     8.400   83.00  77.00  0.1200E+12    1.44   1.55  -1  -1  -169.76    60  4   0.0  0   0.0  0
      32.4         2.1         4.1         0.1
  28.30413    40.85277     8.400   83.00  77.00  0.1200E+12    3.54   1.55  -1  -1   157.01    28  4   0.0  0   0.0  0
      16.8         0.7         0.4         0.1
  28.36319    40.85826     8.400   83.00  77.00  0.1200E+12    4.46   1.55  -1  -1   135.00    31  4   0.0  0   0.0  0
      18.7         0.1         0.8         0.1
  28.42225    40.86375     8.400   83.00  77.00  0.1200E+12    5.71   1.55  -1  -1   133.00     0  4   0.0  0   0.0  0
       0.0         0.0         0.0         0.0
  27.94896    40.82468     6.062   83.00  77.00  0.1200E+12    5.76   1.55  -1  -1   133.00     0  4   0.0  0   0.0  0
       0.0         0.0         0.0         0.0
  28.00803    40.83017     6.062   83.00  77.00  0.1200E+12    4.34   1.55  -1  -1   133.00     0  4   0.0  0   0.0  0
       0.0         0.0         0.0         0.0
  28.06709    40.83565     6.062   83.00  77.00  0.1200E+12    2.94   1.55  -1  -1   133.00     0  4   0.0  0   0.0  0
       0.0         0.0         0.0         0.0
  28.12615    40.84114     6.062   83.00  77.00  0.1200E+12    5.29   1.55  -1  -1  -150.96    17  4   0.0  0   0.0  0
       2.2         0.1         0.6         8.3
  28.18522    40.84663     6.062   83.00  77.00  0.1200E+12    0.75   1.55  -1  -1  -158.39    58  4   0.0  0   0.0  0
      36.7         0.7         0.1         0.1
  28.24428    40.85211     6.062   83.00  77.00  0.1200E+12    2.25   1.55  -1  -1  -144.49    45  4   0.0  0   0.0  0
      16.9        11.9         0.4         0.1
  28.30334    40.85760     6.062   83.00  77.00  0.1200E+12    4.95   1.55  -1  -1   165.38    13  4   0.0  0   0.0  0
       3.1         5.2         0.3         0.1
  28.36241    40.86308     6.062   83.00  77.00  0.1200E+12    5.52   1.55  -1  -1   141.50    14  4   0.0  0   0.0  0
       0.2         3.1         6.0         0.1
  28.42147    40.86857     6.062   83.00  77.00  0.1200E+12    5.76   1.55  -1  -1   133.00     0  4   0.0  0   0.0  0
       0.0         0.0         0.0         0.0
  27.94818    40.82951     3.723   83.00  77.00  0.1200E+12    5.88   1.55  -1  -1   133.00     0  4   0.0  0   0.0  0
       0.0         0.0         0.0         0.0
  28.00724    40.83499     3.723   83.00  77.00  0.1200E+12    4.50   1.55  -1  -1   133.00     0  4   0.0  0   0.0  0
       0.0         0.0         0.0         0.0
  28.06631    40.84048     3.723   83.00  77.00  0.1200E+12    3.17   1.55  -1  -1   133.00     0  4   0.0  0   0.0  0
       0.0         0.0         0.0         0.0
  28.12537    40.84596     3.723   83.00  77.00  0.1200E+12    2.50   1.55  -1  -1  -170.65     1  4   0.0  0   0.0  0
       0.2         0.1         0.1         0.1
  28.18443    40.85145     3.723   83.00  77.00  0.1200E+12    2.12   1.55  -1  -1   156.27    46  4   0.0  0   0.0  0
      29.1         0.5         0.1         0.1
  28.24350    40.85694     3.723   83.00  77.00  0.1200E+12    2.11   1.55  -1  -1  -163.85    31  4   0.0  0   0.0  0
      16.3         3.4         0.2         0.1
  28.30256    40.86242     3.723   83.00  77.00  0.1200E+12    3.76   1.55  -1  -1  -167.96    10  4   0.0  0   0.0  0
       0.2         4.6         0.4         1.4
  28.36163    40.86791     3.723   83.00  77.00  0.1200E+12    5.70   1.55  -1  -1   154.59     1  4   0.0  0   0.0  0
       0.1         0.2         0.2         0.1
  28.42069    40.87339     3.723   83.00  77.00  0.1200E+12    5.88   1.55  -1  -1   133.00     0  4   0.0  0   0.0  0
       0.0         0.0         0.0         0.0
  27.94740    40.83433     1.385   83.00  77.00  0.1200E+12    6.07   1.55  -1  -1   133.00     0  4   0.0  0   0.0  0
       0.0         0.0         0.0         0.0
  28.00646    40.83982     1.385   83.00  77.00  0.1200E+12    4.75   1.55  -1  -1   133.00     0  4   0.0  0   0.0  0
       0.0         0.0         0.0         0.0
  28.06553    40.84530     1.385   83.00  77.00  0.1200E+12    3.52   1.55  -1  -1   133.00     0  4   0.0  0   0.0  0
       0.0         0.0         0.0         0.0
  28.12459    40.85079     1.385   83.00  77.00  0.1200E+12    6.87   1.55  -1  -1   173.25     1  4   0.0  0   0.0  0
       0.1         0.1         0.3         0.1
  28.18365    40.85627     1.385   83.00  77.00  0.1200E+12    6.87   1.55  -1  -1  -172.25    28  4   0.0  0   0.0  0
       0.1         0.1         0.1        17.7
  28.24272    40.86176     1.385   83.00  77.00  0.1200E+12    2.90   1.55  -1  -1   153.80    42  4   0.0  0   0.0  0
      26.4         0.3         0.1         0.1
  28.30178    40.86725     1.385   83.00  77.00  0.1200E+12    3.55   1.55  -1  -1   151.77    33  4   0.0  0   0.0  0
      20.9         0.1         0.1         0.1
  28.36084    40.87273     1.385   83.00  77.00  0.1200E+12    4.82   1.55  -1  -1   179.65    22  4   0.0  0   0.0  0
      13.7         0.1         0.1         0.1
  28.41991    40.87822     1.385   83.00  77.00  0.1200E+12    6.07   1.55  -1  -1   133.00     0  4   0.0  0   0.0  0
       0.0         0.0         0.0         0.0
