2.0
#
# http://equake-rc.info/static/paper/SRF-Description-Graves_2.0.pdf
# RECTANGULAR fault MODEL
#
# All subfaults are   5.0 km long along strike and
#   3.3 km wide along dip
#
# Model length along strike is   45.0 km
#
# Model width along dip is   16.5 km
#
# Corners of the rectangular dislocation model (lat, lon):
#     41.043    28.159 : corner 1
#     40.641    28.220 : corner 2
#     40.640    28.213 : corner 3
#     41.043    28.152 : corner 4
#
#
# Number of elementary sliprate
# isoceles triangular functions
# per subfault:   4
#
# Half duration of elementary sliprate
# isoceles triangular functions (s):   1.55
# Triangles are overlapping each other by half
#
# slip rate unit: cm/s
#
#
# Seismic moment is converted into slip
# using a single constant value for the
# shear modulus mu of  0.250E+12 dyne/cm2
# assumed to be constant and characteristic
# of the fault shear zone
#
#
#
# "rake" (degrees) is the slip angle (Aki"s convention,
# e.g. rake=+45 means left-lateral-reverse movement.
#
#
# ************************************************
# Total seismic moment M0=  0.194E+26 dyne.cm
# ************************************************
#
#
PLANE 1
  28.18950    40.84200    9    5    45.000    16.500
173.45  88.05     0.155     0.000     8.250
POINTS   45
  28.18600    40.84180     8.400  173.45  88.05  0.1650E+12    0.00   1.55  -1  -1     1.12    61  4   0.0  0   0.0  0
      38.7         0.1         0.1         0.1
  28.16298    40.97574    14.996  173.45  88.05  0.1650E+12    4.68   1.55  -1  -1   -31.99     0  4   0.0  0   0.0  0
       0.0         0.0         0.0         0.0
  28.16977    40.93102    14.996  173.45  88.05  0.1650E+12    5.93   1.55  -1  -1    57.91    26  4   0.0  0   0.0  0
       3.4         3.6         9.3         0.2
  28.17656    40.88630    14.996  173.45  88.05  0.1650E+12    3.75   1.55  -1  -1    56.53    22  4   0.0  0   0.0  0
      13.6         0.1         0.5         0.2
  28.18335    40.84157    14.996  173.45  88.05  0.1650E+12    3.15   1.55  -1  -1    50.91     8  4   0.0  0   0.0  0
       0.9         4.1         0.1         0.1
  28.19014    40.79684    14.996  173.45  88.05  0.1650E+12    6.71   1.55  -1  -1    41.88     5  4   0.0  0   0.0  0
       0.5         0.1         0.1         2.8
  28.19692    40.75212    14.996  173.45  88.05  0.1650E+12    6.43   1.55  -1  -1    -5.07     1  4   0.0  0   0.0  0
       0.1         0.1         0.2         0.3
  28.20371    40.70740    14.996  173.45  88.05  0.1650E+12    4.68   1.55  -1  -1   -31.99     0  4   0.0  0   0.0  0
       0.0         0.0         0.0         0.0
  28.21050    40.66267    14.996  173.45  88.05  0.1650E+12    6.02   1.55  -1  -1   -31.99     0  4   0.0  0   0.0  0
       0.0         0.0         0.0         0.0
  28.15752    41.02058    11.698  173.45  88.05  0.1650E+12    5.79   1.55  -1  -1   -31.99     0  4   0.0  0   0.0  0
       0.0         0.0         0.0         0.0
  28.16431    40.97586    11.698  173.45  88.05  0.1650E+12    4.39   1.55  -1  -1   -31.99     0  4   0.0  0   0.0  0
       0.0         0.0         0.0         0.0
  28.17110    40.93113    11.698  173.45  88.05  0.1650E+12    5.98   1.55  -1  -1    56.99    10  4   0.0  0   0.0  0
       0.3         0.7         3.2         2.2
  28.17789    40.88641    11.698  173.45  88.05  0.1650E+12    1.85   1.55  -1  -1    50.27    19  4   0.0  0   0.0  0
      10.7         0.1         0.1         1.5
  28.18467    40.84169    11.698  173.45  88.05  0.1650E+12    0.94   1.55  -1  -1     9.49    52  4   0.0  0   0.0  0
      33.3         0.1         0.1         0.1
  28.19146    40.79696    11.698  173.45  88.05  0.1650E+12    1.72   1.55  -1  -1    32.15    16  4   0.0  0   0.0  0
       8.6         0.1         0.1         1.3
  28.19825    40.75224    11.698  173.45  88.05  0.1650E+12    6.70   1.55  -1  -1    52.84     9  4   0.0  0   0.0  0
       0.1         0.1         1.4         4.2
  28.20504    40.70751    11.698  173.45  88.05  0.1650E+12    4.39   1.55  -1  -1   -31.99     0  4   0.0  0   0.0  0
       0.0         0.0         0.0         0.0
  28.21183    40.66279    11.698  173.45  88.05  0.1650E+12    5.79   1.55  -1  -1   -31.99     0  4   0.0  0   0.0  0
       0.0         0.0         0.0         0.0
  28.15885    41.02070     8.400  173.45  88.05  0.1650E+12    5.71   1.55  -1  -1   -31.99     0  4   0.0  0   0.0  0
       0.0         0.0         0.0         0.0
  28.16564    40.97598     8.400  173.45  88.05  0.1650E+12    4.29   1.55  -1  -1   -31.99     0  4   0.0  0   0.0  0
       0.0         0.0         0.0         0.0
  28.17242    40.93125     8.400  173.45  88.05  0.1650E+12    5.98   1.55  -1  -1    57.73    11  4   0.0  0   0.0  0
       0.3         0.1         2.6         4.2
  28.17921    40.88652     8.400  173.45  88.05  0.1650E+12    1.88   1.55  -1  -1    39.00    39  4   0.0  0   0.0  0
      24.8         0.1         0.1         0.1
  28.15619    41.02047    14.996  173.45  88.05  0.1650E+12    6.02   1.55  -1  -1   -31.99     0  4   0.0  0   0.0  0
       0.0         0.0         0.0         0.0
  28.19279    40.79708     8.400  173.45  88.05  0.1650E+12    1.71   1.55  -1  -1    13.10    24  4   0.0  0   0.0  0
      15.3         0.1         0.2         0.1
  28.19958    40.75235     8.400  173.45  88.05  0.1650E+12    5.02   1.55  -1  -1    18.05     8  4   0.0  0   0.0  0
       0.1         0.2         2.0         2.9
  28.20636    40.70763     8.400  173.45  88.05  0.1650E+12    4.29   1.55  -1  -1   -31.99     0  4   0.0  0   0.0  0
       0.0         0.0         0.0         0.0
  28.21315    40.66290     8.400  173.45  88.05  0.1650E+12    5.71   1.55  -1  -1   -31.99     0  4   0.0  0   0.0  0
       0.0         0.0         0.0         0.0
  28.16018    41.02081     5.102  173.45  88.05  0.1650E+12    5.79   1.55  -1  -1   -31.99     0  4   0.0  0   0.0  0
       0.0         0.0         0.0         0.0
  28.16696    40.97609     5.102  173.45  88.05  0.1650E+12    4.39   1.55  -1  -1   -31.99     0  4   0.0  0   0.0  0
       0.0         0.0         0.0         0.0
  28.17375    40.93137     5.102  173.45  88.05  0.1650E+12    6.92   1.55  -1  -1    54.68     7  4   0.0  0   0.0  0
       0.6         0.3         1.5         2.1
  28.18054    40.88664     5.102  173.45  88.05  0.1650E+12    1.86   1.55  -1  -1    23.32    20  4   0.0  0   0.0  0
      12.7         0.1         0.1         0.1
  28.18733    40.84192     5.102  173.45  88.05  0.1650E+12    0.95   1.55  -1  -1    17.27    40  4   0.0  0   0.0  0
      25.0         0.4         0.1         0.1
  28.19411    40.79719     5.102  173.45  88.05  0.1650E+12    3.75   1.55  -1  -1     8.79     8  4   0.0  0   0.0  0
       3.0         1.8         0.2         0.1
  28.20090    40.75247     5.102  173.45  88.05  0.1650E+12    5.87   1.55  -1  -1    12.69     3  4   0.0  0   0.0  0
       0.1         1.3         0.4         0.4
  28.20769    40.70774     5.102  173.45  88.05  0.1650E+12    4.39   1.55  -1  -1   -31.99     0  4   0.0  0   0.0  0
       0.0         0.0         0.0         0.0
  28.21448    40.66302     5.102  173.45  88.05  0.1650E+12    5.79   1.55  -1  -1   -31.99     0  4   0.0  0   0.0  0
       0.0         0.0         0.0         0.0
  28.16150    41.02093     1.804  173.45  88.05  0.1650E+12    6.02   1.55  -1  -1   -31.99     0  4   0.0  0   0.0  0
       0.0         0.0         0.0         0.0
  28.16829    40.97620     1.804  173.45  88.05  0.1650E+12    4.68   1.55  -1  -1   -31.99     0  4   0.0  0   0.0  0
       0.0         0.0         0.0         0.0
  28.17508    40.93148     1.804  173.45  88.05  0.1650E+12    5.98   1.55  -1  -1    45.55     6  4   0.0  0   0.0  0
       0.1         0.1         1.6         1.9
  28.18187    40.88676     1.804  173.45  88.05  0.1650E+12    6.91   1.55  -1  -1    19.41     9  4   0.0  0   0.0  0
       0.9         0.1         0.1         4.7
  28.18865    40.84203     1.804  173.45  88.05  0.1650E+12    2.82   1.55  -1  -1    14.46    42  4   0.0  0   0.0  0
      24.3         2.8         0.1         0.1
  28.19544    40.79731     1.804  173.45  88.05  0.1650E+12    3.76   1.55  -1  -1    21.02    14  4   0.0  0   0.0  0
       4.3         4.7         0.1         0.2
  28.20223    40.75258     1.804  173.45  88.05  0.1650E+12    5.88   1.55  -1  -1   -14.91     9  4   0.0  0   0.0  0
       0.1         2.7         2.7         0.5
  28.20902    40.70786     1.804  173.45  88.05  0.1650E+12    4.68   1.55  -1  -1   -31.99     0  4   0.0  0   0.0  0
       0.0         0.0         0.0         0.0
  28.21581    40.66313     1.804  173.45  88.05  0.1650E+12    6.02   1.55  -1  -1   -31.99     0  4   0.0  0   0.0  0
       0.0         0.0         0.0         0.0
