2.0
#
# http://equake-rc.info/static/paper/SRF-Description-Graves_2.0.pdf
# RECTANGULAR fault MODEL
#
# All subfaults are   7.0 km long along strike and
#   3.4 km wide along dip
#
# Model length along strike is   63.0 km
#
# Model width along dip is   17.0 km
#
# Corners of the rectangular dislocation model (lat, lon):
#     52.323   175.908 : corner 1
#     52.244   176.826 : corner 2
#     52.220   176.821 : corner 3
#     52.299   175.903 : corner 4
#
#
# Number of elementary sliprate
# isoceles triangular functions
# per subfault:   4
#
# Half duration of elementary sliprate
# isoceles triangular functions (s):   1.81
# Triangles are overlapping each other by half
#
# slip rate unit: cm/s
#
#
# Seismic moment is converted into slip
# using a single constant value for the
# shear modulus mu of  0.250E+12 dyne/cm2
# assumed to be constant and characteristic
# of the fault shear zone
#
#
#
# "rake" (degrees) is the slip angle (Aki"s convention,
# e.g. rake=+45 means left-lateral-reverse movement.
#
#
# ************************************************
# Total seismic moment M0=  0.760E+26 dyne.cm
# ************************************************
#
#
PLANE 1
 176.36700    52.28350    9    5    63.000    17.000
 98.00  81.00     0.247     0.000    11.900
POINTS   45
 176.36340    52.26640    12.000   98.00  81.00  0.2380E+12    0.00   1.81  -1  -1   128.30    19  4   0.0  0   0.0  0
       9.9         0.4         0.1         0.1
 176.05623    52.28798    15.358   98.00  81.00  0.2380E+12    6.08   1.81  -1  -1   128.00     0  4   0.0  0   0.0  0
       0.0         0.0         0.0         0.0
 176.15825    52.27921    15.358   98.00  81.00  0.2380E+12    8.41   1.81  -1  -1  -169.46    22  4   0.0  0   0.0  0
       0.1         0.2         1.0        10.6
 176.26028    52.27043    15.358   98.00  81.00  0.2380E+12    5.71   1.81  -1  -1  -161.70     1  4   0.0  0   0.0  0
       0.1         0.1         0.1         0.1
 176.36232    52.26165    15.358   98.00  81.00  0.2380E+12    1.04   1.81  -1  -1   128.19    61  4   0.0  0   0.0  0
      33.4         0.1         0.1         0.1
 176.46434    52.25288    15.358   98.00  81.00  0.2380E+12    2.39   1.81  -1  -1   145.78    67  4   0.0  0   0.0  0
      36.8         0.1         0.1         0.1
 176.56638    52.24410    15.358   98.00  81.00  0.2380E+12    4.75   1.81  -1  -1   144.99    28  4   0.0  0   0.0  0
      15.5         0.1         0.1         0.1
 176.66841    52.23533    15.358   98.00  81.00  0.2380E+12    6.16   1.81  -1  -1   128.06    82  4   0.0  0   0.0  0
      45.0         0.1         0.1         0.1
 176.77043    52.22655    15.358   98.00  81.00  0.2380E+12    8.23   1.81  -1  -1   128.12    83  4   0.0  0   0.0  0
      45.5         0.1         0.1         0.1
 175.95528    52.30150    12.000   98.00  81.00  0.2380E+12    8.00   1.81  -1  -1   128.00     0  4   0.0  0   0.0  0
       0.0         0.0         0.0         0.0
 176.05731    52.29272    12.000   98.00  81.00  0.2380E+12    6.00   1.81  -1  -1   128.00     0  4   0.0  0   0.0  0
       0.0         0.0         0.0         0.0
 176.15935    52.28395    12.000   98.00  81.00  0.2380E+12    8.41   1.81  -1  -1  -165.26     7  4   0.0  0   0.0  0
       0.1         0.1         0.3         3.3
 176.26137    52.27517    12.000   98.00  81.00  0.2380E+12    5.06   1.81  -1  -1  -150.40     2  4   0.0  0   0.0  0
       0.1         0.8         0.3         0.1
 175.95419    52.29676    15.358   98.00  81.00  0.2380E+12    8.06   1.81  -1  -1   128.00     0  4   0.0  0   0.0  0
       0.0         0.0         0.0         0.0
 176.46544    52.25763    12.000   98.00  81.00  0.2380E+12    2.17   1.81  -1  -1   151.73    49  4   0.0  0   0.0  0
      27.0         0.1         0.1         0.1
 176.56746    52.24885    12.000   98.00  81.00  0.2380E+12    4.74   1.81  -1  -1   178.68    19  4   0.0  0   0.0  0
       9.9         0.1         0.1         0.2
 176.66949    52.24007    12.000   98.00  81.00  0.2380E+12    6.14   1.81  -1  -1   128.14    79  4   0.0  0   0.0  0
      43.6         0.1         0.1         0.1
 176.77153    52.23130    12.000   98.00  81.00  0.2380E+12    8.21   1.81  -1  -1   128.19    82  4   0.0  0   0.0  0
      45.3         0.1         0.1         0.1
 175.95638    52.30625     8.642   98.00  81.00  0.2380E+12    8.06   1.81  -1  -1   128.00     0  4   0.0  0   0.0  0
       0.0         0.0         0.0         0.0
 176.05840    52.29747     8.642   98.00  81.00  0.2380E+12    6.08   1.81  -1  -1   128.00     0  4   0.0  0   0.0  0
       0.0         0.0         0.0         0.0
 176.16043    52.28870     8.642   98.00  81.00  0.2380E+12    7.19   1.81  -1  -1  -168.14    11  4   0.0  0   0.0  0
       0.1         1.7         0.1         4.3
 176.26247    52.27992     8.642   98.00  81.00  0.2380E+12    5.66   1.81  -1  -1  -163.14    15  4   0.0  0   0.0  0
       0.1         6.2         1.7         0.1
 176.36449    52.27114     8.642   98.00  81.00  0.2380E+12    1.20   1.81  -1  -1   135.80    25  4   0.0  0   0.0  0
      13.3         0.1         0.1         0.1
 176.46652    52.26237     8.642   98.00  81.00  0.2380E+12    2.45   1.81  -1  -1   136.26    83  4   0.0  0   0.0  0
      45.4         0.1         0.1         0.1
 176.56856    52.25359     8.642   98.00  81.00  0.2380E+12    8.35   1.81  -1  -1  -168.98    57  4   0.0  0   0.0  0
       6.3         0.1         0.1        24.8
 176.67058    52.24482     8.642   98.00  81.00  0.2380E+12    6.20   1.81  -1  -1   128.26    80  4   0.0  0   0.0  0
      43.8         0.1         0.1         0.1
 176.77261    52.23604     8.642   98.00  81.00  0.2380E+12    8.17   1.81  -1  -1   128.04    82  4   0.0  0   0.0  0
      45.2         0.1         0.1         0.1
 175.95746    52.31099     5.284   98.00  81.00  0.2380E+12    8.23   1.81  -1  -1   128.00     0  4   0.0  0   0.0  0
       0.0         0.0         0.0         0.0
 176.05949    52.30222     5.284   98.00  81.00  0.2380E+12    6.31   1.81  -1  -1   128.00     0  4   0.0  0   0.0  0
       0.0         0.0         0.0         0.0
 176.16151    52.29344     5.284   98.00  81.00  0.2380E+12    5.50   1.81  -1  -1  -171.82     1  4   0.0  0   0.0  0
       0.2         0.1         0.2         0.1
 176.26355    52.28466     5.284   98.00  81.00  0.2380E+12    5.74   1.81  -1  -1  -168.04    10  4   0.0  0   0.0  0
       0.1         4.2         0.9         0.1
 176.36559    52.27589     5.284   98.00  81.00  0.2380E+12    6.44   1.81  -1  -1  -175.94    14  4   0.0  0   0.0  0
       0.1         0.1         7.3         0.2
 176.46761    52.26711     5.284   98.00  81.00  0.2380E+12    6.98   1.81  -1  -1  -155.43    20  4   0.0  0   0.0  0
       0.1         0.1         4.0         6.9
 176.56964    52.25834     5.284   98.00  81.00  0.2380E+12    8.32   1.81  -1  -1   170.70    49  4   0.0  0   0.0  0
       0.1         0.1         0.1        26.9
 176.67168    52.24956     5.284   98.00  81.00  0.2380E+12    7.23   1.81  -1  -1   164.86     0  4   0.0  0   0.0  0
       0.1         0.1         0.1         0.1
 176.77371    52.24079     5.284   98.00  81.00  0.2380E+12    8.37   1.81  -1  -1   129.19    27  4   0.0  0   0.0  0
      14.6         0.1         0.1         0.1
 175.95856    52.31573     1.926   98.00  81.00  0.2380E+12    8.51   1.81  -1  -1   128.00     0  4   0.0  0   0.0  0
       0.0         0.0         0.0         0.0
 176.06058    52.30696     1.926   98.00  81.00  0.2380E+12    6.67   1.81  -1  -1   128.00     0  4   0.0  0   0.0  0
       0.0         0.0         0.0         0.0
 176.16261    52.29818     1.926   98.00  81.00  0.2380E+12    6.20   1.81  -1  -1  -159.00     8  4   0.0  0   0.0  0
       4.2         0.1         0.1         0.1
 176.26465    52.28941     1.926   98.00  81.00  0.2380E+12    6.87   1.81  -1  -1  -175.19    38  4   0.0  0   0.0  0
      13.9         7.1         0.1         0.1
 176.36667    52.28063     1.926   98.00  81.00  0.2380E+12    7.00   1.81  -1  -1  -174.60    39  4   0.0  0   0.0  0
       0.1         7.9        13.3         0.5
 176.46870    52.27186     1.926   98.00  81.00  0.2380E+12    7.71   1.81  -1  -1  -178.09    45  4   0.0  0   0.0  0
       0.1         0.1        14.6        10.3
 176.57074    52.26308     1.926   98.00  81.00  0.2380E+12    8.42   1.81  -1  -1   175.04    72  4   0.0  0   0.0  0
      11.5         0.1         0.1        28.0
 176.67276    52.25431     1.926   98.00  81.00  0.2380E+12    9.01   1.81  -1  -1   142.41     1  4   0.0  0   0.0  0
       0.1         0.1         0.1         0.1
 176.77480    52.24553     1.926   98.00  81.00  0.2380E+12    8.72   1.81  -1  -1   145.34     1  4   0.0  0   0.0  0
       0.1         0.1         0.1         0.1
