2.0
#
# http://equake-rc.info/static/paper/SRF-Description-Graves_2.0.pdf
# RECTANGULAR fault MODEL
#
# All subfaults are   7.0 km long along strike and
#   2.0 km wide along dip
#
# Model length along strike is   63.0 km
#
# Model width along dip is   10.0 km
#
# Corners of the rectangular dislocation model (lat, lon):
#     52.546   176.446 : corner 1
#     51.985   176.299 : corner 2
#     51.987   176.281 : corner 3
#     52.547   176.428 : corner 4
#
#
# Number of elementary sliprate
# isoceles triangular functions
# per subfault:   4
#
# Half duration of elementary sliprate
# isoceles triangular functions (s):   1.81
# Triangles are overlapping each other by half
#
# slip rate unit: cm/s
#
#
# Seismic moment is converted into slip
# using a single constant value for the
# shear modulus mu of  0.250E+12 dyne/cm2
# assumed to be constant and characteristic
# of the fault shear zone
#
#
#
# "rake" (degrees) is the slip angle (Aki"s convention,
# e.g. rake=+45 means left-lateral-reverse movement.
#
#
# ************************************************
# Total seismic moment M0=  0.541E+26 dyne.cm
# ************************************************
#
#
PLANE 1
 176.37250    52.26550    9    5    63.000    10.000
189.10  83.09     0.036     0.000     5.000
POINTS   45
 176.36340    52.26640     5.000  189.10  83.09  0.1400E+12    0.00   1.81  -1  -1   -22.14   165  4   0.0  0   0.0  0
      45.6        45.5         0.1         0.1
 176.40529    52.45387     8.971  189.10  83.09  0.1400E+12    7.88   1.81  -1  -1     5.30     1  4   0.0  0   0.0  0
       0.1         0.1         0.1         0.3
 176.38899    52.39161     8.971  189.10  83.09  0.1400E+12    7.63   1.81  -1  -1    15.40     2  4   0.0  0   0.0  0
       0.1         0.1         1.0         0.1
 176.37270    52.32935     8.971  189.10  83.09  0.1400E+12    2.35   1.81  -1  -1   -15.39    36  4   0.0  0   0.0  0
      19.1         0.2         0.2         0.4
 176.35640    52.26709     8.971  189.10  83.09  0.1400E+12    1.22   1.81  -1  -1   -20.63    83  4   0.0  0   0.0  0
      45.6         0.2         0.1         0.1
 176.34010    52.20482     8.971  189.10  83.09  0.1400E+12    2.44   1.81  -1  -1   -26.90    35  4   0.0  0   0.0  0
      18.9         0.1         0.1         0.1
 176.32381    52.14256     8.971  189.10  83.09  0.1400E+12    8.38   1.81  -1  -1    36.54     2  4   0.0  0   0.0  0
       0.1         0.3         0.5         0.3
 176.30751    52.08030     8.971  189.10  83.09  0.1400E+12    8.12   1.81  -1  -1    41.22     1  4   0.0  0   0.0  0
       0.1         0.2         0.1         0.2
 176.29121    52.01804     8.971  189.10  83.09  0.1400E+12    8.08   1.81  -1  -1   -35.93     0  4   0.0  0   0.0  0
       0.0         0.0         0.0         0.0
 176.42509    52.51579     6.985  189.10  83.09  0.1400E+12    8.02   1.81  -1  -1   -35.93     0  4   0.0  0   0.0  0
       0.0         0.0         0.0         0.0
 176.40880    52.45353     6.985  189.10  83.09  0.1400E+12    8.82   1.81  -1  -1    -0.30     1  4   0.0  0   0.0  0
       0.1         0.1         0.2         0.2
 176.39250    52.39127     6.985  189.10  83.09  0.1400E+12    8.89   1.81  -1  -1     5.29     1  4   0.0  0   0.0  0
       0.1         0.3         0.3         0.1
 176.37621    52.32900     6.985  189.10  83.09  0.1400E+12    7.14   1.81  -1  -1   -17.81    20  4   0.0  0   0.0  0
       0.1         0.1         0.8        10.0
 176.35991    52.26674     6.985  189.10  83.09  0.1400E+12    0.62   1.81  -1  -1   -26.08   165  4   0.0  0   0.0  0
      45.6        45.4         0.1         0.1
 176.34361    52.20448     6.985  189.10  83.09  0.1400E+12    2.19   1.81  -1  -1   -10.33    40  4   0.0  0   0.0  0
      17.9         0.1         0.1         4.1
 176.32732    52.14222     6.985  189.10  83.09  0.1400E+12    8.96   1.81  -1  -1     9.84     1  4   0.0  0   0.0  0
       0.1         0.2         0.4         0.1
 176.31102    52.07996     6.985  189.10  83.09  0.1400E+12    8.85   1.81  -1  -1    24.95     1  4   0.0  0   0.0  0
       0.1         0.1         0.3         0.3
 176.29472    52.01770     6.985  189.10  83.09  0.1400E+12    8.02   1.81  -1  -1   -35.93     0  4   0.0  0   0.0  0
       0.0         0.0         0.0         0.0
 176.42859    52.51545     5.000  189.10  83.09  0.1400E+12    8.00   1.81  -1  -1   -35.93     0  4   0.0  0   0.0  0
       0.0         0.0         0.0         0.0
 176.41229    52.45319     5.000  189.10  83.09  0.1400E+12    8.91   1.81  -1  -1    -6.96     2  4   0.0  0   0.0  0
       0.1         0.5         0.4         0.2
 176.39600    52.39092     5.000  189.10  83.09  0.1400E+12    7.71   1.81  -1  -1   -18.20    14  4   0.0  0   0.0  0
       0.1         0.3         6.2         1.0
 176.37970    52.32866     5.000  189.10  83.09  0.1400E+12    2.27   1.81  -1  -1   -24.43    76  4   0.0  0   0.0  0
      36.7         0.1         0.1         5.1
 176.42159    52.51613     8.971  189.10  83.09  0.1400E+12    8.08   1.81  -1  -1   -35.93     0  4   0.0  0   0.0  0
       0.0         0.0         0.0         0.0
 176.34711    52.20414     5.000  189.10  83.09  0.1400E+12    2.19   1.81  -1  -1    -3.57    67  4   0.0  0   0.0  0
      17.9         0.1         0.1        19.0
 176.33081    52.14188     5.000  189.10  83.09  0.1400E+12    8.92   1.81  -1  -1    20.51     2  4   0.0  0   0.0  0
       0.1         0.1         0.4         0.3
 176.31451    52.07961     5.000  189.10  83.09  0.1400E+12    8.91   1.81  -1  -1     9.86     1  4   0.0  0   0.0  0
       0.1         0.1         0.3         0.2
 176.29822    52.01735     5.000  189.10  83.09  0.1400E+12    8.00   1.81  -1  -1   -35.93     0  4   0.0  0   0.0  0
       0.0         0.0         0.0         0.0
 176.43208    52.51510     3.015  189.10  83.09  0.1400E+12    8.02   1.81  -1  -1   -35.93     0  4   0.0  0   0.0  0
       0.0         0.0         0.0         0.0
 176.41579    52.45284     3.015  189.10  83.09  0.1400E+12    8.79   1.81  -1  -1     6.37    22  4   0.0  0   0.0  0
       0.1         3.1         9.1         0.2
 176.39949    52.39058     3.015  189.10  83.09  0.1400E+12    7.72   1.81  -1  -1     4.66    47  4   0.0  0   0.0  0
       0.1         0.4        18.9         6.6
 176.38319    52.32832     3.015  189.10  83.09  0.1400E+12    7.04   1.81  -1  -1     4.34    77  4   0.0  0   0.0  0
       0.1         0.1         0.3        41.9
 176.36690    52.26606     3.015  189.10  83.09  0.1400E+12    0.64   1.81  -1  -1   -16.26   165  4   0.0  0   0.0  0
      45.6        45.3         0.1         0.1
 176.35060    52.20380     3.015  189.10  83.09  0.1400E+12    2.16   1.81  -1  -1    -9.44    77  4   0.0  0   0.0  0
      27.8         0.1         0.3        14.1
 176.33430    52.14153     3.015  189.10  83.09  0.1400E+12    8.96   1.81  -1  -1    12.78    29  4   0.0  0   0.0  0
       0.1         0.1        10.8         5.1
 176.31801    52.07927     3.015  189.10  83.09  0.1400E+12    7.04   1.81  -1  -1    10.10     5  4   0.0  0   0.0  0
       0.1         0.1         0.1         2.6
 176.30171    52.01701     3.015  189.10  83.09  0.1400E+12    8.02   1.81  -1  -1   -35.93     0  4   0.0  0   0.0  0
       0.0         0.0         0.0         0.0
 176.43559    52.51476     1.029  189.10  83.09  0.1400E+12    8.08   1.81  -1  -1   -35.93     0  4   0.0  0   0.0  0
       0.0         0.0         0.0         0.0
 176.41930    52.45250     1.029  189.10  83.09  0.1400E+12    7.62   1.81  -1  -1    -7.04    36  4   0.0  0   0.0  0
       0.1         0.2        19.3         0.1
 176.40300    52.39024     1.029  189.10  83.09  0.1400E+12    7.71   1.81  -1  -1     1.21    69  4   0.0  0   0.0  0
       0.1         0.1        25.3        12.9
 176.38670    52.32798     1.029  189.10  83.09  0.1400E+12    7.71   1.81  -1  -1    -6.23    72  4   0.0  0   0.0  0
       9.9         0.1        23.6         6.4
 176.37041    52.26571     1.029  189.10  83.09  0.1400E+12    1.24   1.81  -1  -1    -7.13    95  4   0.0  0   0.0  0
      45.6         6.8         0.1         0.1
 176.35411    52.20345     1.029  189.10  83.09  0.1400E+12    7.05   1.81  -1  -1     3.96    74  4   0.0  0   0.0  0
       0.1         0.1        13.3        27.7
 176.33781    52.14119     1.029  189.10  83.09  0.1400E+12    8.91   1.81  -1  -1    12.55    51  4   0.0  0   0.0  0
       0.1         0.1        15.8        12.0
 176.32152    52.07893     1.029  189.10  83.09  0.1400E+12    7.72   1.81  -1  -1     2.31     8  4   0.0  0   0.0  0
       0.1         0.1         3.8         0.2
 176.30522    52.01667     1.029  189.10  83.09  0.1400E+12    8.08   1.81  -1  -1   -35.93     0  4   0.0  0   0.0  0
       0.0         0.0         0.0         0.0
