2.0
#
# http://equake-rc.info/static/paper/SRF-Description-Graves_2.0.pdf
# RECTANGULAR fault MODEL
#
# All subfaults are   7.0 km long along strike and
#  12.0 km wide along dip
#
# Model length along strike is   77.0 km
#
# Model width along dip is   60.0 km
#
# Corners of the rectangular dislocation model (lat, lon):
#     25.017   122.203 : corner 1
#     24.335   122.071 : corner 2
#     24.368   121.861 : corner 3
#     25.051   121.993 : corner 4
#
#
# Number of elementary sliprate
# isoceles triangular functions
# per subfault:   4
#
# Half duration of elementary sliprate
# isoceles triangular functions (s):   2.11
# Triangles are overlapping each other by half
#
# slip rate unit: cm/s
#
#
# Seismic moment is converted into slip
# using a single constant value for the
# shear modulus mu of  0.250E+12 dyne/cm2
# assumed to be constant and characteristic
# of the fault shear zone
#
#
#
# "rake" (degrees) is the slip angle (Aki"s convention,
# e.g. rake=+45 means left-lateral-reverse movement.
#
#
# ************************************************
# Total seismic moment M0=  0.489E+26 dyne.cm
# ************************************************
#
#
PLANE 1
 122.13700    24.67600   11    5    77.000    60.000
190.00  69.00    52.196     0.000    18.001
POINTS   55
 122.07400    24.68600    69.000  190.00  69.00  0.8400E+12    0.00   2.11  -1  -1    63.20   105  4   0.0  0   0.0  0
      45.5         3.9         0.1         0.1
 121.99634    24.95423   102.609  190.00  69.00  0.8400E+12   10.67   2.11  -1  -1    14.00     0  4   0.0  0   0.0  0
       0.0         0.0         0.0         0.0
 121.98431    24.89221   102.609  190.00  69.00  0.8400E+12   10.67   2.11  -1  -1    14.00     0  4   0.0  0   0.0  0
       0.0         0.0         0.0         0.0
 121.97227    24.83019   102.609  190.00  69.00  0.8400E+12   10.67   2.11  -1  -1    67.30     1  4   0.0  0   0.0  0
       0.1         0.1         0.1         0.1
 121.96024    24.76817   102.609  190.00  69.00  0.8400E+12   10.57   2.11  -1  -1    32.75     1  4   0.0  0   0.0  0
       0.1         0.1         0.1         0.1
 121.94820    24.70616   102.609  190.00  69.00  0.8400E+12   10.48   2.11  -1  -1    32.67     1  4   0.0  0   0.0  0
       0.1         0.1         0.1         0.1
 121.93616    24.64414   102.609  190.00  69.00  0.8400E+12   10.64   2.11  -1  -1    33.22     1  4   0.0  0   0.0  0
       0.1         0.1         0.1         0.1
 121.92413    24.58212   102.609  190.00  69.00  0.8400E+12   10.67   2.11  -1  -1    17.50     1  4   0.0  0   0.0  0
       0.1         0.1         0.1         0.1
 121.91209    24.52010   102.609  190.00  69.00  0.8400E+12   10.67   2.11  -1  -1    14.00     0  4   0.0  0   0.0  0
       0.0         0.0         0.0         0.0
 121.90006    24.45809   102.609  190.00  69.00  0.8400E+12   10.67   2.11  -1  -1    14.00     0  4   0.0  0   0.0  0
       0.0         0.0         0.0         0.0
 121.88802    24.39607   102.609  190.00  69.00  0.8400E+12   10.67   2.11  -1  -1    14.00     0  4   0.0  0   0.0  0
       0.0         0.0         0.0         0.0
 122.05031    25.00952    91.406  190.00  69.00  0.8400E+12   10.67   2.11  -1  -1    14.00     0  4   0.0  0   0.0  0
       0.0         0.0         0.0         0.0
 122.03828    24.94751    91.406  190.00  69.00  0.8400E+12   10.54   2.11  -1  -1    14.00     0  4   0.0  0   0.0  0
       0.0         0.0         0.0         0.0
 122.02624    24.88549    91.406  190.00  69.00  0.8400E+12    9.11   2.11  -1  -1    14.00     0  4   0.0  0   0.0  0
       0.0         0.0         0.0         0.0
 122.01421    24.82347    91.406  190.00  69.00  0.8400E+12    9.45   2.11  -1  -1    70.36     1  4   0.0  0   0.0  0
       0.1         0.1         0.1         0.1
 122.00217    24.76145    91.406  190.00  69.00  0.8400E+12    7.96   2.11  -1  -1    92.89     1  4   0.0  0   0.0  0
       0.1         0.1         0.1         0.1
 121.99014    24.69944    91.406  190.00  69.00  0.8400E+12    8.94   2.11  -1  -1    64.82     1  4   0.0  0   0.0  0
       0.1         0.1         0.1         0.1
 121.97810    24.63742    91.406  190.00  69.00  0.8400E+12    7.91   2.11  -1  -1    47.45     1  4   0.0  0   0.0  0
       0.1         0.1         0.1         0.1
 121.96606    24.57540    91.406  190.00  69.00  0.8400E+12    7.96   2.11  -1  -1    70.50     1  4   0.0  0   0.0  0
       0.2         0.1         0.1         0.1
 121.95403    24.51338    91.406  190.00  69.00  0.8400E+12    9.11   2.11  -1  -1    14.00     0  4   0.0  0   0.0  0
       0.0         0.0         0.0         0.0
 121.94199    24.45137    91.406  190.00  69.00  0.8400E+12   10.54   2.11  -1  -1    14.00     0  4   0.0  0   0.0  0
       0.0         0.0         0.0         0.0
 121.92995    24.38935    91.406  190.00  69.00  0.8400E+12   10.67   2.11  -1  -1    14.00     0  4   0.0  0   0.0  0
       0.0         0.0         0.0         0.0
 122.09224    25.00281    80.203  190.00  69.00  0.8400E+12   10.57   2.11  -1  -1    14.00     0  4   0.0  0   0.0  0
       0.0         0.0         0.0         0.0
 122.08021    24.94079    80.203  190.00  69.00  0.8400E+12    8.70   2.11  -1  -1    14.00     0  4   0.0  0   0.0  0
       0.0         0.0         0.0         0.0
 122.06817    24.87877    80.203  190.00  69.00  0.8400E+12    6.91   2.11  -1  -1    14.00     0  4   0.0  0   0.0  0
       0.0         0.0         0.0         0.0
 122.05614    24.81675    80.203  190.00  69.00  0.8400E+12    5.77   2.11  -1  -1    69.05     1  4   0.0  0   0.0  0
       0.1         0.1         0.1         0.1
 122.04410    24.75474    80.203  190.00  69.00  0.8400E+12    5.12   2.11  -1  -1   103.26     1  4   0.0  0   0.0  0
       0.1         0.1         0.1         0.1
 122.03207    24.69272    80.203  190.00  69.00  0.8400E+12    4.03   2.11  -1  -1    65.91     2  4   0.0  0   0.0  0
       0.1         0.9         0.1         0.1
 122.02003    24.63070    80.203  190.00  69.00  0.8400E+12    6.16   2.11  -1  -1    79.41     2  4   0.0  0   0.0  0
       0.5         0.2         0.1         0.1
 122.00800    24.56868    80.203  190.00  69.00  0.8400E+12    6.15   2.11  -1  -1   101.49     6  4   0.0  0   0.0  0
       2.3         0.2         0.1         0.1
 121.99596    24.50667    80.203  190.00  69.00  0.8400E+12    6.91   2.11  -1  -1    14.00     0  4   0.0  0   0.0  0
       0.0         0.0         0.0         0.0
 121.98392    24.44465    80.203  190.00  69.00  0.8400E+12    8.70   2.11  -1  -1    14.00     0  4   0.0  0   0.0  0
       0.0         0.0         0.0         0.0
 121.97189    24.38263    80.203  190.00  69.00  0.8400E+12   10.57   2.11  -1  -1    14.00     0  4   0.0  0   0.0  0
       0.0         0.0         0.0         0.0
 122.13417    24.99609    69.000  190.00  69.00  0.8400E+12   10.00   2.11  -1  -1    14.00     0  4   0.0  0   0.0  0
       0.0         0.0         0.0         0.0
 122.12214    24.93407    69.000  190.00  69.00  0.8400E+12    8.00   2.11  -1  -1    14.00     0  4   0.0  0   0.0  0
       0.0         0.0         0.0         0.0
 122.11010    24.87205    69.000  190.00  69.00  0.8400E+12    6.00   2.11  -1  -1    14.00     0  4   0.0  0   0.0  0
       0.0         0.0         0.0         0.0
 122.09807    24.81004    69.000  190.00  69.00  0.8400E+12    4.01   2.11  -1  -1    15.82     5  4   0.0  0   0.0  0
       2.2         0.1         0.1         0.1
 122.08603    24.74802    69.000  190.00  69.00  0.8400E+12    2.07   2.11  -1  -1    78.68    41  4   0.0  0   0.0  0
      19.2         0.1         0.1         0.1
 122.00838    25.01624   102.609  190.00  69.00  0.8400E+12   10.67   2.11  -1  -1    14.00     0  4   0.0  0   0.0  0
       0.0         0.0         0.0         0.0
 122.06197    24.62398    69.000  190.00  69.00  0.8400E+12    2.06   2.11  -1  -1    18.68    29  4   0.0  0   0.0  0
      13.5         0.1         0.1         0.1
 122.04993    24.56197    69.000  190.00  69.00  0.8400E+12    6.16   2.11  -1  -1   101.17     4  4   0.0  0   0.0  0
       0.1         1.5         0.1         0.1
 122.03790    24.49995    69.000  190.00  69.00  0.8400E+12    6.00   2.11  -1  -1    14.00     0  4   0.0  0   0.0  0
       0.0         0.0         0.0         0.0
 122.02586    24.43793    69.000  190.00  69.00  0.8400E+12    8.00   2.11  -1  -1    14.00     0  4   0.0  0   0.0  0
       0.0         0.0         0.0         0.0
 122.01382    24.37591    69.000  190.00  69.00  0.8400E+12   10.00   2.11  -1  -1    14.00     0  4   0.0  0   0.0  0
       0.0         0.0         0.0         0.0
 122.17611    24.98937    57.797  190.00  69.00  0.8400E+12   10.57   2.11  -1  -1    14.00     0  4   0.0  0   0.0  0
       0.0         0.0         0.0         0.0
 122.16407    24.92735    57.797  190.00  69.00  0.8400E+12    8.70   2.11  -1  -1    14.00     0  4   0.0  0   0.0  0
       0.0         0.0         0.0         0.0
 122.15204    24.86534    57.797  190.00  69.00  0.8400E+12    6.91   2.11  -1  -1    14.00     0  4   0.0  0   0.0  0
       0.0         0.0         0.0         0.0
 122.14000    24.80332    57.797  190.00  69.00  0.8400E+12    9.25   2.11  -1  -1    68.42     1  4   0.0  0   0.0  0
       0.1         0.1         0.1         0.1
 122.12797    24.74130    57.797  190.00  69.00  0.8400E+12    4.03   2.11  -1  -1    62.89    20  4   0.0  0   0.0  0
       9.0         0.1         0.1         0.1
 122.11593    24.67928    57.797  190.00  69.00  0.8400E+12    3.88   2.11  -1  -1    50.88     7  4   0.0  0   0.0  0
       2.9         0.1         0.1         0.1
 122.10390    24.61727    57.797  190.00  69.00  0.8400E+12    4.03   2.11  -1  -1    70.23     3  4   0.0  0   0.0  0
       1.3         0.1         0.1         0.1
 122.09186    24.55525    57.797  190.00  69.00  0.8400E+12    5.87   2.11  -1  -1    73.56     1  4   0.0  0   0.0  0
       0.1         0.1         0.1         0.1
 122.07983    24.49323    57.797  190.00  69.00  0.8400E+12    6.91   2.11  -1  -1    14.00     0  4   0.0  0   0.0  0
       0.0         0.0         0.0         0.0
 122.06779    24.43121    57.797  190.00  69.00  0.8400E+12    8.70   2.11  -1  -1    14.00     0  4   0.0  0   0.0  0
       0.0         0.0         0.0         0.0
 122.05576    24.36920    57.797  190.00  69.00  0.8400E+12   10.57   2.11  -1  -1    14.00     0  4   0.0  0   0.0  0
       0.0         0.0         0.0         0.0
