2.0
#
# http://equake-rc.info/static/paper/SRF-Description-Graves_2.0.pdf
# RECTANGULAR fault MODEL
#
# All subfaults are   7.0 km long along strike and
#  12.0 km wide along dip
#
# Model length along strike is   77.0 km
#
# Model width along dip is   60.0 km
#
# Corners of the rectangular dislocation model (lat, lon):
#     24.846   121.599 : corner 1
#     25.092   122.312 : corner 2
#     24.688   122.481 : corner 3
#     24.442   121.768 : corner 4
#
#
# Number of elementary sliprate
# isoceles triangular functions
# per subfault:   4
#
# Half duration of elementary sliprate
# isoceles triangular functions (s):   2.11
# Triangles are overlapping each other by half
#
# slip rate unit: cm/s
#
#
# Seismic moment is converted into slip
# using a single constant value for the
# shear modulus mu of  0.250E+12 dyne/cm2
# assumed to be constant and characteristic
# of the fault shear zone
#
#
#
# "rake" (degrees) is the slip angle (Aki"s convention,
# e.g. rake=+45 means left-lateral-reverse movement.
#
#
# ************************************************
# Total seismic moment M0=  0.513E+26 dyne.cm
# ************************************************
#
#
PLANE 1
 121.95550    24.96900   11    5    77.000    60.000
 69.19  36.85    43.813     0.000    42.002
POINTS   55
 122.07400    24.68600    69.000   69.19  36.85  0.8400E+12    0.00   2.11  -1  -1   156.00   123  4   0.0  0   0.0  0
      46.9        11.1         0.1         0.1
 121.84864    24.51575    76.196   69.19  36.85  0.8400E+12    8.70   2.11  -1  -1    98.30     0  4   0.0  0   0.0  0
       0.0         0.0         0.0         0.0
 121.91342    24.53812    76.196   69.19  36.85  0.8400E+12    6.91   2.11  -1  -1    98.30     0  4   0.0  0   0.0  0
       0.0         0.0         0.0         0.0
 121.97821    24.56050    76.196   69.19  36.85  0.8400E+12    6.97   2.11  -1  -1    98.45    10  4   0.0  0   0.0  0
       2.4         2.4         0.1         0.1
 122.04299    24.58287    76.196   69.19  36.85  0.8400E+12    4.78   2.11  -1  -1   100.40     1  4   0.0  0   0.0  0
       0.2         0.1         0.1         0.1
 122.10778    24.60525    76.196   69.19  36.85  0.8400E+12    4.04   2.11  -1  -1   118.10     1  4   0.0  0   0.0  0
       0.4         0.1         0.1         0.1
 122.17257    24.62762    76.196   69.19  36.85  0.8400E+12    4.09   2.11  -1  -1    98.88     2  4   0.0  0   0.0  0
       0.8         0.1         0.1         0.1
 122.23735    24.65000    76.196   69.19  36.85  0.8400E+12   10.56   2.11  -1  -1   117.19     1  4   0.0  0   0.0  0
       0.1         0.1         0.1         0.1
 122.30214    24.67237    76.196   69.19  36.85  0.8400E+12    6.91   2.11  -1  -1    98.30     0  4   0.0  0   0.0  0
       0.0         0.0         0.0         0.0
 122.36692    24.69475    76.196   69.19  36.85  0.8400E+12    8.70   2.11  -1  -1    98.30     0  4   0.0  0   0.0  0
       0.0         0.0         0.0         0.0
 122.43171    24.71713    76.196   69.19  36.85  0.8400E+12   10.57   2.11  -1  -1    98.30     0  4   0.0  0   0.0  0
       0.0         0.0         0.0         0.0
 121.75007    24.57412    69.000   69.19  36.85  0.8400E+12   10.00   2.11  -1  -1    98.30     0  4   0.0  0   0.0  0
       0.0         0.0         0.0         0.0
 121.81486    24.59650    69.000   69.19  36.85  0.8400E+12    8.00   2.11  -1  -1    98.30     0  4   0.0  0   0.0  0
       0.0         0.0         0.0         0.0
 121.87964    24.61887    69.000   69.19  36.85  0.8400E+12    6.00   2.11  -1  -1    98.30     0  4   0.0  0   0.0  0
       0.0         0.0         0.0         0.0
 121.94443    24.64125    69.000   69.19  36.85  0.8400E+12    6.07   2.11  -1  -1    99.09     7  4   0.0  0   0.0  0
       0.5         1.1         1.5         0.1
 122.00921    24.66363    69.000   69.19  36.85  0.8400E+12    2.03   2.11  -1  -1   104.67    19  4   0.0  0   0.0  0
       8.6         0.1         0.1         0.1
 121.78385    24.49337    76.196   69.19  36.85  0.8400E+12   10.57   2.11  -1  -1    98.30     0  4   0.0  0   0.0  0
       0.0         0.0         0.0         0.0
 122.13879    24.70838    69.000   69.19  36.85  0.8400E+12    2.01   2.11  -1  -1   130.55    38  4   0.0  0   0.0  0
      17.6         0.1         0.1         0.1
 122.20357    24.73075    69.000   69.19  36.85  0.8400E+12   10.66   2.11  -1  -1   115.92     1  4   0.0  0   0.0  0
       0.1         0.1         0.1         0.2
 122.26836    24.75313    69.000   69.19  36.85  0.8400E+12    6.00   2.11  -1  -1    98.30     0  4   0.0  0   0.0  0
       0.0         0.0         0.0         0.0
 122.33314    24.77550    69.000   69.19  36.85  0.8400E+12    8.00   2.11  -1  -1    98.30     0  4   0.0  0   0.0  0
       0.0         0.0         0.0         0.0
 122.39793    24.79788    69.000   69.19  36.85  0.8400E+12   10.00   2.11  -1  -1    98.30     0  4   0.0  0   0.0  0
       0.0         0.0         0.0         0.0
 121.71629    24.65487    61.804   69.19  36.85  0.8400E+12   10.57   2.11  -1  -1    98.30     0  4   0.0  0   0.0  0
       0.0         0.0         0.0         0.0
 121.78107    24.67725    61.804   69.19  36.85  0.8400E+12    8.70   2.11  -1  -1    98.30     0  4   0.0  0   0.0  0
       0.0         0.0         0.0         0.0
 121.84586    24.69963    61.804   69.19  36.85  0.8400E+12    6.91   2.11  -1  -1    98.30     0  4   0.0  0   0.0  0
       0.0         0.0         0.0         0.0
 121.91064    24.72200    61.804   69.19  36.85  0.8400E+12    8.18   2.11  -1  -1   101.03     1  4   0.0  0   0.0  0
       0.1         0.1         0.1         0.1
 121.97543    24.74438    61.804   69.19  36.85  0.8400E+12    4.24   2.11  -1  -1   114.66     3  4   0.0  0   0.0  0
       1.3         0.1         0.1         0.1
 122.04021    24.76675    61.804   69.19  36.85  0.8400E+12    4.09   2.11  -1  -1   100.60    11  4   0.0  0   0.0  0
       4.8         0.1         0.1         0.1
 122.10500    24.78913    61.804   69.19  36.85  0.8400E+12    4.03   2.11  -1  -1   137.49     5  4   0.0  0   0.0  0
       2.0         0.1         0.1         0.1
 122.16978    24.81150    61.804   69.19  36.85  0.8400E+12   10.56   2.11  -1  -1    98.78     1  4   0.0  0   0.0  0
       0.1         0.1         0.1         0.1
 122.23457    24.83388    61.804   69.19  36.85  0.8400E+12    6.91   2.11  -1  -1    98.30     0  4   0.0  0   0.0  0
       0.0         0.0         0.0         0.0
 122.29935    24.85626    61.804   69.19  36.85  0.8400E+12    8.70   2.11  -1  -1    98.30     0  4   0.0  0   0.0  0
       0.0         0.0         0.0         0.0
 122.36414    24.87863    61.804   69.19  36.85  0.8400E+12   10.57   2.11  -1  -1    98.30     0  4   0.0  0   0.0  0
       0.0         0.0         0.0         0.0
 121.68250    24.73563    54.608   69.19  36.85  0.8400E+12   10.67   2.11  -1  -1    98.30     0  4   0.0  0   0.0  0
       0.0         0.0         0.0         0.0
 121.74729    24.75800    54.608   69.19  36.85  0.8400E+12   10.54   2.11  -1  -1    98.30     0  4   0.0  0   0.0  0
       0.0         0.0         0.0         0.0
 121.81207    24.78038    54.608   69.19  36.85  0.8400E+12    9.11   2.11  -1  -1    98.30     0  4   0.0  0   0.0  0
       0.0         0.0         0.0         0.0
 121.87686    24.80276    54.608   69.19  36.85  0.8400E+12    7.97   2.11  -1  -1   110.20     6  4   0.0  0   0.0  0
       2.5         0.1         0.1         0.1
 121.94164    24.82513    54.608   69.19  36.85  0.8400E+12    7.16   2.11  -1  -1   148.32     3  4   0.0  0   0.0  0
       1.1         0.1         0.1         0.1
 122.00643    24.84751    54.608   69.19  36.85  0.8400E+12    6.95   2.11  -1  -1   116.72     2  4   0.0  0   0.0  0
       0.5         0.1         0.1         0.1
 122.07122    24.86988    54.608   69.19  36.85  0.8400E+12   10.47   2.11  -1  -1    99.21     1  4   0.0  0   0.0  0
       0.1         0.1         0.1         0.1
 122.13600    24.89226    54.608   69.19  36.85  0.8400E+12   10.14   2.11  -1  -1    99.11     2  4   0.0  0   0.0  0
       0.1         0.1         0.1         0.5
 122.20079    24.91463    54.608   69.19  36.85  0.8400E+12    9.11   2.11  -1  -1    98.30     0  4   0.0  0   0.0  0
       0.0         0.0         0.0         0.0
 122.26557    24.93701    54.608   69.19  36.85  0.8400E+12   10.54   2.11  -1  -1    98.30     0  4   0.0  0   0.0  0
       0.0         0.0         0.0         0.0
 122.33036    24.95938    54.608   69.19  36.85  0.8400E+12   10.67   2.11  -1  -1    98.30     0  4   0.0  0   0.0  0
       0.0         0.0         0.0         0.0
 121.64872    24.81638    47.411   69.19  36.85  0.8400E+12   10.67   2.11  -1  -1    98.30     0  4   0.0  0   0.0  0
       0.0         0.0         0.0         0.0
 121.71351    24.83875    47.411   69.19  36.85  0.8400E+12   10.67   2.11  -1  -1    98.30     0  4   0.0  0   0.0  0
       0.0         0.0         0.0         0.0
 121.77829    24.86113    47.411   69.19  36.85  0.8400E+12   10.67   2.11  -1  -1    98.30     0  4   0.0  0   0.0  0
       0.0         0.0         0.0         0.0
 121.84308    24.88351    47.411   69.19  36.85  0.8400E+12   10.67   2.11  -1  -1   151.96     3  4   0.0  0   0.0  0
       1.3         0.1         0.1         0.1
 121.90786    24.90588    47.411   69.19  36.85  0.8400E+12   10.49   2.11  -1  -1    99.96     2  4   0.0  0   0.0  0
       0.1         0.1         0.2         0.4
 121.97265    24.92826    47.411   69.19  36.85  0.8400E+12   10.39   2.11  -1  -1    98.78     1  4   0.0  0   0.0  0
       0.1         0.1         0.1         0.1
 122.03743    24.95063    47.411   69.19  36.85  0.8400E+12   10.52   2.11  -1  -1    99.61     1  4   0.0  0   0.0  0
       0.1         0.1         0.2         0.1
 122.10222    24.97301    47.411   69.19  36.85  0.8400E+12   10.67   2.11  -1  -1    99.07     2  4   0.0  0   0.0  0
       0.1         0.1         0.3         0.7
 122.16701    24.99539    47.411   69.19  36.85  0.8400E+12   10.67   2.11  -1  -1    98.30     0  4   0.0  0   0.0  0
       0.0         0.0         0.0         0.0
 122.23179    25.01776    47.411   69.19  36.85  0.8400E+12   10.67   2.11  -1  -1    98.30     0  4   0.0  0   0.0  0
       0.0         0.0         0.0         0.0
 122.29658    25.04014    47.411   69.19  36.85  0.8400E+12   10.67   2.11  -1  -1    98.30     0  4   0.0  0   0.0  0
       0.0         0.0         0.0         0.0
