2.0
#
# http://equake-rc.info/static/paper/SRF-Description-Graves_2.0.pdf
# RECTANGULAR fault MODEL
#
# All subfaults are  16.0 km long along strike and
#  18.0 km wide along dip
#
# Model length along strike is  208.0 km
#
# Model width along dip is   90.0 km
#
# Corners of the rectangular dislocation model (lat, lon):
#      0.420   125.640 : corner 1
#      2.164   126.313 : corner 2
#      1.929   126.922 : corner 3
#      0.185   126.249 : corner 4
#
#
# Number of elementary sliprate
# isoceles triangular functions
# per subfault:   4
#
# Half duration of elementary sliprate
# isoceles triangular functions (s):   3.89
# Triangles are overlapping each other by half
#
# slip rate unit: cm/s
#
#
# Seismic moment is converted into slip
# using a single constant value for the
# shear modulus mu of  0.250E+12 dyne/cm2
# assumed to be constant and characteristic
# of the fault shear zone
#
#
#
# "rake" (degrees) is the slip angle (Aki"s convention,
# e.g. rake=+45 means left-lateral-reverse movement.
#
#
# ************************************************
# Total seismic moment M0=  0.120E+28 dyne.cm
# ************************************************
#
#
PLANE 1
 125.97650     1.29200   13    5   208.000    90.000
 21.10  36.11     0.081     0.000    45.000
POINTS   65
 126.28100     1.17450    26.600   21.10  36.11  0.2880E+13    0.00   3.89  -1  -1    96.88   240  4   0.0  0   0.0  0
      30.1         3.5        27.3         0.8
 126.26610     0.40990    47.815   21.10  36.11  0.2880E+13   25.07   3.89  -1  -1    49.12     0  4   0.0  0   0.0  0
       0.0         0.0         0.0         0.0
 126.31785     0.54401    47.815   21.10  36.11  0.2880E+13   20.98   3.89  -1  -1    49.12     0  4   0.0  0   0.0  0
       0.0         0.0         0.0         0.0
 126.36960     0.67812    47.815   21.10  36.11  0.2880E+13   17.14   3.89  -1  -1    49.12     0  4   0.0  0   0.0  0
       0.0         0.0         0.0         0.0
 126.42134     0.81223    47.815   21.10  36.11  0.2880E+13   13.76   3.89  -1  -1    49.12     0  4   0.0  0   0.0  0
       0.0         0.0         0.0         0.0
 126.47309     0.94634    47.815   21.10  36.11  0.2880E+13   11.43   3.89  -1  -1    83.15     8  4   0.0  0   0.0  0
       1.6         0.1         0.1         0.1
 126.52483     1.08045    47.815   21.10  36.11  0.2880E+13   20.07   3.89  -1  -1   115.70    31  4   0.0  0   0.0  0
       7.6         0.1         0.1         0.1
 126.57658     1.21457    47.815   21.10  36.11  0.2880E+13   11.31   3.89  -1  -1   138.85    82  4   0.0  0   0.0  0
      20.7         0.1         0.1         0.2
 126.62833     1.34868    47.815   21.10  36.11  0.2880E+13   13.92   3.89  -1  -1   138.24     4  4   0.0  0   0.0  0
       0.2         0.2         0.6         0.1
 126.68008     1.48279    47.815   21.10  36.11  0.2880E+13   17.14   3.89  -1  -1    49.12     0  4   0.0  0   0.0  0
       0.0         0.0         0.0         0.0
 126.73182     1.61690    47.815   21.10  36.11  0.2880E+13   20.98   3.89  -1  -1    49.12     0  4   0.0  0   0.0  0
       0.0         0.0         0.0         0.0
 126.78357     1.75101    47.815   21.10  36.11  0.2880E+13   25.07   3.89  -1  -1    49.12     0  4   0.0  0   0.0  0
       0.0         0.0         0.0         0.0
 126.83531     1.88512    47.815   21.10  36.11  0.2880E+13   25.64   3.89  -1  -1    49.12     0  4   0.0  0   0.0  0
       0.0         0.0         0.0         0.0
 126.09244     0.32281    37.208   21.10  36.11  0.2880E+13   25.64   3.89  -1  -1    49.12     0  4   0.0  0   0.0  0
       0.0         0.0         0.0         0.0
 126.14418     0.45692    37.208   21.10  36.11  0.2880E+13   23.43   3.89  -1  -1    49.12     0  4   0.0  0   0.0  0
       0.0         0.0         0.0         0.0
 126.19593     0.59104    37.208   21.10  36.11  0.2880E+13   19.00   3.89  -1  -1    49.12     0  4   0.0  0   0.0  0
       0.0         0.0         0.0         0.0
 126.24767     0.72515    37.208   21.10  36.11  0.2880E+13   14.65   3.89  -1  -1    49.12     0  4   0.0  0   0.0  0
       0.0         0.0         0.0         0.0
 126.29942     0.85926    37.208   21.10  36.11  0.2880E+13   10.49   3.89  -1  -1    49.12     0  4   0.0  0   0.0  0
       0.0         0.0         0.0         0.0
 126.35117     0.99337    37.208   21.10  36.11  0.2880E+13   10.57   3.89  -1  -1    54.30    78  4   0.0  0   0.0  0
       8.3        11.2         0.4         0.1
 126.40292     1.12748    37.208   21.10  36.11  0.2880E+13    5.24   3.89  -1  -1   106.13   148  4   0.0  0   0.0  0
      29.5         0.1         0.7         7.6
 126.45467     1.26159    37.208   21.10  36.11  0.2880E+13   10.59   3.89  -1  -1    56.93   104  4   0.0  0   0.0  0
      10.5         9.7         6.6         0.1
 126.50641     1.39570    37.208   21.10  36.11  0.2880E+13   10.58   3.89  -1  -1    79.06    55  4   0.0  0   0.0  0
       6.2         4.7         0.2         3.2
 126.55816     1.52981    37.208   21.10  36.11  0.2880E+13   14.65   3.89  -1  -1    49.12     0  4   0.0  0   0.0  0
       0.0         0.0         0.0         0.0
 126.60990     1.66392    37.208   21.10  36.11  0.2880E+13   19.00   3.89  -1  -1    49.12     0  4   0.0  0   0.0  0
       0.0         0.0         0.0         0.0
 126.66165     1.79803    37.208   21.10  36.11  0.2880E+13   23.43   3.89  -1  -1    49.12     0  4   0.0  0   0.0  0
       0.0         0.0         0.0         0.0
 126.71339     1.93214    37.208   21.10  36.11  0.2880E+13   25.64   3.89  -1  -1    49.12     0  4   0.0  0   0.0  0
       0.0         0.0         0.0         0.0
 125.97052     0.36984    26.600   21.10  36.11  0.2880E+13   25.64   3.89  -1  -1    49.12     0  4   0.0  0   0.0  0
       0.0         0.0         0.0         0.0
 126.02226     0.50395    26.600   21.10  36.11  0.2880E+13   22.86   3.89  -1  -1    49.12     0  4   0.0  0   0.0  0
       0.0         0.0         0.0         0.0
 126.07401     0.63806    26.600   21.10  36.11  0.2880E+13   18.29   3.89  -1  -1    49.12     0  4   0.0  0   0.0  0
       0.0         0.0         0.0         0.0
 126.12576     0.77217    26.600   21.10  36.11  0.2880E+13   13.71   3.89  -1  -1    49.12     0  4   0.0  0   0.0  0
       0.0         0.0         0.0         0.0
 126.17751     0.90628    26.600   21.10  36.11  0.2880E+13    9.14   3.89  -1  -1    49.12     0  4   0.0  0   0.0  0
       0.0         0.0         0.0         0.0
 126.22925     1.04039    26.600   21.10  36.11  0.2880E+13    6.59   3.89  -1  -1    95.93    96  4   0.0  0   0.0  0
      13.9         5.4         5.2         0.1
 126.21436     0.27579    47.815   21.10  36.11  0.2880E+13   25.64   3.89  -1  -1    49.12     0  4   0.0  0   0.0  0
       0.0         0.0         0.0         0.0
 126.33275     1.30861    26.600   21.10  36.11  0.2880E+13    5.21   3.89  -1  -1    74.70   196  4   0.0  0   0.0  0
      21.8         6.9        21.4         0.2
 126.38449     1.44272    26.600   21.10  36.11  0.2880E+13    9.28   3.89  -1  -1    74.87    63  4   0.0  0   0.0  0
       6.2         3.9         4.9         1.3
 126.43624     1.57683    26.600   21.10  36.11  0.2880E+13   13.71   3.89  -1  -1    49.12     0  4   0.0  0   0.0  0
       0.0         0.0         0.0         0.0
 126.48798     1.71094    26.600   21.10  36.11  0.2880E+13   18.29   3.89  -1  -1    49.12     0  4   0.0  0   0.0  0
       0.0         0.0         0.0         0.0
 126.53973     1.84505    26.600   21.10  36.11  0.2880E+13   22.86   3.89  -1  -1    49.12     0  4   0.0  0   0.0  0
       0.0         0.0         0.0         0.0
 126.59148     1.97916    26.600   21.10  36.11  0.2880E+13   25.64   3.89  -1  -1    49.12     0  4   0.0  0   0.0  0
       0.0         0.0         0.0         0.0
 125.84860     0.41686    15.992   21.10  36.11  0.2880E+13   25.64   3.89  -1  -1    49.12     0  4   0.0  0   0.0  0
       0.0         0.0         0.0         0.0
 125.90034     0.55097    15.992   21.10  36.11  0.2880E+13   23.43   3.89  -1  -1    49.12     0  4   0.0  0   0.0  0
       0.0         0.0         0.0         0.0
 125.95210     0.68508    15.992   21.10  36.11  0.2880E+13   19.00   3.89  -1  -1    49.12     0  4   0.0  0   0.0  0
       0.0         0.0         0.0         0.0
 126.00384     0.81919    15.992   21.10  36.11  0.2880E+13   14.65   3.89  -1  -1    49.12     0  4   0.0  0   0.0  0
       0.0         0.0         0.0         0.0
 126.05559     0.95330    15.992   21.10  36.11  0.2880E+13   10.49   3.89  -1  -1    49.12     0  4   0.0  0   0.0  0
       0.0         0.0         0.0         0.0
 126.10733     1.08741    15.992   21.10  36.11  0.2880E+13   19.82   3.89  -1  -1    72.66    11  4   0.0  0   0.0  0
       0.3         1.2         1.1         0.3
 126.15908     1.22152    15.992   21.10  36.11  0.2880E+13    5.19   3.89  -1  -1   106.23    56  4   0.0  0   0.0  0
       8.1         3.8         0.1         2.3
 126.21082     1.35563    15.992   21.10  36.11  0.2880E+13   19.85   3.89  -1  -1   107.85    15  4   0.0  0   0.0  0
       0.8         1.4         1.4         0.2
 126.26257     1.48974    15.992   21.10  36.11  0.2880E+13   25.50   3.89  -1  -1   109.83    11  4   0.0  0   0.0  0
       0.6         0.6         0.4         1.3
 126.31432     1.62385    15.992   21.10  36.11  0.2880E+13   14.65   3.89  -1  -1    49.12     0  4   0.0  0   0.0  0
       0.0         0.0         0.0         0.0
 126.36607     1.75796    15.992   21.10  36.11  0.2880E+13   19.00   3.89  -1  -1    49.12     0  4   0.0  0   0.0  0
       0.0         0.0         0.0         0.0
 126.41782     1.89208    15.992   21.10  36.11  0.2880E+13   23.43   3.89  -1  -1    49.12     0  4   0.0  0   0.0  0
       0.0         0.0         0.0         0.0
 126.46956     2.02619    15.992   21.10  36.11  0.2880E+13   25.64   3.89  -1  -1    49.12     0  4   0.0  0   0.0  0
       0.0         0.0         0.0         0.0
 125.72668     0.46388     5.385   21.10  36.11  0.2880E+13   25.64   3.89  -1  -1    49.12     0  4   0.0  0   0.0  0
       0.0         0.0         0.0         0.0
 125.77843     0.59799     5.385   21.10  36.11  0.2880E+13   25.07   3.89  -1  -1    49.12     0  4   0.0  0   0.0  0
       0.0         0.0         0.0         0.0
 125.83018     0.73210     5.385   21.10  36.11  0.2880E+13   20.98   3.89  -1  -1    49.12     0  4   0.0  0   0.0  0
       0.0         0.0         0.0         0.0
 125.88192     0.86621     5.385   21.10  36.11  0.2880E+13   17.14   3.89  -1  -1    49.12     0  4   0.0  0   0.0  0
       0.0         0.0         0.0         0.0
 125.93367     1.00032     5.385   21.10  36.11  0.2880E+13   13.76   3.89  -1  -1    49.12     0  4   0.0  0   0.0  0
       0.0         0.0         0.0         0.0
 125.98541     1.13443     5.385   21.10  36.11  0.2880E+13   13.23   3.89  -1  -1    79.45   144  4   0.0  0   0.0  0
       3.7        19.1        13.9         0.3
 126.03716     1.26855     5.385   21.10  36.11  0.2880E+13   15.85   3.89  -1  -1    61.96    65  4   0.0  0   0.0  0
       4.5         3.4         8.4         0.5
 126.08891     1.40266     5.385   21.10  36.11  0.2880E+13   11.93   3.89  -1  -1    92.14    79  4   0.0  0   0.0  0
       6.1        13.7         0.3         0.1
 126.14066     1.53677     5.385   21.10  36.11  0.2880E+13   14.60   3.89  -1  -1    89.21   175  4   0.0  0   0.0  0
      20.5        23.6         0.7         0.1
 126.19240     1.67088     5.385   21.10  36.11  0.2880E+13   17.14   3.89  -1  -1    49.12     0  4   0.0  0   0.0  0
       0.0         0.0         0.0         0.0
 126.24415     1.80499     5.385   21.10  36.11  0.2880E+13   20.98   3.89  -1  -1    49.12     0  4   0.0  0   0.0  0
       0.0         0.0         0.0         0.0
 126.29590     1.93910     5.385   21.10  36.11  0.2880E+13   25.07   3.89  -1  -1    49.12     0  4   0.0  0   0.0  0
       0.0         0.0         0.0         0.0
 126.34764     2.07321     5.385   21.10  36.11  0.2880E+13   25.64   3.89  -1  -1    49.12     0  4   0.0  0   0.0  0
       0.0         0.0         0.0         0.0
