2.0
#
# http://equake-rc.info/static/paper/SRF-Description-Graves_2.0.pdf
# RECTANGULAR fault MODEL
#
# All subfaults are   5.0 km long along strike and
#   4.6 km wide along dip
#
# Model length along strike is   45.0 km
#
# Model width along dip is   23.0 km
#
# Corners of the rectangular dislocation model (lat, lon):
#    -48.044   165.571 : corner 1
#    -48.370   165.215 : corner 2
#    -48.335   165.142 : corner 3
#    -48.009   165.498 : corner 4
#
#
# Number of elementary sliprate
# isoceles triangular functions
# per subfault:   4
#
# Half duration of elementary sliprate
# isoceles triangular functions (s):   1.55
# Triangles are overlapping each other by half
#
# slip rate unit: cm/s
#
#
# Seismic moment is converted into slip
# using a single constant value for the
# shear modulus mu of  0.250E+12 dyne/cm2
# assumed to be constant and characteristic
# of the fault shear zone
#
#
#
# "rake" (degrees) is the slip angle (Aki"s convention,
# e.g. rake=+45 means left-lateral-reverse movement.
#
#
# ************************************************
# Total seismic moment M0=  0.200E+26 dyne.cm
# ************************************************
#
#
PLANE 1
 165.39301   -48.20700    9    5    45.000    23.000
216.00  73.00     0.203     0.000    16.099
POINTS   45
 165.34200   -48.18260    15.600  216.00  73.00  0.2300E+12    0.00   1.55  -1  -1  -150.13     1  4   0.0  0   0.0  0
       0.1         0.1         0.1         0.6
 165.44586   -48.06678    19.999  216.00  73.00  0.2300E+12    4.59   1.55  -1  -1  -122.10    60  4   0.0  0   0.0  0
      38.7         0.1         0.1         0.1
 165.40636   -48.10302    19.999  216.00  73.00  0.2300E+12    6.95   1.55  -1  -1  -177.50     2  4   0.0  0   0.0  0
       0.3         0.1         0.4         0.3
 165.36687   -48.13927    19.999  216.00  73.00  0.2300E+12    2.17   1.55  -1  -1  -159.96    11  4   0.0  0   0.0  0
       6.6         0.1         0.1         0.1
 165.32738   -48.17551    19.999  216.00  73.00  0.2300E+12    2.61   1.55  -1  -1   179.19     8  4   0.0  0   0.0  0
       3.7         1.0         0.4         0.2
 165.28787   -48.21176    19.999  216.00  73.00  0.2300E+12    5.25   1.55  -1  -1  -153.95     7  4   0.0  0   0.0  0
       2.6         0.3         1.0         0.7
 165.24838   -48.24800    19.999  216.00  73.00  0.2300E+12    3.71   1.55  -1  -1  -145.53    24  4   0.0  0   0.0  0
       0.6         6.2         2.7         5.8
 165.20889   -48.28425    19.999  216.00  73.00  0.2300E+12    7.01   1.55  -1  -1  -157.16    31  4   0.0  0   0.0  0
       0.1        13.3         2.7         3.9
 165.16939   -48.32050    19.999  216.00  73.00  0.2300E+12    5.86   1.55  -1  -1   148.00     0  4   0.0  0   0.0  0
       0.0         0.0         0.0         0.0
 165.49997   -48.03762    15.600  216.00  73.00  0.2300E+12    5.71   1.55  -1  -1   148.00     0  4   0.0  0   0.0  0
       0.0         0.0         0.0         0.0
 165.46048   -48.07386    15.600  216.00  73.00  0.2300E+12    4.59   1.55  -1  -1  -122.11    52  4   0.0  0   0.0  0
      33.1         0.1         0.1         0.1
 165.42099   -48.11011    15.600  216.00  73.00  0.2300E+12    7.01   1.55  -1  -1  -159.17     3  4   0.0  0   0.0  0
       0.1         0.9         1.0         0.2
 165.38148   -48.14635    15.600  216.00  73.00  0.2300E+12    1.49   1.55  -1  -1  -139.84    26  4   0.0  0   0.0  0
      16.4         0.1         0.1         0.1
 165.48535   -48.03053    19.999  216.00  73.00  0.2300E+12    5.86   1.55  -1  -1   148.00     0  4   0.0  0   0.0  0
       0.0         0.0         0.0         0.0
 165.30251   -48.21884    15.600  216.00  73.00  0.2300E+12    2.46   1.55  -1  -1   178.49     4  4   0.0  0   0.0  0
       2.1         0.2         0.1         0.1
 165.26300   -48.25509    15.600  216.00  73.00  0.2300E+12    3.83   1.55  -1  -1  -133.18     2  4   0.0  0   0.0  0
       0.3         0.2         0.2         0.9
 165.22351   -48.29133    15.600  216.00  73.00  0.2300E+12    5.72   1.55  -1  -1  -128.89     4  4   0.0  0   0.0  0
       0.1         1.8         0.3         0.5
 165.18402   -48.32758    15.600  216.00  73.00  0.2300E+12    5.71   1.55  -1  -1   148.00     0  4   0.0  0   0.0  0
       0.0         0.0         0.0         0.0
 165.51460   -48.04470    11.201  216.00  73.00  0.2300E+12    5.86   1.55  -1  -1   148.00     0  4   0.0  0   0.0  0
       0.0         0.0         0.0         0.0
 165.47510   -48.08094    11.201  216.00  73.00  0.2300E+12    6.34   1.55  -1  -1  -160.05     5  4   0.0  0   0.0  0
       1.8         1.4         0.1         0.1
 165.43561   -48.11719    11.201  216.00  73.00  0.2300E+12    4.80   1.55  -1  -1  -150.09     2  4   0.0  0   0.0  0
       0.1         0.3         1.2         0.1
 165.39612   -48.15343    11.201  216.00  73.00  0.2300E+12    6.79   1.55  -1  -1  -148.37     1  4   0.0  0   0.0  0
       0.1         0.3         0.1         0.2
 165.35661   -48.18968    11.201  216.00  73.00  0.2300E+12    2.46   1.55  -1  -1   165.27     5  4   0.0  0   0.0  0
       3.0         0.1         0.1         0.1
 165.31712   -48.22593    11.201  216.00  73.00  0.2300E+12    2.19   1.55  -1  -1  -137.35     4  4   0.0  0   0.0  0
       2.5         0.1         0.1         0.1
 165.27763   -48.26217    11.201  216.00  73.00  0.2300E+12    3.32   1.55  -1  -1   173.17     6  4   0.0  0   0.0  0
       2.6         1.0         0.3         0.1
 165.23813   -48.29842    11.201  216.00  73.00  0.2300E+12    6.93   1.55  -1  -1  -179.33     5  4   0.0  0   0.0  0
       1.0         0.1         0.1         2.1
 165.19864   -48.33466    11.201  216.00  73.00  0.2300E+12    5.86   1.55  -1  -1   148.00     0  4   0.0  0   0.0  0
       0.0         0.0         0.0         0.0
 165.52922   -48.05178     6.802  216.00  73.00  0.2300E+12    6.29   1.55  -1  -1   148.00     0  4   0.0  0   0.0  0
       0.0         0.0         0.0         0.0
 165.48973   -48.08803     6.802  216.00  73.00  0.2300E+12    7.13   1.55  -1  -1  -122.12    20  4   0.0  0   0.0  0
       0.1         0.3         7.7         5.1
 165.45023   -48.12428     6.802  216.00  73.00  0.2300E+12    6.33   1.55  -1  -1  -125.77    12  4   0.0  0   0.0  0
       0.1         4.8         3.1         0.1
 165.41074   -48.16052     6.802  216.00  73.00  0.2300E+12    5.53   1.55  -1  -1  -132.35     3  4   0.0  0   0.0  0
       0.2         1.3         0.2         0.1
 165.37125   -48.19677     6.802  216.00  73.00  0.2300E+12    4.14   1.55  -1  -1  -123.45     7  4   0.0  0   0.0  0
       1.5         2.6         0.1         0.1
 165.33174   -48.23301     6.802  216.00  73.00  0.2300E+12    5.40   1.55  -1  -1  -148.62     1  4   0.0  0   0.0  0
       0.1         0.1         0.1         0.1
 165.29225   -48.26926     6.802  216.00  73.00  0.2300E+12    5.30   1.55  -1  -1   171.09     4  4   0.0  0   0.0  0
       1.4         0.9         0.1         0.1
 165.25275   -48.30550     6.802  216.00  73.00  0.2300E+12    5.47   1.55  -1  -1   169.02     3  4   0.0  0   0.0  0
       1.6         0.1         0.1         0.4
 165.21326   -48.34175     6.802  216.00  73.00  0.2300E+12    6.29   1.55  -1  -1   148.00     0  4   0.0  0   0.0  0
       0.0         0.0         0.0         0.0
 165.54384   -48.05887     2.403  216.00  73.00  0.2300E+12    6.94   1.55  -1  -1   148.00     0  4   0.0  0   0.0  0
       0.0         0.0         0.0         0.0
 165.50435   -48.09511     2.403  216.00  73.00  0.2300E+12    6.99   1.55  -1  -1  -122.60     4  4   0.0  0   0.0  0
       0.1         1.1         0.8         0.8
 165.46484   -48.13136     2.403  216.00  73.00  0.2300E+12    6.01   1.55  -1  -1  -122.21    15  4   0.0  0   0.0  0
       0.1         0.4         8.8         0.1
 165.42535   -48.16760     2.403  216.00  73.00  0.2300E+12    4.46   1.55  -1  -1  -123.13     6  4   0.0  0   0.0  0
       1.9         1.6         0.1         0.1
 165.38586   -48.20385     2.403  216.00  73.00  0.2300E+12    4.11   1.55  -1  -1  -134.27     5  4   0.0  0   0.0  0
       2.6         0.1         0.2         0.1
 165.34636   -48.24009     2.403  216.00  73.00  0.2300E+12    5.31   1.55  -1  -1   169.79     1  4   0.0  0   0.0  0
       0.1         0.1         0.1         0.1
 165.30687   -48.27634     2.403  216.00  73.00  0.2300E+12    6.49   1.55  -1  -1   159.72     2  4   0.0  0   0.0  0
       1.4         0.1         0.1         0.1
 165.26738   -48.31258     2.403  216.00  73.00  0.2300E+12    6.28   1.55  -1  -1   159.27     1  4   0.0  0   0.0  0
       0.1         0.1         0.1         0.1
 165.22787   -48.34883     2.403  216.00  73.00  0.2300E+12    6.94   1.55  -1  -1   148.00     0  4   0.0  0   0.0  0
       0.0         0.0         0.0         0.0
