2.0
#
# http://equake-rc.info/static/paper/SRF-Description-Graves_2.0.pdf
# RECTANGULAR fault MODEL
#
# All subfaults are  10.0 km long along strike and
#   3.3 km wide along dip
#
# Model length along strike is  130.0 km
#
# Model width along dip is   16.5 km
#
# Corners of the rectangular dislocation model (lat, lon):
#     36.140  -117.041 : corner 1
#     35.389  -118.146 : corner 2
#     35.407  -118.165 : corner 3
#     36.158  -117.059 : corner 4
#
#
# Number of elementary sliprate
# isoceles triangular functions
# per subfault:   4
#
# Half duration of elementary sliprate
# isoceles triangular functions (s):   3.09
# Triangles are overlapping each other by half
#
# slip rate unit: cm/s
#
#
# Seismic moment is converted into slip
# using a single constant value for the
# shear modulus mu of  0.250E+12 dyne/cm2
# assumed to be constant and characteristic
# of the fault shear zone
#
#
#
# "rake" (degrees) is the slip angle (Aki"s convention,
# e.g. rake=+45 means left-lateral-reverse movement.
#
#
# ************************************************
# Total seismic moment M0=  0.380E+27 dyne.cm
# ************************************************
#
#
PLANE 1
-117.59351    35.76450   13    5   130.000    16.500
230.05  81.05     0.110     0.000     4.950
POINTS   65
-117.59900    35.77000     5.000  230.05  81.05  0.3300E+12    0.00   3.09  -1  -1    -3.52   386  4   0.0  0   0.0  0
      80.9        34.9         8.6         0.6
-117.18472    36.06962    14.779  230.05  81.05  0.3300E+12   14.56   3.09  -1  -1   -51.07     0  4   0.0  0   0.0  0
       0.0         0.0         0.0         0.0
-117.26977    36.01182    14.779  230.05  81.05  0.3300E+12   11.77   3.09  -1  -1   -51.07     0  4   0.0  0   0.0  0
       0.0         0.0         0.0         0.0
-117.35482    35.95403    14.779  230.05  81.05  0.3300E+12   15.72   3.09  -1  -1    20.29    28  4   0.0  0   0.0  0
       2.3         3.5         3.2         0.2
-117.43987    35.89622    14.779  230.05  81.05  0.3300E+12   12.79   3.09  -1  -1   -47.37    51  4   0.0  0   0.0  0
       8.9         0.3         1.7         5.7
-117.52492    35.83843    14.779  230.05  81.05  0.3300E+12    4.60   3.09  -1  -1    29.06    51  4   0.0  0   0.0  0
       0.6         0.8         9.6         5.6
-117.60997    35.78063    14.779  230.05  81.05  0.3300E+12    3.36   3.09  -1  -1    -4.07   243  4   0.0  0   0.0  0
      77.9         0.3         0.4         0.2
-117.69502    35.72283    14.779  230.05  81.05  0.3300E+12   12.88   3.09  -1  -1   -26.07    76  4   0.0  0   0.0  0
       1.9        12.0         8.4         2.4
-117.78008    35.66503    14.779  230.05  81.05  0.3300E+12   13.91   3.09  -1  -1   -13.90    64  4   0.0  0   0.0  0
       7.9         0.6         2.0        10.3
-117.86512    35.60723    14.779  230.05  81.05  0.3300E+12    9.03   3.09  -1  -1   -51.07     0  4   0.0  0   0.0  0
       0.0         0.0         0.0         0.0
-117.95017    35.54943    14.779  230.05  81.05  0.3300E+12   11.77   3.09  -1  -1   -51.07     0  4   0.0  0   0.0  0
       0.0         0.0         0.0         0.0
-118.03522    35.49164    14.779  230.05  81.05  0.3300E+12   14.56   3.09  -1  -1   -51.07     0  4   0.0  0   0.0  0
       0.0         0.0         0.0         0.0
-118.12028    35.43384    14.779  230.05  81.05  0.3300E+12   17.38   3.09  -1  -1   -51.07     0  4   0.0  0   0.0  0
       0.0         0.0         0.0         0.0
-117.09601    36.12388    11.520  230.05  81.05  0.3300E+12   17.25   3.09  -1  -1   -51.07     0  4   0.0  0   0.0  0
       0.0         0.0         0.0         0.0
-117.18106    36.06608    11.520  230.05  81.05  0.3300E+12   14.41   3.09  -1  -1   -51.07     0  4   0.0  0   0.0  0
       0.0         0.0         0.0         0.0
-117.26611    36.00828    11.520  230.05  81.05  0.3300E+12   11.58   3.09  -1  -1   -51.07     0  4   0.0  0   0.0  0
       0.0         0.0         0.0         0.0
-117.35116    35.95048    11.520  230.05  81.05  0.3300E+12   15.06   3.09  -1  -1    30.72    34  4   0.0  0   0.0  0
       2.9         3.0         3.8         1.3
-117.43621    35.89268    11.520  230.05  81.05  0.3300E+12    6.52   3.09  -1  -1    11.11    36  4   0.0  0   0.0  0
       2.9         8.0         0.6         0.2
-117.52126    35.83488    11.520  230.05  81.05  0.3300E+12    3.42   3.09  -1  -1   -16.07   140  4   0.0  0   0.0  0
      41.7         0.2         2.2         1.4
-117.60632    35.77708    11.520  230.05  81.05  0.3300E+12    1.94   3.09  -1  -1    -3.95   250  4   0.0  0   0.0  0
      79.9         0.3         0.4         0.1
-117.69136    35.71929    11.520  230.05  81.05  0.3300E+12    3.84   3.09  -1  -1   -14.57   128  4   0.0  0   0.0  0
      23.8        13.3         0.1         4.4
-117.77641    35.66149    11.520  230.05  81.05  0.3300E+12    8.94   3.09  -1  -1    -6.23    55  4   0.0  0   0.0  0
      13.3         1.3         0.2         3.1
-117.86147    35.60369    11.520  230.05  81.05  0.3300E+12    8.78   3.09  -1  -1   -51.07     0  4   0.0  0   0.0  0
       0.0         0.0         0.0         0.0
-117.94652    35.54589    11.520  230.05  81.05  0.3300E+12   11.58   3.09  -1  -1   -51.07     0  4   0.0  0   0.0  0
       0.0         0.0         0.0         0.0
-118.03156    35.48809    11.520  230.05  81.05  0.3300E+12   14.41   3.09  -1  -1   -51.07     0  4   0.0  0   0.0  0
       0.0         0.0         0.0         0.0
-118.11662    35.43029    11.520  230.05  81.05  0.3300E+12   17.25   3.09  -1  -1   -51.07     0  4   0.0  0   0.0  0
       0.0         0.0         0.0         0.0
-117.09235    36.12033     8.260  230.05  81.05  0.3300E+12   17.17   3.09  -1  -1   -51.07     0  4   0.0  0   0.0  0
       0.0         0.0         0.0         0.0
-117.17741    36.06253     8.260  230.05  81.05  0.3300E+12   14.32   3.09  -1  -1   -51.07     0  4   0.0  0   0.0  0
       0.0         0.0         0.0         0.0
-117.26245    36.00474     8.260  230.05  81.05  0.3300E+12   11.47   3.09  -1  -1   -51.07     0  4   0.0  0   0.0  0
       0.0         0.0         0.0         0.0
-117.34750    35.94694     8.260  230.05  81.05  0.3300E+12   14.71   3.09  -1  -1    38.02    47  4   0.0  0   0.0  0
       6.3         0.3         7.1         1.5
-117.43256    35.88914     8.260  230.05  81.05  0.3300E+12    8.66   3.09  -1  -1   -47.58    88  4   0.0  0   0.0  0
      14.2        10.0         4.1         0.2
-117.51761    35.83134     8.260  230.05  81.05  0.3300E+12    3.41   3.09  -1  -1    24.49   183  4   0.0  0   0.0  0
      37.9        12.8         7.3         1.1
-117.60265    35.77354     8.260  230.05  81.05  0.3300E+12    1.15   3.09  -1  -1    -0.88   389  4   0.0  0   0.0  0
      80.6        44.8         0.3         0.2
-117.68771    35.71574     8.260  230.05  81.05  0.3300E+12    4.78   3.09  -1  -1    23.05   181  4   0.0  0   0.0  0
       2.4        35.2         1.9        19.2
-117.77276    35.65795     8.260  230.05  81.05  0.3300E+12    9.78   3.09  -1  -1    11.78    46  4   0.0  0   0.0  0
      11.2         3.0         0.2         0.4
-117.85781    35.60015     8.260  230.05  81.05  0.3300E+12    8.62   3.09  -1  -1   -51.07     0  4   0.0  0   0.0  0
       0.0         0.0         0.0         0.0
-117.94286    35.54235     8.260  230.05  81.05  0.3300E+12   11.47   3.09  -1  -1   -51.07     0  4   0.0  0   0.0  0
       0.0         0.0         0.0         0.0
-118.02791    35.48455     8.260  230.05  81.05  0.3300E+12   14.32   3.09  -1  -1   -51.07     0  4   0.0  0   0.0  0
       0.0         0.0         0.0         0.0
-118.11296    35.42675     8.260  230.05  81.05  0.3300E+12   17.17   3.09  -1  -1   -51.07     0  4   0.0  0   0.0  0
       0.0         0.0         0.0         0.0
-117.08869    36.11679     5.000  230.05  81.05  0.3300E+12   17.14   3.09  -1  -1   -51.07     0  4   0.0  0   0.0  0
       0.0         0.0         0.0         0.0
-117.17374    36.05899     5.000  230.05  81.05  0.3300E+12   14.29   3.09  -1  -1   -51.07     0  4   0.0  0   0.0  0
       0.0         0.0         0.0         0.0
-117.25880    36.00119     5.000  230.05  81.05  0.3300E+12   11.43   3.09  -1  -1   -51.07     0  4   0.0  0   0.0  0
       0.0         0.0         0.0         0.0
-117.34385    35.94340     5.000  230.05  81.05  0.3300E+12   13.72   3.09  -1  -1    37.84    55  4   0.0  0   0.0  0
      14.4         0.2         2.8         0.5
-117.42889    35.88560     5.000  230.05  81.05  0.3300E+12    5.71   3.09  -1  -1   -49.34   184  4   0.0  0   0.0  0
      45.6        13.7         0.2         0.2
-117.51395    35.82780     5.000  230.05  81.05  0.3300E+12    6.58   3.09  -1  -1     5.77   250  4   0.0  0   0.0  0
      36.9        36.0         0.2         7.7
-117.09967    36.12742    14.779  230.05  81.05  0.3300E+12   17.38   3.09  -1  -1   -51.07     0  4   0.0  0   0.0  0
       0.0         0.0         0.0         0.0
-117.68405    35.71220     5.000  230.05  81.05  0.3300E+12    6.95   3.09  -1  -1   -12.69   251  4   0.0  0   0.0  0
      55.4        24.6         1.1         0.4
-117.76910    35.65440     5.000  230.05  81.05  0.3300E+12    5.94   3.09  -1  -1   -29.97    55  4   0.0  0   0.0  0
      16.2         0.2         0.1         1.1
-117.85415    35.59660     5.000  230.05  81.05  0.3300E+12    8.57   3.09  -1  -1   -51.07     0  4   0.0  0   0.0  0
       0.0         0.0         0.0         0.0
-117.93920    35.53881     5.000  230.05  81.05  0.3300E+12   11.43   3.09  -1  -1   -51.07     0  4   0.0  0   0.0  0
       0.0         0.0         0.0         0.0
-118.02425    35.48101     5.000  230.05  81.05  0.3300E+12   14.29   3.09  -1  -1   -51.07     0  4   0.0  0   0.0  0
       0.0         0.0         0.0         0.0
-118.10931    35.42321     5.000  230.05  81.05  0.3300E+12   17.14   3.09  -1  -1   -51.07     0  4   0.0  0   0.0  0
       0.0         0.0         0.0         0.0
-117.08504    36.11325     1.740  230.05  81.05  0.3300E+12   17.17   3.09  -1  -1   -51.07     0  4   0.0  0   0.0  0
       0.0         0.0         0.0         0.0
-117.17009    36.05545     1.740  230.05  81.05  0.3300E+12   14.32   3.09  -1  -1   -51.07     0  4   0.0  0   0.0  0
       0.0         0.0         0.0         0.0
-117.25514    35.99765     1.740  230.05  81.05  0.3300E+12   11.47   3.09  -1  -1   -51.07     0  4   0.0  0   0.0  0
       0.0         0.0         0.0         0.0
-117.34019    35.93985     1.740  230.05  81.05  0.3300E+12    8.90   3.09  -1  -1     7.64    83  4   0.0  0   0.0  0
      25.9         0.8         0.1         0.2
-117.42524    35.88205     1.740  230.05  81.05  0.3300E+12    5.79   3.09  -1  -1   -24.74   159  4   0.0  0   0.0  0
      47.2         2.4         1.5         0.2
-117.51029    35.82426     1.740  230.05  81.05  0.3300E+12    7.70   3.09  -1  -1    27.69   260  4   0.0  0   0.0  0
      29.6        30.6        19.8         4.1
-117.59534    35.76646     1.740  230.05  81.05  0.3300E+12    1.73   3.09  -1  -1    -2.72   505  4   0.0  0   0.0  0
      63.2        69.3        30.8         0.1
-117.68039    35.70866     1.740  230.05  81.05  0.3300E+12    6.72   3.09  -1  -1     8.40   294  4   0.0  0   0.0  0
      28.7        44.1        21.6         0.7
-117.76544    35.65086     1.740  230.05  81.05  0.3300E+12   16.85   3.09  -1  -1   -18.28    26  4   0.0  0   0.0  0
       2.2         1.8         2.5         1.9
-117.85049    35.59306     1.740  230.05  81.05  0.3300E+12    8.62   3.09  -1  -1   -51.07     0  4   0.0  0   0.0  0
       0.0         0.0         0.0         0.0
-117.93555    35.53526     1.740  230.05  81.05  0.3300E+12   11.47   3.09  -1  -1   -51.07     0  4   0.0  0   0.0  0
       0.0         0.0         0.0         0.0
-118.02059    35.47747     1.740  230.05  81.05  0.3300E+12   14.32   3.09  -1  -1   -51.07     0  4   0.0  0   0.0  0
       0.0         0.0         0.0         0.0
-118.10564    35.41967     1.740  230.05  81.05  0.3300E+12   17.17   3.09  -1  -1   -51.07     0  4   0.0  0   0.0  0
       0.0         0.0         0.0         0.0
