2.0
#
# http://equake-rc.info/static/paper/SRF-Description-Graves_2.0.pdf
# RECTANGULAR fault MODEL
#
# All subfaults are  10.0 km long along strike and
#   3.3 km wide along dip
#
# Model length along strike is  130.0 km
#
# Model width along dip is   16.5 km
#
# Corners of the rectangular dislocation model (lat, lon):
#     35.312  -117.150 : corner 1
#     36.222  -118.057 : corner 2
#     36.232  -118.042 : corner 3
#     35.322  -117.135 : corner 4
#
#
# Number of elementary sliprate
# isoceles triangular functions
# per subfault:   4
#
# Half duration of elementary sliprate
# isoceles triangular functions (s):   3.09
# Triangles are overlapping each other by half
#
# slip rate unit: cm/s
#
#
# Seismic moment is converted into slip
# using a single constant value for the
# shear modulus mu of  0.250E+12 dyne/cm2
# assumed to be constant and characteristic
# of the fault shear zone
#
#
#
# "rake" (degrees) is the slip angle (Aki"s convention,
# e.g. rake=+45 means left-lateral-reverse movement.
#
#
# ************************************************
# Total seismic moment M0=  0.496E+27 dyne.cm
# ************************************************
#
#
PLANE 1
-117.60350    35.76700   13    5   130.000    16.500
321.00  84.00     0.077     0.000     4.950
POINTS   65
-117.59900    35.77000     5.000  321.00  84.00  0.3300E+12    0.00   3.09  -1  -1   170.60   357  4   0.0  0   0.0  0
      75.6        28.2        11.6         0.2
-117.24099    35.42609    14.846  321.00  84.00  0.3300E+12   14.56   3.09  -1  -1   144.00     0  4   0.0  0   0.0  0
       0.0         0.0         0.0         0.0
-117.31081    35.49604    14.846  321.00  84.00  0.3300E+12   11.77   3.09  -1  -1   144.00     0  4   0.0  0   0.0  0
       0.0         0.0         0.0         0.0
-117.38062    35.56600    14.846  321.00  84.00  0.3300E+12    9.03   3.09  -1  -1   144.00     0  4   0.0  0   0.0  0
       0.0         0.0         0.0         0.0
-117.45044    35.63595    14.846  321.00  84.00  0.3300E+12   14.73   3.09  -1  -1  -130.77   207  4   0.0  0   0.0  0
       8.4        28.8        17.1        12.5
-117.52026    35.70591    14.846  321.00  84.00  0.3300E+12    8.75   3.09  -1  -1  -126.13   327  4   0.0  0   0.0  0
      46.8        42.6         4.4        12.0
-117.59008    35.77586    14.846  321.00  84.00  0.3300E+12    3.47   3.09  -1  -1  -167.69   251  4   0.0  0   0.0  0
      79.8         1.0         0.1         0.1
-117.65990    35.84582    14.846  321.00  84.00  0.3300E+12   10.74   3.09  -1  -1  -142.46    43  4   0.0  0   0.0  0
       5.3         0.3         4.6         3.7
-117.72971    35.91577    14.846  321.00  84.00  0.3300E+12    9.42   3.09  -1  -1  -159.06     5  4   0.0  0   0.0  0
       0.5         0.8         0.2         0.1
-117.79953    35.98573    14.846  321.00  84.00  0.3300E+12   16.60   3.09  -1  -1   146.44    23  4   0.0  0   0.0  0
       1.0         0.8         0.3         5.2
-117.86935    36.05568    14.846  321.00  84.00  0.3300E+12   11.77   3.09  -1  -1   144.00     0  4   0.0  0   0.0  0
       0.0         0.0         0.0         0.0
-117.93916    36.12564    14.846  321.00  84.00  0.3300E+12   14.56   3.09  -1  -1   144.00     0  4   0.0  0   0.0  0
       0.0         0.0         0.0         0.0
-118.00899    36.19559    14.846  321.00  84.00  0.3300E+12   17.38   3.09  -1  -1   144.00     0  4   0.0  0   0.0  0
       0.0         0.0         0.0         0.0
-117.17414    35.35418    11.564  321.00  84.00  0.3300E+12   17.25   3.09  -1  -1   144.00     0  4   0.0  0   0.0  0
       0.0         0.0         0.0         0.0
-117.24396    35.42413    11.564  321.00  84.00  0.3300E+12   14.41   3.09  -1  -1   144.00     0  4   0.0  0   0.0  0
       0.0         0.0         0.0         0.0
-117.31378    35.49409    11.564  321.00  84.00  0.3300E+12   11.58   3.09  -1  -1   144.00     0  4   0.0  0   0.0  0
       0.0         0.0         0.0         0.0
-117.38360    35.56404    11.564  321.00  84.00  0.3300E+12    8.78   3.09  -1  -1   144.00     0  4   0.0  0   0.0  0
       0.0         0.0         0.0         0.0
-117.45341    35.63400    11.564  321.00  84.00  0.3300E+12    7.90   3.09  -1  -1  -142.20   207  4   0.0  0   0.0  0
       2.9        14.7        29.7        19.8
-117.52323    35.70395    11.564  321.00  84.00  0.3300E+12    4.95   3.09  -1  -1  -138.90   251  4   0.0  0   0.0  0
      51.2         5.8        20.6         3.7
-117.59305    35.77391    11.564  321.00  84.00  0.3300E+12    2.39   3.09  -1  -1  -176.41   256  4   0.0  0   0.0  0
      81.0         1.2         0.2         0.3
-117.66287    35.84386    11.564  321.00  84.00  0.3300E+12   10.93   3.09  -1  -1  -164.41   115  4   0.0  0   0.0  0
      35.4         0.2         1.4         0.2
-117.73269    35.91382    11.564  321.00  84.00  0.3300E+12   12.31   3.09  -1  -1  -162.97    33  4   0.0  0   0.0  0
       9.5         1.0         0.1         0.2
-117.80251    35.98377    11.564  321.00  84.00  0.3300E+12    9.12   3.09  -1  -1   165.34     5  4   0.0  0   0.0  0
       0.4         0.2         0.7         0.2
-117.87232    36.05373    11.564  321.00  84.00  0.3300E+12   11.58   3.09  -1  -1   144.00     0  4   0.0  0   0.0  0
       0.0         0.0         0.0         0.0
-117.94214    36.12368    11.564  321.00  84.00  0.3300E+12   14.41   3.09  -1  -1   144.00     0  4   0.0  0   0.0  0
       0.0         0.0         0.0         0.0
-118.01196    36.19364    11.564  321.00  84.00  0.3300E+12   17.25   3.09  -1  -1   144.00     0  4   0.0  0   0.0  0
       0.0         0.0         0.0         0.0
-117.17712    35.35223     8.282  321.00  84.00  0.3300E+12   17.17   3.09  -1  -1   144.00     0  4   0.0  0   0.0  0
       0.0         0.0         0.0         0.0
-117.24693    35.42218     8.282  321.00  84.00  0.3300E+12   14.32   3.09  -1  -1   144.00     0  4   0.0  0   0.0  0
       0.0         0.0         0.0         0.0
-117.31675    35.49213     8.282  321.00  84.00  0.3300E+12   11.47   3.09  -1  -1   144.00     0  4   0.0  0   0.0  0
       0.0         0.0         0.0         0.0
-117.38657    35.56209     8.282  321.00  84.00  0.3300E+12    8.62   3.09  -1  -1   144.00     0  4   0.0  0   0.0  0
       0.0         0.0         0.0         0.0
-117.45639    35.63205     8.282  321.00  84.00  0.3300E+12    8.74   3.09  -1  -1  -164.57   213  4   0.0  0   0.0  0
      17.1        13.1        33.4         5.4
-117.52621    35.70200     8.282  321.00  84.00  0.3300E+12    4.35   3.09  -1  -1  -177.48   242  4   0.0  0   0.0  0
      54.0        10.3        13.0         0.9
-117.59602    35.77195     8.282  321.00  84.00  0.3300E+12    1.06   3.09  -1  -1  -177.24   328  4   0.0  0   0.0  0
      79.5        25.8         0.3         0.5
-117.66584    35.84191     8.282  321.00  84.00  0.3300E+12    3.39   3.09  -1  -1   165.43   218  4   0.0  0   0.0  0
      59.9         0.2        10.4         0.2
-117.73566    35.91187     8.282  321.00  84.00  0.3300E+12    7.94   3.09  -1  -1  -129.71   110  4   0.0  0   0.0  0
      21.4         7.4         6.0         0.8
-117.80548    35.98182     8.282  321.00  84.00  0.3300E+12    9.03   3.09  -1  -1   177.33    21  4   0.0  0   0.0  0
       3.9         1.6         0.3         1.1
-117.87530    36.05177     8.282  321.00  84.00  0.3300E+12   11.47   3.09  -1  -1   144.00     0  4   0.0  0   0.0  0
       0.0         0.0         0.0         0.0
-117.94511    36.12173     8.282  321.00  84.00  0.3300E+12   14.32   3.09  -1  -1   144.00     0  4   0.0  0   0.0  0
       0.0         0.0         0.0         0.0
-118.01493    36.19168     8.282  321.00  84.00  0.3300E+12   17.17   3.09  -1  -1   144.00     0  4   0.0  0   0.0  0
       0.0         0.0         0.0         0.0
-117.18009    35.35027     5.000  321.00  84.00  0.3300E+12   17.14   3.09  -1  -1   144.00     0  4   0.0  0   0.0  0
       0.0         0.0         0.0         0.0
-117.24991    35.42023     5.000  321.00  84.00  0.3300E+12   14.29   3.09  -1  -1   144.00     0  4   0.0  0   0.0  0
       0.0         0.0         0.0         0.0
-117.31973    35.49018     5.000  321.00  84.00  0.3300E+12   11.43   3.09  -1  -1   144.00     0  4   0.0  0   0.0  0
       0.0         0.0         0.0         0.0
-117.38954    35.56013     5.000  321.00  84.00  0.3300E+12    8.57   3.09  -1  -1   144.00     0  4   0.0  0   0.0  0
       0.0         0.0         0.0         0.0
-117.45937    35.63009     5.000  321.00  84.00  0.3300E+12   10.50   3.09  -1  -1  -173.84   211  4   0.0  0   0.0  0
       4.1        25.3        30.9         8.0
-117.52918    35.70005     5.000  321.00  84.00  0.3300E+12    4.73   3.09  -1  -1   166.57   275  4   0.0  0   0.0  0
      30.7        32.4        17.5         8.5
-117.17117    35.35613    14.846  321.00  84.00  0.3300E+12   17.38   3.09  -1  -1   144.00     0  4   0.0  0   0.0  0
       0.0         0.0         0.0         0.0
-117.66882    35.83995     5.000  321.00  84.00  0.3300E+12    2.93   3.09  -1  -1  -173.36   255  4   0.0  0   0.0  0
      52.1        18.8         6.0         5.5
-117.73863    35.90991     5.000  321.00  84.00  0.3300E+12    8.68   3.09  -1  -1  -133.23   208  4   0.0  0   0.0  0
      20.4        28.2        12.1         6.7
-117.80846    35.97987     5.000  321.00  84.00  0.3300E+12   16.89   3.09  -1  -1  -164.98    71  4   0.0  0   0.0  0
      12.5         2.8         2.3         5.5
-117.87827    36.04982     5.000  321.00  84.00  0.3300E+12   11.43   3.09  -1  -1   144.00     0  4   0.0  0   0.0  0
       0.0         0.0         0.0         0.0
-117.94809    36.11977     5.000  321.00  84.00  0.3300E+12   14.29   3.09  -1  -1   144.00     0  4   0.0  0   0.0  0
       0.0         0.0         0.0         0.0
-118.01791    36.18973     5.000  321.00  84.00  0.3300E+12   17.14   3.09  -1  -1   144.00     0  4   0.0  0   0.0  0
       0.0         0.0         0.0         0.0
-117.18307    35.34832     1.718  321.00  84.00  0.3300E+12   17.17   3.09  -1  -1   144.00     0  4   0.0  0   0.0  0
       0.0         0.0         0.0         0.0
-117.25288    35.41827     1.718  321.00  84.00  0.3300E+12   14.32   3.09  -1  -1   144.00     0  4   0.0  0   0.0  0
       0.0         0.0         0.0         0.0
-117.32270    35.48823     1.718  321.00  84.00  0.3300E+12   11.47   3.09  -1  -1   144.00     0  4   0.0  0   0.0  0
       0.0         0.0         0.0         0.0
-117.39252    35.55818     1.718  321.00  84.00  0.3300E+12    8.62   3.09  -1  -1   144.00     0  4   0.0  0   0.0  0
       0.0         0.0         0.0         0.0
-117.46233    35.62814     1.718  321.00  84.00  0.3300E+12    6.08   3.09  -1  -1  -166.32   208  4   0.0  0   0.0  0
      13.3        37.4         2.3        14.2
-117.53216    35.69809     1.718  321.00  84.00  0.3300E+12    4.75   3.09  -1  -1   144.74   376  4   0.0  0   0.0  0
      44.5        50.2        26.3         0.6
-117.60197    35.76805     1.718  321.00  84.00  0.3300E+12    1.73   3.09  -1  -1   159.76   472  4   0.0  0   0.0  0
      47.8        68.0        36.5         0.4
-117.67179    35.83800     1.718  321.00  84.00  0.3300E+12    4.43   3.09  -1  -1   149.56   328  4   0.0  0   0.0  0
      54.3        45.5         3.8         2.4
-117.74161    35.90796     1.718  321.00  84.00  0.3300E+12   14.73   3.09  -1  -1  -151.69   318  4   0.0  0   0.0  0
      32.6        28.1        20.6        21.6
-117.81142    35.97791     1.718  321.00  84.00  0.3300E+12    8.92   3.09  -1  -1  -173.69    80  4   0.0  0   0.0  0
      16.6         2.4         1.2         5.7
-117.88125    36.04787     1.718  321.00  84.00  0.3300E+12   11.47   3.09  -1  -1   144.00     0  4   0.0  0   0.0  0
       0.0         0.0         0.0         0.0
-117.95107    36.11782     1.718  321.00  84.00  0.3300E+12   14.32   3.09  -1  -1   144.00     0  4   0.0  0   0.0  0
       0.0         0.0         0.0         0.0
-118.02088    36.18777     1.718  321.00  84.00  0.3300E+12   17.17   3.09  -1  -1   144.00     0  4   0.0  0   0.0  0
       0.0         0.0         0.0         0.0
