2.0
#
# http://equake-rc.info/static/paper/SRF-Description-Graves_2.0.pdf
# RECTANGULAR fault MODEL
#
# All subfaults are   6.0 km long along strike and
#  10.9 km wide along dip
#
# Model length along strike is   54.0 km
#
# Model width along dip is   54.5 km
#
# Corners of the rectangular dislocation model (lat, lon):
#    -28.473   -71.257 : corner 1
#    -28.953   -71.190 : corner 2
#    -28.972   -71.361 : corner 3
#    -28.491   -71.428 : corner 4
#
#
# Number of elementary sliprate
# isoceles triangular functions
# per subfault:   4
#
# Half duration of elementary sliprate
# isoceles triangular functions (s):   1.67
# Triangles are overlapping each other by half
#
# slip rate unit: cm/s
#
#
# Seismic moment is converted into slip
# using a single constant value for the
# shear modulus mu of  0.250E+12 dyne/cm2
# assumed to be constant and characteristic
# of the fault shear zone
#
#
#
# "rake" (degrees) is the slip angle (Aki"s convention,
# e.g. rake=+45 means left-lateral-reverse movement.
#
#
# ************************************************
# Total seismic moment M0=  0.111E+26 dyne.cm
# ************************************************
#
#
PLANE 1
 -71.22350   -28.71300    9    5    54.000    54.500
173.00  72.00     0.117     0.000    38.150
POINTS   45
 -71.34300   -28.72580    36.400  173.00  72.00  0.6540E+12    0.00   1.67  -1  -1    77.90    50  4   0.0  0   0.0  0
      29.9         0.1         0.0         0.1
 -71.39963   -28.56925    46.767  173.00  72.00  0.6540E+12    6.01   1.67  -1  -1    40.00     0  4   0.0  0   0.0  0
       0.0         0.0         0.0         0.0
 -71.39215   -28.62266    46.767  173.00  72.00  0.6540E+12    4.63   1.67  -1  -1    40.00     0  4   0.0  0   0.0  0
       0.0         0.0         0.0         0.0
 -71.38467   -28.67607    46.767  173.00  72.00  0.6540E+12    8.09   1.67  -1  -1   128.73     1  4   0.0  0   0.0  0
       0.1         0.1         0.1         0.7
 -71.37719   -28.72948    46.767  173.00  72.00  0.6540E+12    8.04   1.67  -1  -1   126.51     0  4   0.0  0   0.0  0
       0.1         0.1         0.1         0.1
 -71.36971   -28.78289    46.767  173.00  72.00  0.6540E+12    8.09   1.67  -1  -1    58.42     0  4   0.0  0   0.0  0
       0.1         0.1         0.1         0.1
 -71.36224   -28.83630    46.767  173.00  72.00  0.6540E+12    8.11   1.67  -1  -1    40.66     0  4   0.0  0   0.0  0
       0.1         0.1         0.1         0.1
 -71.35476   -28.88971    46.767  173.00  72.00  0.6540E+12    6.01   1.67  -1  -1    40.00     0  4   0.0  0   0.0  0
       0.0         0.0         0.0         0.0
 -71.34728   -28.94312    46.767  173.00  72.00  0.6540E+12    7.53   1.67  -1  -1    40.00     0  4   0.0  0   0.0  0
       0.0         0.0         0.0         0.0
 -71.37292   -28.51216    36.400  173.00  72.00  0.6540E+12    6.86   1.67  -1  -1    40.00     0  4   0.0  0   0.0  0
       0.0         0.0         0.0         0.0
 -71.36544   -28.56557    36.400  173.00  72.00  0.6540E+12    5.14   1.67  -1  -1    40.00     0  4   0.0  0   0.0  0
       0.0         0.0         0.0         0.0
 -71.35796   -28.61898    36.400  173.00  72.00  0.6540E+12    3.43   1.67  -1  -1    40.00     0  4   0.0  0   0.0  0
       0.0         0.0         0.0         0.0
 -71.35048   -28.67239    36.400  173.00  72.00  0.6540E+12    1.79   1.67  -1  -1    93.56     0  4   0.0  0   0.0  0
       0.1         0.1         0.1         0.1
 -71.40710   -28.51584    46.767  173.00  72.00  0.6540E+12    7.53   1.67  -1  -1    40.00     0  4   0.0  0   0.0  0
       0.0         0.0         0.0         0.0
 -71.33553   -28.77921    36.400  173.00  72.00  0.6540E+12    1.87   1.67  -1  -1   110.60     5  4   0.0  0   0.0  0
       2.7         0.1         0.1         0.1
 -71.32805   -28.83262    36.400  173.00  72.00  0.6540E+12    8.10   1.67  -1  -1    41.99     0  4   0.0  0   0.0  0
       0.1         0.1         0.1         0.1
 -71.32056   -28.88603    36.400  173.00  72.00  0.6540E+12    5.14   1.67  -1  -1    40.00     0  4   0.0  0   0.0  0
       0.0         0.0         0.0         0.0
 -71.31309   -28.93944    36.400  173.00  72.00  0.6540E+12    6.86   1.67  -1  -1    40.00     0  4   0.0  0   0.0  0
       0.0         0.0         0.0         0.0
 -71.33872   -28.50848    26.033  173.00  72.00  0.6540E+12    7.53   1.67  -1  -1    40.00     0  4   0.0  0   0.0  0
       0.0         0.0         0.0         0.0
 -71.33125   -28.56189    26.033  173.00  72.00  0.6540E+12    6.01   1.67  -1  -1    40.00     0  4   0.0  0   0.0  0
       0.0         0.0         0.0         0.0
 -71.32377   -28.61530    26.033  173.00  72.00  0.6540E+12    4.63   1.67  -1  -1    40.00     0  4   0.0  0   0.0  0
       0.0         0.0         0.0         0.0
 -71.31629   -28.66871    26.033  173.00  72.00  0.6540E+12    8.00   1.67  -1  -1   110.16     0  4   0.0  0   0.0  0
       0.1         0.1         0.1         0.1
 -71.30882   -28.72212    26.033  173.00  72.00  0.6540E+12    8.03   1.67  -1  -1   129.44     0  4   0.0  0   0.0  0
       0.1         0.1         0.1         0.1
 -71.30133   -28.77553    26.033  173.00  72.00  0.6540E+12    7.99   1.67  -1  -1    58.26     0  4   0.0  0   0.0  0
       0.1         0.1         0.1         0.1
 -71.29385   -28.82894    26.033  173.00  72.00  0.6540E+12    8.11   1.67  -1  -1    59.93     0  4   0.0  0   0.0  0
       0.1         0.0         0.1         0.1
 -71.28638   -28.88235    26.033  173.00  72.00  0.6540E+12    6.01   1.67  -1  -1    40.00     0  4   0.0  0   0.0  0
       0.0         0.0         0.0         0.0
 -71.27890   -28.93576    26.033  173.00  72.00  0.6540E+12    7.53   1.67  -1  -1    40.00     0  4   0.0  0   0.0  0
       0.0         0.0         0.0         0.0
 -71.30453   -28.50480    15.667  173.00  72.00  0.6540E+12    8.11   1.67  -1  -1    40.00     0  4   0.0  0   0.0  0
       0.0         0.0         0.0         0.0
 -71.29706   -28.55821    15.667  173.00  72.00  0.6540E+12    8.08   1.67  -1  -1    40.00     0  4   0.0  0   0.0  0
       0.0         0.0         0.0         0.0
 -71.28957   -28.61162    15.667  173.00  72.00  0.6540E+12    7.11   1.67  -1  -1    40.00     0  4   0.0  0   0.0  0
       0.0         0.0         0.0         0.0
 -71.28210   -28.66503    15.667  173.00  72.00  0.6540E+12    7.98   1.67  -1  -1    43.67     1  4   0.0  0   0.0  0
       0.1         0.1         0.6         0.1
 -71.27462   -28.71844    15.667  173.00  72.00  0.6540E+12    7.34   1.67  -1  -1    91.49     1  4   0.0  0   0.0  0
       0.1         0.1         0.1         0.1
 -71.26714   -28.77185    15.667  173.00  72.00  0.6540E+12    7.34   1.67  -1  -1   127.35     0  4   0.0  0   0.0  0
       0.1         0.1         0.1         0.1
 -71.25967   -28.82526    15.667  173.00  72.00  0.6540E+12    7.28   1.67  -1  -1    92.37     0  4   0.0  0   0.0  0
       0.1         0.1         0.1         0.1
 -71.25218   -28.87867    15.667  173.00  72.00  0.6540E+12    8.08   1.67  -1  -1    40.00     0  4   0.0  0   0.0  0
       0.0         0.0         0.0         0.0
 -71.24471   -28.93208    15.667  173.00  72.00  0.6540E+12    8.11   1.67  -1  -1    40.00     0  4   0.0  0   0.0  0
       0.0         0.0         0.0         0.0
 -71.27034   -28.50112     5.300  173.00  72.00  0.6540E+12    8.11   1.67  -1  -1    40.00     0  4   0.0  0   0.0  0
       0.0         0.0         0.0         0.0
 -71.26286   -28.55453     5.300  173.00  72.00  0.6540E+12    8.11   1.67  -1  -1    40.00     0  4   0.0  0   0.0  0
       0.0         0.0         0.0         0.0
 -71.25539   -28.60793     5.300  173.00  72.00  0.6540E+12    8.11   1.67  -1  -1    40.00     0  4   0.0  0   0.0  0
       0.0         0.0         0.0         0.0
 -71.24791   -28.66134     5.300  173.00  72.00  0.6540E+12    8.11   1.67  -1  -1    86.21     1  4   0.0  0   0.0  0
       0.1         0.2         0.2         0.1
 -71.24043   -28.71476     5.300  173.00  72.00  0.6540E+12    8.11   1.67  -1  -1    83.53     2  4   0.0  0   0.0  0
       0.1         0.9         0.1         0.1
 -71.23295   -28.76817     5.300  173.00  72.00  0.6540E+12    8.11   1.67  -1  -1    58.59     1  4   0.0  0   0.0  0
       0.1         0.2         0.2         0.1
 -71.22547   -28.82158     5.300  173.00  72.00  0.6540E+12    8.11   1.67  -1  -1    85.29     1  4   0.0  0   0.0  0
       0.1         0.1         0.5         0.1
 -71.21799   -28.87498     5.300  173.00  72.00  0.6540E+12    8.11   1.67  -1  -1    40.00     0  4   0.0  0   0.0  0
       0.0         0.0         0.0         0.0
 -71.21052   -28.92839     5.300  173.00  72.00  0.6540E+12    8.11   1.67  -1  -1    40.00     0  4   0.0  0   0.0  0
       0.0         0.0         0.0         0.0
