2.0
#
# http://equake-rc.info/static/paper/SRF-Description-Graves_2.0.pdf
# RECTANGULAR fault MODEL
#
# All subfaults are   6.0 km long along strike and
#  11.0 km wide along dip
#
# Model length along strike is   54.0 km
#
# Model width along dip is   55.0 km
#
# Corners of the rectangular dislocation model (lat, lon):
#    -28.915   -71.754 : corner 1
#    -28.436   -71.669 : corner 2
#    -28.508   -71.143 : corner 3
#    -28.987   -71.227 : corner 4
#
#
# Number of elementary sliprate
# isoceles triangular functions
# per subfault:   4
#
# Half duration of elementary sliprate
# isoceles triangular functions (s):   1.67
# Triangles are overlapping each other by half
#
# slip rate unit: cm/s
#
#
# Seismic moment is converted into slip
# using a single constant value for the
# shear modulus mu of  0.250E+12 dyne/cm2
# assumed to be constant and characteristic
# of the fault shear zone
#
#
#
# "rake" (degrees) is the slip angle (Aki"s convention,
# e.g. rake=+45 means left-lateral-reverse movement.
#
#
# ************************************************
# Total seismic moment M0=  0.118E+26 dyne.cm
# ************************************************
#
#
PLANE 1
 -71.71150   -28.67550    9    5    54.000    55.000
  8.81  18.66    24.082     0.000    38.499
POINTS   45
 -71.34300   -28.72580    36.400    8.81  18.66  0.6600E+12    0.00   1.67  -1  -1   106.46    38  4   0.0  0   0.0  0
      22.5         0.1         0.1         0.1
 -71.26586   -28.89964    39.919    8.81  18.66  0.6600E+12    6.03   1.67  -1  -1    60.01     0  4   0.0  0   0.0  0
       0.0         0.0         0.0         0.0
 -71.25646   -28.84646    39.919    8.81  18.66  0.6600E+12    4.87   1.67  -1  -1    78.12     4  4   0.0  0   0.0  0
       2.2         0.1         0.1         0.1
 -71.24707   -28.79329    39.919    8.81  18.66  0.6600E+12    3.74   1.67  -1  -1    91.63    10  4   0.0  0   0.0  0
       5.8         0.1         0.1         0.1
 -71.23767   -28.74011    39.919    8.81  18.66  0.6600E+12    3.54   1.67  -1  -1   149.75     6  4   0.0  0   0.0  0
       3.7         0.1         0.1         0.1
 -71.22828   -28.68694    39.919    8.81  18.66  0.6600E+12    3.63   1.67  -1  -1   149.76     1  4   0.0  0   0.0  0
       0.6         0.1         0.1         0.1
 -71.21888   -28.63376    39.919    8.81  18.66  0.6600E+12    4.65   1.67  -1  -1    60.01     0  4   0.0  0   0.0  0
       0.0         0.0         0.0         0.0
 -71.20949   -28.58058    39.919    8.81  18.66  0.6600E+12    6.03   1.67  -1  -1    60.01     0  4   0.0  0   0.0  0
       0.0         0.0         0.0         0.0
 -71.20009   -28.52741    39.919    8.81  18.66  0.6600E+12    7.54   1.67  -1  -1    60.01     0  4   0.0  0   0.0  0
       0.0         0.0         0.0         0.0
 -71.38058   -28.93851    36.400    8.81  18.66  0.6600E+12    6.86   1.67  -1  -1    60.01     0  4   0.0  0   0.0  0
       0.0         0.0         0.0         0.0
 -71.37119   -28.88533    36.400    8.81  18.66  0.6600E+12    5.14   1.67  -1  -1    60.01     0  4   0.0  0   0.0  0
       0.0         0.0         0.0         0.0
 -71.36179   -28.83215    36.400    8.81  18.66  0.6600E+12    8.05   1.67  -1  -1   149.83     1  4   0.0  0   0.0  0
       0.1         0.1         0.1         0.5
 -71.35240   -28.77898    36.400    8.81  18.66  0.6600E+12    1.81   1.67  -1  -1   132.38     0  4   0.0  0   0.0  0
       0.1         0.1         0.1         0.1
 -71.27526   -28.95282    39.919    8.81  18.66  0.6600E+12    7.54   1.67  -1  -1    60.01     0  4   0.0  0   0.0  0
       0.0         0.0         0.0         0.0
 -71.33360   -28.67262    36.400    8.81  18.66  0.6600E+12    5.96   1.67  -1  -1   149.48     0  4   0.0  0   0.0  0
       0.1         0.1         0.1         0.1
 -71.32421   -28.61945    36.400    8.81  18.66  0.6600E+12    3.43   1.67  -1  -1    60.01     0  4   0.0  0   0.0  0
       0.0         0.0         0.0         0.0
 -71.31481   -28.56627    36.400    8.81  18.66  0.6600E+12    5.14   1.67  -1  -1    60.01     0  4   0.0  0   0.0  0
       0.0         0.0         0.0         0.0
 -71.30542   -28.51309    36.400    8.81  18.66  0.6600E+12    6.86   1.67  -1  -1    60.01     0  4   0.0  0   0.0  0
       0.0         0.0         0.0         0.0
 -71.48592   -28.92419    32.881    8.81  18.66  0.6600E+12    7.54   1.67  -1  -1    60.01     0  4   0.0  0   0.0  0
       0.0         0.0         0.0         0.0
 -71.47652   -28.87102    32.881    8.81  18.66  0.6600E+12    6.03   1.67  -1  -1    60.01     0  4   0.0  0   0.0  0
       0.0         0.0         0.0         0.0
 -71.46712   -28.81784    32.881    8.81  18.66  0.6600E+12    7.21   1.67  -1  -1   133.72     0  4   0.0  0   0.0  0
       0.1         0.1         0.1         0.1
 -71.45773   -28.76466    32.881    8.81  18.66  0.6600E+12    7.24   1.67  -1  -1   149.74     0  4   0.0  0   0.0  0
       0.1         0.1         0.1         0.1
 -71.44833   -28.71149    32.881    8.81  18.66  0.6600E+12    7.27   1.67  -1  -1   148.25     0  4   0.0  0   0.0  0
       0.1         0.1         0.1         0.1
 -71.43893   -28.65831    32.881    8.81  18.66  0.6600E+12    7.21   1.67  -1  -1   149.82     0  4   0.0  0   0.0  0
       0.1         0.1         0.1         0.1
 -71.42954   -28.60513    32.881    8.81  18.66  0.6600E+12    4.65   1.67  -1  -1    60.01     0  4   0.0  0   0.0  0
       0.0         0.0         0.0         0.0
 -71.42014   -28.55196    32.881    8.81  18.66  0.6600E+12    6.03   1.67  -1  -1    60.01     0  4   0.0  0   0.0  0
       0.0         0.0         0.0         0.0
 -71.41074   -28.49878    32.881    8.81  18.66  0.6600E+12    7.54   1.67  -1  -1    60.01     0  4   0.0  0   0.0  0
       0.0         0.0         0.0         0.0
 -71.59124   -28.90988    29.361    8.81  18.66  0.6600E+12    8.11   1.67  -1  -1    60.01     0  4   0.0  0   0.0  0
       0.0         0.0         0.0         0.0
 -71.58185   -28.85670    29.361    8.81  18.66  0.6600E+12    8.11   1.67  -1  -1    60.01     0  4   0.0  0   0.0  0
       0.0         0.0         0.0         0.0
 -71.57245   -28.80353    29.361    8.81  18.66  0.6600E+12    8.08   1.67  -1  -1   149.16     0  4   0.0  0   0.0  0
       0.1         0.1         0.1         0.1
 -71.56306   -28.75035    29.361    8.81  18.66  0.6600E+12    6.56   1.67  -1  -1   148.85     0  4   0.0  0   0.0  0
       0.1         0.1         0.1         0.1
 -71.55366   -28.69718    29.361    8.81  18.66  0.6600E+12    6.36   1.67  -1  -1   149.30     2  4   0.0  0   0.0  0
       1.2         0.1         0.1         0.1
 -71.54427   -28.64400    29.361    8.81  18.66  0.6600E+12    7.17   1.67  -1  -1   148.87     1  4   0.0  0   0.0  0
       0.1         0.1         0.1         0.1
 -71.53487   -28.59082    29.361    8.81  18.66  0.6600E+12    7.16   1.67  -1  -1    60.01     0  4   0.0  0   0.0  0
       0.0         0.0         0.0         0.0
 -71.52547   -28.53765    29.361    8.81  18.66  0.6600E+12    8.11   1.67  -1  -1    60.01     0  4   0.0  0   0.0  0
       0.0         0.0         0.0         0.0
 -71.51608   -28.48447    29.361    8.81  18.66  0.6600E+12    8.11   1.67  -1  -1    60.01     0  4   0.0  0   0.0  0
       0.0         0.0         0.0         0.0
 -71.69657   -28.89557    25.842    8.81  18.66  0.6600E+12    8.11   1.67  -1  -1    60.01     0  4   0.0  0   0.0  0
       0.0         0.0         0.0         0.0
 -71.68717   -28.84239    25.842    8.81  18.66  0.6600E+12    8.11   1.67  -1  -1    60.01     0  4   0.0  0   0.0  0
       0.0         0.0         0.0         0.0
 -71.67778   -28.78922    25.842    8.81  18.66  0.6600E+12    8.11   1.67  -1  -1   139.38     3  4   0.0  0   0.0  0
       0.1         0.1         0.1         1.4
 -71.66838   -28.73604    25.842    8.81  18.66  0.6600E+12    8.11   1.67  -1  -1   131.79     0  4   0.0  0   0.0  0
       0.0         0.1         0.1         0.1
 -71.65899   -28.68286    25.842    8.81  18.66  0.6600E+12    8.11   1.67  -1  -1   109.11     0  4   0.0  0   0.0  0
       0.1         0.1         0.1         0.1
 -71.64959   -28.62969    25.842    8.81  18.66  0.6600E+12    8.11   1.67  -1  -1    60.36     1  4   0.0  0   0.0  0
       0.1         0.1         0.2         0.1
 -71.64020   -28.57651    25.842    8.81  18.66  0.6600E+12    8.11   1.67  -1  -1    60.01     0  4   0.0  0   0.0  0
       0.0         0.0         0.0         0.0
 -71.63080   -28.52333    25.842    8.81  18.66  0.6600E+12    8.11   1.67  -1  -1    60.01     0  4   0.0  0   0.0  0
       0.0         0.0         0.0         0.0
 -71.62141   -28.47016    25.842    8.81  18.66  0.6600E+12    8.11   1.67  -1  -1    60.01     0  4   0.0  0   0.0  0
       0.0         0.0         0.0         0.0
