2.0
#
# http://equake-rc.info/static/paper/SRF-Description-Graves_2.0.pdf
# RECTANGULAR fault MODEL
#
# All subfaults are  18.0 km long along strike and
#  27.0 km wide along dip
#
# Model length along strike is  270.0 km
#
# Model width along dip is  135.0 km
#
# Corners of the rectangular dislocation model (lat, lon):
#     42.250   142.590 : corner 1
#     39.819   142.646 : corner 2
#     39.799   141.106 : corner 3
#     42.230   141.049 : corner 4
#
#
# Number of elementary sliprate
# isoceles triangular functions
# per subfault:   4
#
# Half duration of elementary sliprate
# isoceles triangular functions (s):   4.54
# Triangles are overlapping each other by half
#
# slip rate unit: cm/s
#
#
# Seismic moment is converted into slip
# using a single constant value for the
# shear modulus mu of  0.250E+12 dyne/cm2
# assumed to be constant and characteristic
# of the fault shear zone
#
#
#
# "rake" (degrees) is the slip angle (Aki"s convention,
# e.g. rake=+45 means left-lateral-reverse movement.
#
#
# ************************************************
# Total seismic moment M0=  0.121E+28 dyne.cm
# ************************************************
#
#
PLANE 1
 142.61800    41.03450   15    5   270.000   135.000
179.00  17.00    20.359     0.000    40.501
POINTS   75
 142.15601    41.02850    32.200  179.00  17.00  0.4860E+13    0.00   4.54  -1  -1    71.85   231  4   0.0  0   0.0  0
      39.3         4.7         3.5         3.3
 141.20914    41.98858    55.882  179.00  17.00  0.4860E+13   32.76   4.54  -1  -1    18.00     0  4   0.0  0   0.0  0
       0.0         0.0         0.0         0.0
 141.21289    41.82654    55.882  179.00  17.00  0.4860E+13   32.76   4.54  -1  -1    18.00     0  4   0.0  0   0.0  0
       0.0         0.0         0.0         0.0
 141.21664    41.66450    55.882  179.00  17.00  0.4860E+13   30.96   4.54  -1  -1    18.00     0  4   0.0  0   0.0  0
       0.0         0.0         0.0         0.0
 141.22038    41.50246    55.882  179.00  17.00  0.4860E+13   27.99   4.54  -1  -1   105.85    46  4   0.0  0   0.0  0
       9.7         0.1         0.2         0.1
 141.22414    41.34041    55.882  179.00  17.00  0.4860E+13   25.33   4.54  -1  -1    18.00     0  4   0.0  0   0.0  0
       0.0         0.0         0.0         0.0
 141.22789    41.17837    55.882  179.00  17.00  0.4860E+13   31.38   4.54  -1  -1    36.12     8  4   0.0  0   0.0  0
       0.2         0.7         0.8         0.1
 141.23163    41.01633    55.882  179.00  17.00  0.4860E+13   27.95   4.54  -1  -1    36.90     4  4   0.0  0   0.0  0
       0.1         0.4         0.2         0.2
 141.23538    40.85429    55.882  179.00  17.00  0.4860E+13   27.87   4.54  -1  -1    50.00    13  4   0.0  0   0.0  0
       0.4         1.2         0.9         0.5
 141.23914    40.69224    55.882  179.00  17.00  0.4860E+13   31.28   4.54  -1  -1    72.45    37  4   0.0  0   0.0  0
       3.7         3.0         0.8         0.6
 141.24289    40.53020    55.882  179.00  17.00  0.4860E+13   27.81   4.54  -1  -1    18.00     0  4   0.0  0   0.0  0
       0.0         0.0         0.0         0.0
 141.24663    40.36816    55.882  179.00  17.00  0.4860E+13   30.96   4.54  -1  -1    18.00     0  4   0.0  0   0.0  0
       0.0         0.0         0.0         0.0
 141.25038    40.20612    55.882  179.00  17.00  0.4860E+13   32.76   4.54  -1  -1    18.00     0  4   0.0  0   0.0  0
       0.0         0.0         0.0         0.0
 141.25414    40.04407    55.882  179.00  17.00  0.4860E+13   32.76   4.54  -1  -1    18.00     0  4   0.0  0   0.0  0
       0.0         0.0         0.0         0.0
 141.25789    39.88203    55.882  179.00  17.00  0.4860E+13   32.76   4.54  -1  -1    18.00     0  4   0.0  0   0.0  0
       0.0         0.0         0.0         0.0
 141.51352    42.15468    47.988  179.00  17.00  0.4860E+13   32.76   4.54  -1  -1    18.00     0  4   0.0  0   0.0  0
       0.0         0.0         0.0         0.0
 141.51726    41.99264    47.988  179.00  17.00  0.4860E+13   32.76   4.54  -1  -1    18.00     0  4   0.0  0   0.0  0
       0.0         0.0         0.0         0.0
 141.52101    41.83060    47.988  179.00  17.00  0.4860E+13   29.99   4.54  -1  -1    18.00     0  4   0.0  0   0.0  0
       0.0         0.0         0.0         0.0
 141.52477    41.66856    47.988  179.00  17.00  0.4860E+13   25.71   4.54  -1  -1    18.00     0  4   0.0  0   0.0  0
       0.0         0.0         0.0         0.0
 141.52852    41.50651    47.988  179.00  17.00  0.4860E+13   21.84   4.54  -1  -1    52.39    13  4   0.0  0   0.0  0
       2.5         0.2         0.2         0.1
 141.53226    41.34447    47.988  179.00  17.00  0.4860E+13   18.54   4.54  -1  -1    18.00     0  4   0.0  0   0.0  0
       0.0         0.0         0.0         0.0
 141.53601    41.18243    47.988  179.00  17.00  0.4860E+13   17.53   4.54  -1  -1   107.91    39  4   0.0  0   0.0  0
       4.2         4.1         0.1         0.2
 141.53976    41.02039    47.988  179.00  17.00  0.4860E+13   17.60   4.54  -1  -1    89.37     8  4   0.0  0   0.0  0
       0.5         0.9         0.2         0.2
 141.54350    40.85834    47.988  179.00  17.00  0.4860E+13   24.52   4.54  -1  -1    18.20    13  4   0.0  0   0.0  0
       0.4         0.9         0.8         0.7
 141.54726    40.69630    47.988  179.00  17.00  0.4860E+13   31.06   4.54  -1  -1    18.06    43  4   0.0  0   0.0  0
       0.9         1.1         0.8         6.6
 141.55101    40.53426    47.988  179.00  17.00  0.4860E+13   21.82   4.54  -1  -1    18.00     0  4   0.0  0   0.0  0
       0.0         0.0         0.0         0.0
 141.55476    40.37222    47.988  179.00  17.00  0.4860E+13   25.71   4.54  -1  -1    18.00     0  4   0.0  0   0.0  0
       0.0         0.0         0.0         0.0
 141.55850    40.21017    47.988  179.00  17.00  0.4860E+13   29.99   4.54  -1  -1    18.00     0  4   0.0  0   0.0  0
       0.0         0.0         0.0         0.0
 141.56226    40.04813    47.988  179.00  17.00  0.4860E+13   32.76   4.54  -1  -1    18.00     0  4   0.0  0   0.0  0
       0.0         0.0         0.0         0.0
 141.56601    39.88609    47.988  179.00  17.00  0.4860E+13   32.76   4.54  -1  -1    18.00     0  4   0.0  0   0.0  0
       0.0         0.0         0.0         0.0
 141.82164    42.15874    40.094  179.00  17.00  0.4860E+13   32.76   4.54  -1  -1    18.00     0  4   0.0  0   0.0  0
       0.0         0.0         0.0         0.0
 141.82539    41.99670    40.094  179.00  17.00  0.4860E+13   31.81   4.54  -1  -1    18.00     0  4   0.0  0   0.0  0
       0.0         0.0         0.0         0.0
 141.82913    41.83466    40.094  179.00  17.00  0.4860E+13   26.85   4.54  -1  -1    18.00     0  4   0.0  0   0.0  0
       0.0         0.0         0.0         0.0
 141.83289    41.67261    40.094  179.00  17.00  0.4860E+13   21.97   4.54  -1  -1    18.00     0  4   0.0  0   0.0  0
       0.0         0.0         0.0         0.0
 141.83664    41.51057    40.094  179.00  17.00  0.4860E+13   17.38   4.54  -1  -1    18.06    27  4   0.0  0   0.0  0
       2.1         3.5         0.2         0.1
 141.84038    41.34853    40.094  179.00  17.00  0.4860E+13   12.86   4.54  -1  -1    18.00     0  4   0.0  0   0.0  0
       0.0         0.0         0.0         0.0
 141.84413    41.18649    40.094  179.00  17.00  0.4860E+13   13.62   4.54  -1  -1    62.54    81  4   0.0  0   0.0  0
      13.4         2.7         1.7         0.2
 141.84789    41.02444    40.094  179.00  17.00  0.4860E+13   10.47   4.54  -1  -1    73.64    55  4   0.0  0   0.0  0
       1.1        10.5         0.3         0.1
 141.85164    40.86240    40.094  179.00  17.00  0.4860E+13   20.90   4.54  -1  -1    53.42    21  4   0.0  0   0.0  0
       1.4         2.2         0.9         0.2
 141.85538    40.70036    40.094  179.00  17.00  0.4860E+13   13.43   4.54  -1  -1    34.68    26  4   0.0  0   0.0  0
       1.9         1.1         0.9         1.7
 141.85913    40.53831    40.094  179.00  17.00  0.4860E+13   17.25   4.54  -1  -1    18.00     0  4   0.0  0   0.0  0
       0.0         0.0         0.0         0.0
 141.86288    40.37627    40.094  179.00  17.00  0.4860E+13   21.97   4.54  -1  -1    18.00     0  4   0.0  0   0.0  0
       0.0         0.0         0.0         0.0
 141.86662    40.21423    40.094  179.00  17.00  0.4860E+13   26.85   4.54  -1  -1    18.00     0  4   0.0  0   0.0  0
       0.0         0.0         0.0         0.0
 141.87038    40.05219    40.094  179.00  17.00  0.4860E+13   31.81   4.54  -1  -1    18.00     0  4   0.0  0   0.0  0
       0.0         0.0         0.0         0.0
 141.87413    39.89014    40.094  179.00  17.00  0.4860E+13   32.76   4.54  -1  -1    18.00     0  4   0.0  0   0.0  0
       0.0         0.0         0.0         0.0
 142.12976    42.16280    32.200  179.00  17.00  0.4860E+13   32.76   4.54  -1  -1    18.00     0  4   0.0  0   0.0  0
       0.0         0.0         0.0         0.0
 142.13351    42.00076    32.200  179.00  17.00  0.4860E+13   30.86   4.54  -1  -1    18.00     0  4   0.0  0   0.0  0
       0.0         0.0         0.0         0.0
 142.13725    41.83871    32.200  179.00  17.00  0.4860E+13   25.71   4.54  -1  -1    18.00     0  4   0.0  0   0.0  0
       0.0         0.0         0.0         0.0
 142.14101    41.67667    32.200  179.00  17.00  0.4860E+13   20.57   4.54  -1  -1    18.00     0  4   0.0  0   0.0  0
       0.0         0.0         0.0         0.0
 142.14476    41.51463    32.200  179.00  17.00  0.4860E+13   15.65   4.54  -1  -1    37.66     9  4   0.0  0   0.0  0
       1.1         0.1         0.4         0.4
 142.14851    41.35258    32.200  179.00  17.00  0.4860E+13   10.29   4.54  -1  -1    18.00     0  4   0.0  0   0.0  0
       0.0         0.0         0.0         0.0
 142.15225    41.19054    32.200  179.00  17.00  0.4860E+13    6.55   4.54  -1  -1    18.20    60  4   0.0  0   0.0  0
       2.4         8.0         2.5         0.2
 141.20538    42.15063    55.882  179.00  17.00  0.4860E+13   32.76   4.54  -1  -1    18.00     0  4   0.0  0   0.0  0
       0.0         0.0         0.0         0.0
 142.15976    40.86646    32.200  179.00  17.00  0.4860E+13    5.19   4.54  -1  -1    54.01    81  4   0.0  0   0.0  0
      14.5         2.3         0.9         0.2
 142.16350    40.70441    32.200  179.00  17.00  0.4860E+13   32.54   4.54  -1  -1    72.21    33  4   0.0  0   0.0  0
       1.2         0.2         2.2         3.7
 142.16725    40.54237    32.200  179.00  17.00  0.4860E+13   15.43   4.54  -1  -1    18.00     0  4   0.0  0   0.0  0
       0.0         0.0         0.0         0.0
 142.17101    40.38033    32.200  179.00  17.00  0.4860E+13   20.57   4.54  -1  -1    18.00     0  4   0.0  0   0.0  0
       0.0         0.0         0.0         0.0
 142.17476    40.21829    32.200  179.00  17.00  0.4860E+13   25.71   4.54  -1  -1    18.00     0  4   0.0  0   0.0  0
       0.0         0.0         0.0         0.0
 142.17850    40.05624    32.200  179.00  17.00  0.4860E+13   30.86   4.54  -1  -1    18.00     0  4   0.0  0   0.0  0
       0.0         0.0         0.0         0.0
 142.18225    39.89420    32.200  179.00  17.00  0.4860E+13   32.76   4.54  -1  -1    18.00     0  4   0.0  0   0.0  0
       0.0         0.0         0.0         0.0
 142.43788    42.16685    24.306  179.00  17.00  0.4860E+13   32.76   4.54  -1  -1    18.00     0  4   0.0  0   0.0  0
       0.0         0.0         0.0         0.0
 142.44164    42.00481    24.306  179.00  17.00  0.4860E+13   31.81   4.54  -1  -1    18.00     0  4   0.0  0   0.0  0
       0.0         0.0         0.0         0.0
 142.44539    41.84277    24.306  179.00  17.00  0.4860E+13   26.85   4.54  -1  -1    18.00     0  4   0.0  0   0.0  0
       0.0         0.0         0.0         0.0
 142.44913    41.68073    24.306  179.00  17.00  0.4860E+13   21.97   4.54  -1  -1    18.00     0  4   0.0  0   0.0  0
       0.0         0.0         0.0         0.0
 142.45288    41.51868    24.306  179.00  17.00  0.4860E+13   31.87   4.54  -1  -1    32.17    24  4   0.0  0   0.0  0
       0.5         0.8         2.5         1.5
 142.45663    41.35664    24.306  179.00  17.00  0.4860E+13   12.86   4.54  -1  -1    18.00     0  4   0.0  0   0.0  0
       0.0         0.0         0.0         0.0
 142.46037    41.19460    24.306  179.00  17.00  0.4860E+13   24.55   4.54  -1  -1    71.51    14  4   0.0  0   0.0  0
       1.3         0.3         1.0         0.4
 142.46413    41.03256    24.306  179.00  17.00  0.4860E+13   13.72   4.54  -1  -1    35.73    29  4   0.0  0   0.0  0
       4.4         0.4         0.8         0.8
 142.46788    40.87051    24.306  179.00  17.00  0.4860E+13   31.58   4.54  -1  -1    85.88    27  4   0.0  0   0.0  0
       2.1         1.0         0.7         2.0
 142.47163    40.70847    24.306  179.00  17.00  0.4860E+13   31.83   4.54  -1  -1    90.07    49  4   0.0  0   0.0  0
       0.3         0.8         6.5         3.2
 142.47537    40.54643    24.306  179.00  17.00  0.4860E+13   17.25   4.54  -1  -1    18.00     0  4   0.0  0   0.0  0
       0.0         0.0         0.0         0.0
 142.47913    40.38439    24.306  179.00  17.00  0.4860E+13   21.97   4.54  -1  -1    18.00     0  4   0.0  0   0.0  0
       0.0         0.0         0.0         0.0
 142.48288    40.22234    24.306  179.00  17.00  0.4860E+13   26.85   4.54  -1  -1    18.00     0  4   0.0  0   0.0  0
       0.0         0.0         0.0         0.0
 142.48662    40.06030    24.306  179.00  17.00  0.4860E+13   31.81   4.54  -1  -1    18.00     0  4   0.0  0   0.0  0
       0.0         0.0         0.0         0.0
 142.49037    39.89826    24.306  179.00  17.00  0.4860E+13   32.76   4.54  -1  -1    18.00     0  4   0.0  0   0.0  0
       0.0         0.0         0.0         0.0
