2.0
#
# http://equake-rc.info/static/paper/SRF-Description-Graves_2.0.pdf
# RECTANGULAR fault MODEL
#
# All subfaults are   5.0 km long along strike and
#   3.3 km wide along dip
#
# Model length along strike is   45.0 km
#
# Model width along dip is   16.5 km
#
# Corners of the rectangular dislocation model (lat, lon):
#     39.459    27.914 : corner 1
#     39.220    28.337 : corner 2
#     39.133    28.255 : corner 3
#     39.371    27.831 : corner 4
#
#
# Number of elementary sliprate
# isoceles triangular functions
# per subfault:   4
#
# Half duration of elementary sliprate
# isoceles triangular functions (s):   1.43
# Triangles are overlapping each other by half
#
# slip rate unit: cm/s
#
#
# Seismic moment is converted into slip
# using a single constant value for the
# shear modulus mu of  0.250E+12 dyne/cm2
# assumed to be constant and characteristic
# of the fault shear zone
#
#
#
# "rake" (degrees) is the slip angle (Aki"s convention,
# e.g. rake=+45 means left-lateral-reverse movement.
#
#
# ************************************************
# Total seismic moment M0=  0.187E+26 dyne.cm
# ************************************************
#
#
PLANE 1
  28.12550    39.33950    9    5    45.000    16.500
126.00  43.00     0.123     0.000    11.551
POINTS   45
  28.06790    39.27800     8.000  126.00  43.00  0.1650E+12    0.00   1.43  -1  -1   -76.62    71  4   0.0  0   0.0  0
      35.6        13.0         1.0         0.2
  27.91026    39.33980    10.251  126.00  43.00  0.1650E+12    4.39   1.43  -1  -1  -124.00     0  4   0.0  0   0.0  0
       0.0         0.0         0.0         0.0
  27.95731    39.31334    10.251  126.00  43.00  0.1650E+12    5.08   1.43  -1  -1   -79.23    11  4   0.0  0   0.0  0
       2.2         2.9         2.7         0.1
  28.00435    39.28688    10.251  126.00  43.00  0.1650E+12    2.72   1.43  -1  -1   -65.62    25  4   0.0  0   0.0  0
       7.9         1.0         6.6         2.1
  28.05140    39.26042    10.251  126.00  43.00  0.1650E+12    1.85   1.43  -1  -1   -58.47    52  4   0.0  0   0.0  0
      26.9         5.1         2.5         2.1
  28.09845    39.23396    10.251  126.00  43.00  0.1650E+12    2.74   1.43  -1  -1   -78.28    37  4   0.0  0   0.0  0
      11.0         6.0         9.1         0.1
  28.14549    39.20750    10.251  126.00  43.00  0.1650E+12    3.62   1.43  -1  -1   -75.73    20  4   0.0  0   0.0  0
       8.9         2.0         2.9         0.1
  28.19254    39.18105    10.251  126.00  43.00  0.1650E+12    5.54   1.43  -1  -1   -82.20    25  4   0.0  0   0.0  0
      11.2         5.2         0.4         0.3
  28.23959    39.15458    10.251  126.00  43.00  0.1650E+12    5.79   1.43  -1  -1  -124.00     0  4   0.0  0   0.0  0
       0.0         0.0         0.0         0.0
  27.87971    39.38383     8.000  126.00  43.00  0.1650E+12    5.71   1.43  -1  -1  -124.00     0  4   0.0  0   0.0  0
       0.0         0.0         0.0         0.0
  27.92676    39.35738     8.000  126.00  43.00  0.1650E+12    4.29   1.43  -1  -1  -124.00     0  4   0.0  0   0.0  0
       0.0         0.0         0.0         0.0
  27.97381    39.33092     8.000  126.00  43.00  0.1650E+12    4.11   1.43  -1  -1  -115.48     6  4   0.0  0   0.0  0
       0.1         2.8         1.6         0.1
  28.02085    39.30446     8.000  126.00  43.00  0.1650E+12    1.79   1.43  -1  -1   -64.24    17  4   0.0  0   0.0  0
       8.0         1.0         2.7         0.3
  27.86321    39.36626    10.251  126.00  43.00  0.1650E+12    5.79   1.43  -1  -1  -124.00     0  4   0.0  0   0.0  0
       0.0         0.0         0.0         0.0
  28.11495    39.25154     8.000  126.00  43.00  0.1650E+12    1.48   1.43  -1  -1   -92.76    57  4   0.0  0   0.0  0
      32.8         6.4         0.3         0.2
  28.16199    39.22508     8.000  126.00  43.00  0.1650E+12    2.90   1.43  -1  -1   -95.21    11  4   0.0  0   0.0  0
       6.7         0.4         0.2         0.1
  28.20904    39.19862     8.000  126.00  43.00  0.1650E+12    4.61   1.43  -1  -1   -61.67     6  4   0.0  0   0.0  0
       2.6         0.5         0.7         0.1
  28.25609    39.17216     8.000  126.00  43.00  0.1650E+12    5.71   1.43  -1  -1  -124.00     0  4   0.0  0   0.0  0
       0.0         0.0         0.0         0.0
  27.89621    39.40142     5.749  126.00  43.00  0.1650E+12    5.79   1.43  -1  -1  -124.00     0  4   0.0  0   0.0  0
       0.0         0.0         0.0         0.0
  27.94326    39.37495     5.749  126.00  43.00  0.1650E+12    4.39   1.43  -1  -1  -124.00     0  4   0.0  0   0.0  0
       0.0         0.0         0.0         0.0
  27.99030    39.34850     5.749  126.00  43.00  0.1650E+12    4.85   1.43  -1  -1  -112.86     6  4   0.0  0   0.0  0
       1.5         1.8         1.1         0.1
  28.03735    39.32204     5.749  126.00  43.00  0.1650E+12    3.08   1.43  -1  -1  -100.97     7  4   0.0  0   0.0  0
       0.6         0.3         3.9         0.1
  28.08440    39.29558     5.749  126.00  43.00  0.1650E+12    1.04   1.43  -1  -1   -78.37    43  4   0.0  0   0.0  0
      28.9         0.2         0.1         0.5
  28.13144    39.26912     5.749  126.00  43.00  0.1650E+12    1.96   1.43  -1  -1   -82.18    19  4   0.0  0   0.0  0
      11.4         1.6         0.1         0.1
  28.17849    39.24266     5.749  126.00  43.00  0.1650E+12    3.01   1.43  -1  -1   -60.55     5  4   0.0  0   0.0  0
       1.3         2.4         0.0         0.1
  28.22554    39.21620     5.749  126.00  43.00  0.1650E+12    4.62   1.43  -1  -1   -38.03    11  4   0.0  0   0.0  0
       7.3         0.1         0.1         0.0
  28.27258    39.18974     5.749  126.00  43.00  0.1650E+12    5.79   1.43  -1  -1  -124.00     0  4   0.0  0   0.0  0
       0.0         0.0         0.0         0.0
  27.91271    39.41899     3.499  126.00  43.00  0.1650E+12    6.02   1.43  -1  -1  -124.00     0  4   0.0  0   0.0  0
       0.0         0.0         0.0         0.0
  27.95976    39.39254     3.499  126.00  43.00  0.1650E+12    4.68   1.43  -1  -1  -124.00     0  4   0.0  0   0.0  0
       0.0         0.0         0.0         0.0
  28.00681    39.36608     3.499  126.00  43.00  0.1650E+12    3.69   1.43  -1  -1   -92.41     0  4   0.0  0   0.0  0
       0.1         0.1         0.1         0.1
  28.05385    39.33961     3.499  126.00  43.00  0.1650E+12    2.75   1.43  -1  -1   -67.21     1  4   0.0  0   0.0  0
       0.5         0.1         0.1         0.1
  28.10090    39.31316     3.499  126.00  43.00  0.1650E+12    3.01   1.43  -1  -1   -48.65    11  4   0.0  0   0.0  0
       6.9         0.4         0.0         0.1
  28.14794    39.28670     3.499  126.00  43.00  0.1650E+12    2.91   1.43  -1  -1   -54.33     5  4   0.0  0   0.0  0
       3.0         0.2         0.0         0.1
  28.19499    39.26024     3.499  126.00  43.00  0.1650E+12    5.71   1.43  -1  -1   -67.22     0  4   0.0  0   0.0  0
       0.1         0.1         0.1         0.1
  28.24204    39.23378     3.499  126.00  43.00  0.1650E+12    5.38   1.43  -1  -1   -65.20     0  4   0.0  0   0.0  0
       0.1         0.1         0.1         0.1
  28.28908    39.20732     3.499  126.00  43.00  0.1650E+12    6.02   1.43  -1  -1  -124.00     0  4   0.0  0   0.0  0
       0.0         0.0         0.0         0.0
  27.92921    39.43657     1.248  126.00  43.00  0.1650E+12    6.38   1.43  -1  -1  -124.00     0  4   0.0  0   0.0  0
       0.0         0.0         0.0         0.0
  27.97626    39.41011     1.248  126.00  43.00  0.1650E+12    5.13   1.43  -1  -1  -124.00     0  4   0.0  0   0.0  0
       0.0         0.0         0.0         0.0
  28.02330    39.38366     1.248  126.00  43.00  0.1650E+12    6.18   1.43  -1  -1   -70.79     0  4   0.0  0   0.0  0
       0.1         0.1         0.0         0.1
  28.07035    39.35720     1.248  126.00  43.00  0.1650E+12    6.03   1.43  -1  -1   -87.02     0  4   0.0  0   0.0  0
       0.1         0.0         0.1         0.1
  28.11740    39.33073     1.248  126.00  43.00  0.1650E+12    6.37   1.43  -1  -1   -84.46     0  4   0.0  0   0.0  0
       0.1         0.0         0.0         0.2
  28.16444    39.30428     1.248  126.00  43.00  0.1650E+12    6.21   1.43  -1  -1   -88.88     1  4   0.0  0   0.0  0
       0.1         0.1         0.1         0.2
  28.21149    39.27782     1.248  126.00  43.00  0.1650E+12    6.38   1.43  -1  -1   -89.98     1  4   0.0  0   0.0  0
       0.1         0.1         0.1         0.4
  28.25854    39.25136     1.248  126.00  43.00  0.1650E+12    6.38   1.43  -1  -1   -44.01     3  4   0.0  0   0.0  0
       0.1         0.1         0.1         1.7
  28.30558    39.22490     1.248  126.00  43.00  0.1650E+12    6.38   1.43  -1  -1  -124.00     0  4   0.0  0   0.0  0
       0.0         0.0         0.0         0.0
