2.0
#
# http://equake-rc.info/static/paper/SRF-Description-Graves_2.0.pdf
# RECTANGULAR fault MODEL
#
# All subfaults are   5.0 km long along strike and
#   3.0 km wide along dip
#
# Model length along strike is   45.0 km
#
# Model width along dip is   15.0 km
#
# Corners of the rectangular dislocation model (lat, lon):
#     39.146    28.283 : corner 1
#     39.292    27.794 : corner 2
#     39.376    27.836 : corner 3
#     39.230    28.325 : corner 4
#
#
# Number of elementary sliprate
# isoceles triangular functions
# per subfault:   4
#
# Half duration of elementary sliprate
# isoceles triangular functions (s):   1.43
# Triangles are overlapping each other by half
#
# slip rate unit: cm/s
#
#
# Seismic moment is converted into slip
# using a single constant value for the
# shear modulus mu of  0.250E+12 dyne/cm2
# assumed to be constant and characteristic
# of the fault shear zone
#
#
#
# "rake" (degrees) is the slip angle (Aki"s convention,
# e.g. rake=+45 means left-lateral-reverse movement.
#
#
# ************************************************
# Total seismic moment M0=  0.189E+26 dyne.cm
# ************************************************
#
#
PLANE 1
  28.03850    39.21900    9    5    45.000    15.000
291.12  47.97     0.200     0.000    10.498
POINTS   45
  28.06790    39.27800     8.000  291.12  47.97  0.1500E+12    0.00   1.43  -1  -1   -94.78    72  4   0.0  0   0.0  0
      34.2        13.9         1.9         0.4
  28.23906    39.24622    10.229  291.12  47.97  0.1500E+12    4.37   1.43  -1  -1  -145.09     0  4   0.0  0   0.0  0
       0.0         0.0         0.0         0.0
  28.18481    39.26243    10.229  291.12  47.97  0.1500E+12    4.15   1.43  -1  -1  -125.22    19  4   0.0  0   0.0  0
       1.7         8.2         2.9         0.3
  28.13056    39.27865    10.229  291.12  47.97  0.1500E+12    1.94   1.43  -1  -1  -105.76    40  4   0.0  0   0.0  0
      17.4         5.4         0.4         4.9
  28.07631    39.29487    10.229  291.12  47.97  0.1500E+12    0.97   1.43  -1  -1  -104.81    61  4   0.0  0   0.0  0
      33.4         6.2         0.2         2.7
  28.02207    39.31108    10.229  291.12  47.97  0.1500E+12    2.82   1.43  -1  -1   -63.39    19  4   0.0  0   0.0  0
       1.5         1.6         5.0         5.2
  27.96782    39.32730    10.229  291.12  47.97  0.1500E+12    3.96   1.43  -1  -1   -81.82     1  4   0.0  0   0.0  0
       0.1         0.2         0.2         0.1
  27.91357    39.34352    10.229  291.12  47.97  0.1500E+12    6.07   1.43  -1  -1   -87.60     1  4   0.0  0   0.0  0
       0.1         0.1         0.1         0.1
  27.85932    39.35973    10.229  291.12  47.97  0.1500E+12    5.78   1.43  -1  -1  -145.09     0  4   0.0  0   0.0  0
       0.0         0.0         0.0         0.0
  28.28489    39.21313     8.000  291.12  47.97  0.1500E+12    5.71   1.43  -1  -1  -145.09     0  4   0.0  0   0.0  0
       0.0         0.0         0.0         0.0
  28.23064    39.22935     8.000  291.12  47.97  0.1500E+12    4.29   1.43  -1  -1  -145.09     0  4   0.0  0   0.0  0
       0.0         0.0         0.0         0.0
  28.17640    39.24557     8.000  291.12  47.97  0.1500E+12    3.40   1.43  -1  -1  -132.35    19  4   0.0  0   0.0  0
       1.7         6.2         5.2         0.1
  28.12215    39.26178     8.000  291.12  47.97  0.1500E+12    1.92   1.43  -1  -1  -102.97    67  4   0.0  0   0.0  0
      32.3        13.6         0.5         0.3
  28.29331    39.23000    10.229  291.12  47.97  0.1500E+12    5.78   1.43  -1  -1  -145.09     0  4   0.0  0   0.0  0
       0.0         0.0         0.0         0.0
  28.01365    39.29422     8.000  291.12  47.97  0.1500E+12    1.77   1.43  -1  -1   -56.43    45  4   0.0  0   0.0  0
       6.1         5.1         6.7        13.8
  27.95940    39.31043     8.000  291.12  47.97  0.1500E+12    3.77   1.43  -1  -1   -57.40    13  4   0.0  0   0.0  0
       8.2         0.7         0.1         0.1
  27.90516    39.32665     8.000  291.12  47.97  0.1500E+12    4.66   1.43  -1  -1   -82.06     0  4   0.0  0   0.0  0
       0.1         0.0         0.1         0.1
  27.85091    39.34287     8.000  291.12  47.97  0.1500E+12    5.71   1.43  -1  -1  -145.09     0  4   0.0  0   0.0  0
       0.0         0.0         0.0         0.0
  28.27648    39.19627     5.771  291.12  47.97  0.1500E+12    5.78   1.43  -1  -1  -145.09     0  4   0.0  0   0.0  0
       0.0         0.0         0.0         0.0
  28.22223    39.21248     5.771  291.12  47.97  0.1500E+12    4.37   1.43  -1  -1  -145.09     0  4   0.0  0   0.0  0
       0.0         0.0         0.0         0.0
  28.16798    39.22870     5.771  291.12  47.97  0.1500E+12    3.36   1.43  -1  -1  -134.64     7  4   0.0  0   0.0  0
       2.0         0.1         2.8         0.1
  28.11373    39.24492     5.771  291.12  47.97  0.1500E+12    2.62   1.43  -1  -1   -98.96    21  4   0.0  0   0.0  0
      13.4         0.3         0.6         0.2
  28.05948    39.26113     5.771  291.12  47.97  0.1500E+12    0.90   1.43  -1  -1  -101.20    46  4   0.0  0   0.0  0
      31.5         0.2         0.4         0.3
  28.00524    39.27735     5.771  291.12  47.97  0.1500E+12    4.49   1.43  -1  -1   -77.18    14  4   0.0  0   0.0  0
       5.3         4.4         0.1         0.1
  27.95099    39.29357     5.771  291.12  47.97  0.1500E+12    3.12   1.43  -1  -1   -63.94     6  4   0.0  0   0.0  0
       3.6         0.1         0.1         0.1
  27.89674    39.30978     5.771  291.12  47.97  0.1500E+12    5.49   1.43  -1  -1  -117.85     1  4   0.0  0   0.0  0
       0.1         0.1         0.1         0.1
  27.84249    39.32600     5.771  291.12  47.97  0.1500E+12    5.78   1.43  -1  -1  -145.09     0  4   0.0  0   0.0  0
       0.0         0.0         0.0         0.0
  28.26806    39.17940     3.543  291.12  47.97  0.1500E+12    5.97   1.43  -1  -1  -145.09     0  4   0.0  0   0.0  0
       0.0         0.0         0.0         0.0
  28.21381    39.19561     3.543  291.12  47.97  0.1500E+12    4.62   1.43  -1  -1  -145.09     0  4   0.0  0   0.0  0
       0.0         0.0         0.0         0.0
  28.15956    39.21183     3.543  291.12  47.97  0.1500E+12    3.46   1.43  -1  -1  -137.19     2  4   0.0  0   0.0  0
       0.8         0.1         0.1         0.1
  28.10532    39.22805     3.543  291.12  47.97  0.1500E+12    2.51   1.43  -1  -1  -113.25     9  4   0.0  0   0.0  0
       6.1         0.1         0.1         0.1
  28.05107    39.24427     3.543  291.12  47.97  0.1500E+12    1.72   1.43  -1  -1   -94.97    10  4   0.0  0   0.0  0
       6.5         0.1         0.1         0.1
  27.99682    39.26048     3.543  291.12  47.97  0.1500E+12    4.64   1.43  -1  -1   -71.97     1  4   0.0  0   0.0  0
       0.2         0.3         0.1         0.1
  27.94257    39.27670     3.543  291.12  47.97  0.1500E+12    5.18   1.43  -1  -1   -78.75     1  4   0.0  0   0.0  0
       0.0         0.1         0.1         0.1
  27.88832    39.29292     3.543  291.12  47.97  0.1500E+12    5.53   1.43  -1  -1  -139.65     2  4   0.0  0   0.0  0
       0.1         0.0         0.2         0.8
  27.83408    39.30913     3.543  291.12  47.97  0.1500E+12    5.97   1.43  -1  -1  -145.09     0  4   0.0  0   0.0  0
       0.0         0.0         0.0         0.0
  28.25965    39.16253     1.314  291.12  47.97  0.1500E+12    6.27   1.43  -1  -1  -145.09     0  4   0.0  0   0.0  0
       0.0         0.0         0.0         0.0
  28.20540    39.17875     1.314  291.12  47.97  0.1500E+12    5.00   1.43  -1  -1  -145.09     0  4   0.0  0   0.0  0
       0.0         0.0         0.0         0.0
  28.15115    39.19496     1.314  291.12  47.97  0.1500E+12    6.14   1.43  -1  -1   -59.52     7  4   0.0  0   0.0  0
       0.1         2.5         2.4         0.1
  28.09690    39.21118     1.314  291.12  47.97  0.1500E+12    6.14   1.43  -1  -1   -65.80     8  4   0.0  0   0.0  0
       0.1         0.1         4.9         0.8
  28.04265    39.22740     1.314  291.12  47.97  0.1500E+12    2.62   1.43  -1  -1   -85.05     5  4   0.0  0   0.0  0
       3.1         0.1         0.1         0.5
  27.98841    39.24361     1.314  291.12  47.97  0.1500E+12    6.08   1.43  -1  -1   -94.26     0  4   0.0  0   0.0  0
       0.1         0.1         0.1         0.1
  27.93416    39.25983     1.314  291.12  47.97  0.1500E+12    6.05   1.43  -1  -1  -124.17     1  4   0.0  0   0.0  0
       0.1         0.1         0.3         0.1
  27.87991    39.27605     1.314  291.12  47.97  0.1500E+12    5.55   1.43  -1  -1  -144.45     8  4   0.0  0   0.0  0
       0.1         0.1         2.7         2.6
  27.82566    39.29227     1.314  291.12  47.97  0.1500E+12    6.27   1.43  -1  -1  -145.09     0  4   0.0  0   0.0  0
       0.0         0.0         0.0         0.0
