2.0
#
# http://equake-rc.info/static/paper/SRF-Description-Graves_2.0.pdf
# RECTANGULAR fault MODEL
#
# All subfaults are  10.0 km long along strike and
#   6.5 km wide along dip
#
# Model length along strike is  110.0 km
#
# Model width along dip is   32.5 km
#
# Corners of the rectangular dislocation model (lat, lon):
#     60.253  -140.419 : corner 1
#     60.709  -138.637 : corner 2
#     60.598  -138.520 : corner 3
#     60.141  -140.301 : corner 4
#
#
# Number of elementary sliprate
# isoceles triangular functions
# per subfault:   4
#
# Half duration of elementary sliprate
# isoceles triangular functions (s):   2.65
# Triangles are overlapping each other by half
#
# slip rate unit: cm/s
#
#
# Seismic moment is converted into slip
# using a single constant value for the
# shear modulus mu of  0.250E+12 dyne/cm2
# assumed to be constant and characteristic
# of the fault shear zone
#
#
#
# "rake" (degrees) is the slip angle (Aki"s convention,
# e.g. rake=+45 means left-lateral-reverse movement.
#
#
# ************************************************
# Total seismic moment M0=  0.355E+27 dyne.cm
# ************************************************
#
#
PLANE 1
-139.52800    60.48100   11    5   110.000    32.500
 62.56  64.62     0.246     0.000    22.750
POINTS   55
-139.44600    60.40310    20.800   62.56  64.62  0.6500E+12    0.00   2.65  -1  -1    45.79   134  4   0.0  0   0.0  0
      49.7         0.3         0.2         0.4
-140.07022    60.21474    26.673   62.56  64.62  0.6500E+12   15.12   2.65  -1  -1    65.73    38  4   0.0  0   0.0  0
       0.1         0.1         0.2        13.9
-139.90831    60.25626    26.673   62.56  64.62  0.6500E+12   10.29   2.65  -1  -1    36.12     5  4   0.0  0   0.0  0
       1.5         0.1         0.1         0.1
-139.74640    60.29778    26.673   62.56  64.62  0.6500E+12    9.64   2.65  -1  -1    35.21     1  4   0.0  0   0.0  0
       0.2         0.1         0.1         0.1
-139.58449    60.33930    26.673   62.56  64.62  0.6500E+12    7.82   2.65  -1  -1     3.63    27  4   0.0  0   0.0  0
       3.0         5.7         1.4         0.1
-139.42258    60.38082    26.673   62.56  64.62  0.6500E+12    2.20   2.65  -1  -1    42.31    87  4   0.0  0   0.0  0
       8.3        16.2         8.4         0.1
-139.26067    60.42234    26.673   62.56  64.62  0.6500E+12    3.43   2.65  -1  -1    40.29    87  4   0.0  0   0.0  0
      31.1         0.2         0.3         1.2
-139.09875    60.46386    26.673   62.56  64.62  0.6500E+12   15.21   2.65  -1  -1    63.43     5  4   0.0  0   0.0  0
       0.1         1.3         0.1         0.2
-138.93684    60.50539    26.673   62.56  64.62  0.6500E+12    8.77   2.65  -1  -1   -10.25     0  4   0.0  0   0.0  0
       0.0         0.0         0.0         0.0
-138.77493    60.54691    26.673   62.56  64.62  0.6500E+12   11.58   2.65  -1  -1   -10.25     0  4   0.0  0   0.0  0
       0.0         0.0         0.0         0.0
-138.61302    60.58843    26.673   62.56  64.62  0.6500E+12   14.41   2.65  -1  -1   -10.25     0  4   0.0  0   0.0  0
       0.0         0.0         0.0         0.0
-140.25555    60.19549    20.800   62.56  64.62  0.6500E+12   14.53   2.65  -1  -1     8.05     3  4   0.0  0   0.0  0
       0.4         0.2         0.1         0.2
-140.09364    60.23701    20.800   62.56  64.62  0.6500E+12   13.01   2.65  -1  -1    11.50     2  4   0.0  0   0.0  0
       0.1         0.3         0.2         0.1
-139.93173    60.27853    20.800   62.56  64.62  0.6500E+12   12.25   2.65  -1  -1    34.79     3  4   0.0  0   0.0  0
       0.4         0.1         0.3         0.2
-139.76982    60.32006    20.800   62.56  64.62  0.6500E+12    8.11   2.65  -1  -1    22.85     3  4   0.0  0   0.0  0
       0.1         0.6         0.3         0.1
-139.60791    60.36158    20.800   62.56  64.62  0.6500E+12    2.90   2.65  -1  -1    17.66    50  4   0.0  0   0.0  0
      14.4         2.7         0.6         1.4
-140.23213    60.17322    26.673   62.56  64.62  0.6500E+12   15.30   2.65  -1  -1    48.69    25  4   0.0  0   0.0  0
       0.1         0.1         0.1         9.1
-139.28409    60.44462    20.800   62.56  64.62  0.6500E+12    2.96   2.65  -1  -1    42.33   125  4   0.0  0   0.0  0
      46.7         0.2         0.2         0.3
-139.12218    60.48614    20.800   62.56  64.62  0.6500E+12    7.24   2.65  -1  -1    63.21    19  4   0.0  0   0.0  0
       5.8         1.1         0.1         0.2
-138.96027    60.52766    20.800   62.56  64.62  0.6500E+12    8.57   2.65  -1  -1   -10.25     0  4   0.0  0   0.0  0
       0.0         0.0         0.0         0.0
-138.79836    60.56918    20.800   62.56  64.62  0.6500E+12   11.43   2.65  -1  -1   -10.25     0  4   0.0  0   0.0  0
       0.0         0.0         0.0         0.0
-138.63644    60.61071    20.800   62.56  64.62  0.6500E+12   14.29   2.65  -1  -1   -10.25     0  4   0.0  0   0.0  0
       0.0         0.0         0.0         0.0
-140.27898    60.21777    14.927   62.56  64.62  0.6500E+12   14.92   2.65  -1  -1    -6.89     2  4   0.0  0   0.0  0
       0.1         0.3         0.3         0.2
-140.11707    60.25929    14.927   62.56  64.62  0.6500E+12   12.12   2.65  -1  -1    -6.24    42  4   0.0  0   0.0  0
       0.1         6.5         7.3         1.9
-139.95515    60.30081    14.927   62.56  64.62  0.6500E+12   11.80   2.65  -1  -1    -3.25    13  4   0.0  0   0.0  0
       1.3         3.1         0.2         0.2
-139.79324    60.34233    14.927   62.56  64.62  0.6500E+12    8.16   2.65  -1  -1    17.79    27  4   0.0  0   0.0  0
       2.2         2.8         3.9         1.3
-139.63133    60.38385    14.927   62.56  64.62  0.6500E+12    8.34   2.65  -1  -1     5.39    61  4   0.0  0   0.0  0
       4.0        10.5         7.3         1.4
-139.46942    60.42538    14.927   62.56  64.62  0.6500E+12    4.92   2.65  -1  -1    50.89   139  4   0.0  0   0.0  0
      50.1         1.0         1.0         0.2
-139.30751    60.46690    14.927   62.56  64.62  0.6500E+12    3.43   2.65  -1  -1    30.88   108  4   0.0  0   0.0  0
      40.5         0.1         0.1         0.1
-139.14560    60.50842    14.927   62.56  64.62  0.6500E+12    6.86   2.65  -1  -1    64.20    22  4   0.0  0   0.0  0
       4.2         3.8         0.2         0.3
-138.98369    60.54994    14.927   62.56  64.62  0.6500E+12    8.77   2.65  -1  -1   -10.25     0  4   0.0  0   0.0  0
       0.0         0.0         0.0         0.0
-138.82178    60.59146    14.927   62.56  64.62  0.6500E+12   11.58   2.65  -1  -1   -10.25     0  4   0.0  0   0.0  0
       0.0         0.0         0.0         0.0
-138.65987    60.63298    14.927   62.56  64.62  0.6500E+12   14.41   2.65  -1  -1   -10.25     0  4   0.0  0   0.0  0
       0.0         0.0         0.0         0.0
-140.30238    60.24005     9.054   62.56  64.62  0.6500E+12   14.85   2.65  -1  -1    -4.80     6  4   0.0  0   0.0  0
       0.1         0.2         0.2         2.0
-140.14049    60.28157     9.054   62.56  64.62  0.6500E+12   13.26   2.65  -1  -1    -9.56    77  4   0.0  0   0.0  0
       0.6        15.3        11.9         1.0
-139.97858    60.32309     9.054   62.56  64.62  0.6500E+12   13.01   2.65  -1  -1     6.88    46  4   0.0  0   0.0  0
      12.5         4.7         0.1         0.1
-139.81667    60.36461     9.054   62.56  64.62  0.6500E+12   11.29   2.65  -1  -1    28.65    63  4   0.0  0   0.0  0
      13.6         5.6         4.4         0.3
-139.65475    60.40613     9.054   62.56  64.62  0.6500E+12    8.15   2.65  -1  -1    21.87   119  4   0.0  0   0.0  0
      16.6        22.4         5.4         0.5
-139.49284    60.44765     9.054   62.56  64.62  0.6500E+12   10.46   2.65  -1  -1    20.03   129  4   0.0  0   0.0  0
      29.7        14.2         4.7         0.1
-139.33093    60.48917     9.054   62.56  64.62  0.6500E+12    5.81   2.65  -1  -1    62.62    80  4   0.0  0   0.0  0
      29.0         0.6         0.3         0.2
-139.16902    60.53070     9.054   62.56  64.62  0.6500E+12    8.74   2.65  -1  -1    74.10    19  4   0.0  0   0.0  0
       2.8         3.9         0.4         0.1
-139.00711    60.57222     9.054   62.56  64.62  0.6500E+12    9.34   2.65  -1  -1   -10.25     0  4   0.0  0   0.0  0
       0.0         0.0         0.0         0.0
-138.84520    60.61374     9.054   62.56  64.62  0.6500E+12   12.02   2.65  -1  -1   -10.25     0  4   0.0  0   0.0  0
       0.0         0.0         0.0         0.0
-138.68329    60.65526     9.054   62.56  64.62  0.6500E+12   14.76   2.65  -1  -1   -10.25     0  4   0.0  0   0.0  0
       0.0         0.0         0.0         0.0
-140.32581    60.26233     3.182   62.56  64.62  0.6500E+12   15.34   2.65  -1  -1    79.66    39  4   0.0  0   0.0  0
       0.2         4.4         6.7         3.5
-140.16389    60.30384     3.182   62.56  64.62  0.6500E+12   13.76   2.65  -1  -1    43.99    46  4   0.0  0   0.0  0
       2.8        13.1         1.3         0.2
-140.00198    60.34537     3.182   62.56  64.62  0.6500E+12   13.00   2.65  -1  -1    35.11    28  4   0.0  0   0.0  0
       3.9         6.5         0.1         0.1
-139.84007    60.38689     3.182   62.56  64.62  0.6500E+12    9.84   2.65  -1  -1    37.65   138  4   0.0  0   0.0  0
      45.9         5.5         0.5         0.1
-139.67816    60.42841     3.182   62.56  64.62  0.6500E+12    6.94   2.65  -1  -1    37.92   164  4   0.0  0   0.0  0
      49.0        12.3         0.3         0.1
-139.51627    60.46993     3.182   62.56  64.62  0.6500E+12    5.76   2.65  -1  -1    48.13   144  4   0.0  0   0.0  0
      23.0        27.5         3.6         0.1
-139.35435    60.51145     3.182   62.56  64.62  0.6500E+12    8.76   2.65  -1  -1    40.85    43  4   0.0  0   0.0  0
       9.1         3.1         4.0         0.2
-139.19244    60.55297     3.182   62.56  64.62  0.6500E+12   12.78   2.65  -1  -1    46.85    13  4   0.0  0   0.0  0
       0.2         1.1         2.5         1.0
-139.03053    60.59449     3.182   62.56  64.62  0.6500E+12   10.22   2.65  -1  -1   -10.25     0  4   0.0  0   0.0  0
       0.0         0.0         0.0         0.0
-138.86862    60.63602     3.182   62.56  64.62  0.6500E+12   12.71   2.65  -1  -1   -10.25     0  4   0.0  0   0.0  0
       0.0         0.0         0.0         0.0
-138.70671    60.67754     3.182   62.56  64.62  0.6500E+12   15.33   2.65  -1  -1   -10.25     0  4   0.0  0   0.0  0
       0.0         0.0         0.0         0.0
