2.0
#
# http://equake-rc.info/static/paper/SRF-Description-Graves_2.0.pdf
# RECTANGULAR fault MODEL
#
# All subfaults are  10.0 km long along strike and
#   8.7 km wide along dip
#
# Model length along strike is  110.0 km
#
# Model width along dip is   43.5 km
#
# Corners of the rectangular dislocation model (lat, lon):
#     60.005  -138.837 : corner 1
#     60.717  -140.231 : corner 2
#     60.858  -139.937 : corner 3
#     60.145  -138.543 : corner 4
#
#
# Number of elementary sliprate
# isoceles triangular functions
# per subfault:   4
#
# Half duration of elementary sliprate
# isoceles triangular functions (s):   2.65
# Triangles are overlapping each other by half
#
# slip rate unit: cm/s
#
#
# Seismic moment is converted into slip
# using a single constant value for the
# shear modulus mu of  0.250E+12 dyne/cm2
# assumed to be constant and characteristic
# of the fault shear zone
#
#
#
# "rake" (degrees) is the slip angle (Aki"s convention,
# e.g. rake=+45 means left-lateral-reverse movement.
#
#
# ************************************************
# Total seismic moment M0=  0.410E+27 dyne.cm
# ************************************************
#
#
PLANE 1
-139.53400    60.36100   11    5   110.000    43.500
316.00  59.00     0.014     0.000    13.050
POINTS   55
-139.44600    60.40310    11.200  316.00  59.00  0.8700E+12    0.00   2.65  -1  -1   175.42    25  4   0.0  0   0.0  0
       3.4         0.2         1.3         4.7
-138.76266    60.22798    33.572  316.00  59.00  0.8700E+12   13.65   2.65  -1  -1   105.00     0  4   0.0  0   0.0  0
       0.0         0.0         0.0         0.0
-138.88940    60.29279    33.572  316.00  59.00  0.8700E+12   11.36   2.65  -1  -1   105.00     0  4   0.0  0   0.0  0
       0.0         0.0         0.0         0.0
-139.01613    60.35761    33.572  316.00  59.00  0.8700E+12    9.39   2.65  -1  -1   105.00     0  4   0.0  0   0.0  0
       0.0         0.0         0.0         0.0
-139.14285    60.42242    33.572  316.00  59.00  0.8700E+12   14.25   2.65  -1  -1   166.97     1  4   0.0  0   0.0  0
       0.1         0.1         0.1         0.1
-139.26959    60.48724    33.572  316.00  59.00  0.8700E+12    7.85   2.65  -1  -1   139.12     1  4   0.0  0   0.0  0
       0.1         0.1         0.1         0.1
-139.39632    60.55205    33.572  316.00  59.00  0.8700E+12   11.69   2.65  -1  -1   109.73     2  4   0.0  0   0.0  0
       0.3         0.2         0.1         0.1
-139.52306    60.61687    33.572  316.00  59.00  0.8700E+12   10.50   2.65  -1  -1   109.74    12  4   0.0  0   0.0  0
       2.1         2.0         0.1         0.1
-139.64978    60.68168    33.572  316.00  59.00  0.8700E+12   13.05   2.65  -1  -1   128.52    20  4   0.0  0   0.0  0
       6.3         0.9         0.1         0.1
-139.77650    60.74650    33.572  316.00  59.00  0.8700E+12   14.43   2.65  -1  -1   166.01    36  4   0.0  0   0.0  0
      13.1         0.2         0.2         0.1
-139.90324    60.81131    33.572  316.00  59.00  0.8700E+12   15.34   2.65  -1  -1   105.00     0  4   0.0  0   0.0  0
       0.0         0.0         0.0         0.0
-138.69475    60.13512    26.115  316.00  59.00  0.8700E+12   15.28   2.65  -1  -1   143.52     1  4   0.0  0   0.0  0
       0.2         0.1         0.1         0.1
-138.82147    60.19993    26.115  316.00  59.00  0.8700E+12   12.46   2.65  -1  -1   105.00     0  4   0.0  0   0.0  0
       0.0         0.0         0.0         0.0
-138.94820    60.26474    26.115  316.00  59.00  0.8700E+12    9.91   2.65  -1  -1   105.00     0  4   0.0  0   0.0  0
       0.0         0.0         0.0         0.0
-139.07494    60.32956    26.115  316.00  59.00  0.8700E+12    7.57   2.65  -1  -1   105.00     0  4   0.0  0   0.0  0
       0.0         0.0         0.0         0.0
-139.20166    60.39437    26.115  316.00  59.00  0.8700E+12   11.53   2.65  -1  -1   137.70     3  4   0.0  0   0.0  0
       0.6         0.2         0.1         0.2
-139.32840    60.45919    26.115  316.00  59.00  0.8700E+12    5.26   2.65  -1  -1   137.66    33  4   0.0  0   0.0  0
      10.9         1.0         0.5         0.1
-139.45512    60.52401    26.115  316.00  59.00  0.8700E+12   11.61   2.65  -1  -1   119.95    22  4   0.0  0   0.0  0
       6.3         0.2         1.6         0.2
-139.58185    60.58882    26.115  316.00  59.00  0.8700E+12    7.91   2.65  -1  -1   123.28    35  4   0.0  0   0.0  0
       7.0         0.5         5.6         0.1
-139.70859    60.65364    26.115  316.00  59.00  0.8700E+12   12.07   2.65  -1  -1   131.40    14  4   0.0  0   0.0  0
       0.2         1.8         3.2         0.1
-139.83531    60.71845    26.115  316.00  59.00  0.8700E+12   12.88   2.65  -1  -1   154.78     3  4   0.0  0   0.0  0
       0.1         0.6         0.1         0.2
-139.96204    60.78327    26.115  316.00  59.00  0.8700E+12   15.13   2.65  -1  -1   105.00     0  4   0.0  0   0.0  0
       0.0         0.0         0.0         0.0
-138.75354    60.10707    18.657  316.00  59.00  0.8700E+12   15.05   2.65  -1  -1   117.43     1  4   0.0  0   0.0  0
       0.1         0.2         0.1         0.1
-138.88028    60.17188    18.657  316.00  59.00  0.8700E+12   11.70   2.65  -1  -1   105.00     0  4   0.0  0   0.0  0
       0.0         0.0         0.0         0.0
-139.00700    60.23670    18.657  316.00  59.00  0.8700E+12    8.92   2.65  -1  -1   105.00     0  4   0.0  0   0.0  0
       0.0         0.0         0.0         0.0
-139.13374    60.30151    18.657  316.00  59.00  0.8700E+12    6.23   2.65  -1  -1   105.00     0  4   0.0  0   0.0  0
       0.0         0.0         0.0         0.0
-139.26047    60.36633    18.657  316.00  59.00  0.8700E+12    7.79   2.65  -1  -1   135.71    25  4   0.0  0   0.0  0
       8.0         1.0         0.2         0.2
-139.38719    60.43114    18.657  316.00  59.00  0.8700E+12    5.17   2.65  -1  -1   149.12    42  4   0.0  0   0.0  0
      13.4         0.9         1.2         0.1
-139.51393    60.49596    18.657  316.00  59.00  0.8700E+12    4.91   2.65  -1  -1   163.52    92  4   0.0  0   0.0  0
      34.4         0.2         0.1         0.1
-139.64066    60.56078    18.657  316.00  59.00  0.8700E+12    6.91   2.65  -1  -1   133.69   131  4   0.0  0   0.0  0
      40.9         0.2         7.8         0.4
-139.76738    60.62559    18.657  316.00  59.00  0.8700E+12    8.92   2.65  -1  -1   136.90    63  4   0.0  0   0.0  0
      15.8         3.7         4.1         0.1
-139.89412    60.69041    18.657  316.00  59.00  0.8700E+12   11.77   2.65  -1  -1   167.15    10  4   0.0  0   0.0  0
       2.8         0.1         0.6         0.1
-140.02084    60.75522    18.657  316.00  59.00  0.8700E+12   14.50   2.65  -1  -1   105.00     0  4   0.0  0   0.0  0
       0.0         0.0         0.0         0.0
-138.81235    60.07902    11.200  316.00  59.00  0.8700E+12   15.04   2.65  -1  -1   132.30     1  4   0.0  0   0.0  0
       0.1         0.1         0.1         0.1
-138.93909    60.14384    11.200  316.00  59.00  0.8700E+12   11.43   2.65  -1  -1   105.00     0  4   0.0  0   0.0  0
       0.0         0.0         0.0         0.0
-139.06581    60.20865    11.200  316.00  59.00  0.8700E+12    8.57   2.65  -1  -1   105.00     0  4   0.0  0   0.0  0
       0.0         0.0         0.0         0.0
-139.19254    60.27347    11.200  316.00  59.00  0.8700E+12    5.71   2.65  -1  -1   105.00     0  4   0.0  0   0.0  0
       0.0         0.0         0.0         0.0
-139.31927    60.33828    11.200  316.00  59.00  0.8700E+12    5.20   2.65  -1  -1   136.33    61  4   0.0  0   0.0  0
       6.7         8.6         7.5         0.2
-138.63594    60.16316    33.572  316.00  59.00  0.8700E+12   15.34   2.65  -1  -1   132.24     2  4   0.0  0   0.0  0
       0.1         0.3         0.1         0.1
-139.57272    60.46791    11.200  316.00  59.00  0.8700E+12    5.95   2.65  -1  -1   177.08   138  4   0.0  0   0.0  0
      33.7        16.7         1.5         0.2
-139.69946    60.53273    11.200  316.00  59.00  0.8700E+12   11.77   2.65  -1  -1   134.40   138  4   0.0  0   0.0  0
      28.7        10.0        10.1         3.5
-139.82619    60.59755    11.200  316.00  59.00  0.8700E+12    8.87   2.65  -1  -1   143.04   113  4   0.0  0   0.0  0
      37.3         2.4         2.6         0.2
-139.95291    60.66236    11.200  316.00  59.00  0.8700E+12   12.95   2.65  -1  -1   113.82    30  4   0.0  0   0.0  0
       7.3         3.6         0.1         0.1
-140.07965    60.72718    11.200  316.00  59.00  0.8700E+12   14.29   2.65  -1  -1   105.00     0  4   0.0  0   0.0  0
       0.0         0.0         0.0         0.0
-138.87115    60.05098     3.743  316.00  59.00  0.8700E+12   15.08   2.65  -1  -1   133.36     1  4   0.0  0   0.0  0
       0.1         0.1         0.1         0.2
-138.99788    60.11579     3.743  316.00  59.00  0.8700E+12   11.70   2.65  -1  -1   105.00     0  4   0.0  0   0.0  0
       0.0         0.0         0.0         0.0
-139.12462    60.18061     3.743  316.00  59.00  0.8700E+12    8.92   2.65  -1  -1   105.00     0  4   0.0  0   0.0  0
       0.0         0.0         0.0         0.0
-139.25134    60.24542     3.743  316.00  59.00  0.8700E+12    6.23   2.65  -1  -1   105.00     0  4   0.0  0   0.0  0
       0.0         0.0         0.0         0.0
-139.37807    60.31024     3.743  316.00  59.00  0.8700E+12    6.17   2.65  -1  -1   140.19   142  4   0.0  0   0.0  0
      13.7        18.5        18.9         2.4
-139.50481    60.37505     3.743  316.00  59.00  0.8700E+12    7.11   2.65  -1  -1   138.55   188  4   0.0  0   0.0  0
      34.2        15.9        17.8         3.1
-139.63153    60.43987     3.743  316.00  59.00  0.8700E+12   10.68   2.65  -1  -1   123.80   183  4   0.0  0   0.0  0
      22.5        13.6        25.7         7.2
-139.75826    60.50468     3.743  316.00  59.00  0.8700E+12    8.03   2.65  -1  -1   157.94   183  4   0.0  0   0.0  0
      47.2         4.6        17.2         0.3
-139.88499    60.56950     3.743  316.00  59.00  0.8700E+12   10.39   2.65  -1  -1   146.76   107  4   0.0  0   0.0  0
      29.6         6.4         4.1         0.1
-140.01172    60.63432     3.743  316.00  59.00  0.8700E+12   13.03   2.65  -1  -1   118.28    29  4   0.0  0   0.0  0
       7.7         2.8         0.1         0.1
-140.13846    60.69913     3.743  316.00  59.00  0.8700E+12   14.50   2.65  -1  -1   105.00     0  4   0.0  0   0.0  0
       0.0         0.0         0.0         0.0
