2.0
#
# http://equake-rc.info/static/paper/SRF-Description-Graves_2.0.pdf
# RECTANGULAR fault MODEL
#
# All subfaults are  14.0 km long along strike and
#   2.4 km wide along dip
#
# Model length along strike is  126.0 km
#
# Model width along dip is   12.0 km
#
# Corners of the rectangular dislocation model (lat, lon):
#      5.008   -72.869 : corner 1
#      3.995   -73.376 : corner 2
#      4.010   -73.407 : corner 3
#      5.023   -72.900 : corner 4
#
#
# Number of elementary sliprate
# isoceles triangular functions
# per subfault:   4
#
# Half duration of elementary sliprate
# isoceles triangular functions (s):   1.91
# Triangles are overlapping each other by half
#
# slip rate unit: cm/s
#
#
# Seismic moment is converted into slip
# using a single constant value for the
# shear modulus mu of  0.250E+12 dyne/cm2
# assumed to be constant and characteristic
# of the fault shear zone
#
#
#
# "rake" (degrees) is the slip angle (Aki"s convention,
# e.g. rake=+45 means left-lateral-reverse movement.
#
#
# ************************************************
# Total seismic moment M0=  0.981E+26 dyne.cm
# ************************************************
#
#
PLANE 1
 -73.12250     4.50150    9    5   126.000    12.000
206.53  71.54     0.033     0.000     8.400
POINTS   45
 -73.14400     4.51200     8.000  206.53  71.54  0.3360E+12    0.00   1.91  -1  -1    93.48    88  4   0.0  0   0.0  0
      45.6         0.3         0.1         0.1
 -72.98106     4.85273    10.276  206.53  71.54  0.3360E+12   12.02   1.91  -1  -1    37.17     0  4   0.0  0   0.0  0
       0.0         0.0         0.0         0.0
 -73.03741     4.74017    10.276  206.53  71.54  0.3360E+12    8.03   1.91  -1  -1    37.17     0  4   0.0  0   0.0  0
       0.0         0.0         0.0         0.0
 -73.09377     4.62761    10.276  206.53  71.54  0.3360E+12    8.44   1.91  -1  -1   107.78    12  4   0.0  0   0.0  0
       0.1         3.2         0.1         2.7
 -73.15012     4.51505    10.276  206.53  71.54  0.3360E+12    1.83   1.91  -1  -1    53.64   128  4   0.0  0   0.0  0
      23.9        42.9         0.1         0.2
 -73.20648     4.40249    10.276  206.53  71.54  0.3360E+12    4.16   1.91  -1  -1   109.34    58  4   0.0  0   0.0  0
      24.1         0.1         5.3         0.7
 -73.26284     4.28993    10.276  206.53  71.54  0.3360E+12    8.40   1.91  -1  -1    71.24    90  4   0.0  0   0.0  0
      23.1        17.6         0.1         6.5
 -73.31920     4.17737    10.276  206.53  71.54  0.3360E+12   12.19   1.91  -1  -1    82.22    11  4   0.0  0   0.0  0
       4.2         1.4         0.1         0.1
 -73.37556     4.06482    10.276  206.53  71.54  0.3360E+12   16.01   1.91  -1  -1    37.17     0  4   0.0  0   0.0  0
       0.0         0.0         0.0         0.0
 -72.91857     4.96223     8.000  206.53  71.54  0.3360E+12   16.00   1.91  -1  -1    37.17     0  4   0.0  0   0.0  0
       0.0         0.0         0.0         0.0
 -72.97493     4.84968     8.000  206.53  71.54  0.3360E+12   12.00   1.91  -1  -1    37.17     0  4   0.0  0   0.0  0
       0.0         0.0         0.0         0.0
 -73.03128     4.73712     8.000  206.53  71.54  0.3360E+12    8.00   1.91  -1  -1    37.17     0  4   0.0  0   0.0  0
       0.0         0.0         0.0         0.0
 -73.08764     4.62456     8.000  206.53  71.54  0.3360E+12    9.39   1.91  -1  -1    80.08    18  4   0.0  0   0.0  0
       9.2         0.3         0.1         0.1
 -72.92470     4.96528    10.276  206.53  71.54  0.3360E+12   16.01   1.91  -1  -1    37.17     0  4   0.0  0   0.0  0
       0.0         0.0         0.0         0.0
 -73.20036     4.39944     8.000  206.53  71.54  0.3360E+12    4.56   1.91  -1  -1    83.98    78  4   0.0  0   0.0  0
      15.6        15.5         9.8         0.1
 -73.25671     4.28688     8.000  206.53  71.54  0.3360E+12   16.58   1.91  -1  -1    65.44    81  4   0.0  0   0.0  0
       6.4        27.6         8.4         0.1
 -73.31306     4.17432     8.000  206.53  71.54  0.3360E+12   13.14   1.91  -1  -1    92.51     6  4   0.0  0   0.0  0
       1.5         0.1         0.1         1.3
 -73.36942     4.06177     8.000  206.53  71.54  0.3360E+12   16.00   1.91  -1  -1    37.17     0  4   0.0  0   0.0  0
       0.0         0.0         0.0         0.0
 -72.91244     4.95918     5.724  206.53  71.54  0.3360E+12   16.01   1.91  -1  -1    37.17     0  4   0.0  0   0.0  0
       0.0         0.0         0.0         0.0
 -72.96880     4.84663     5.724  206.53  71.54  0.3360E+12   12.02   1.91  -1  -1    37.17     0  4   0.0  0   0.0  0
       0.0         0.0         0.0         0.0
 -73.02515     4.73407     5.724  206.53  71.54  0.3360E+12    8.03   1.91  -1  -1    37.17     0  4   0.0  0   0.0  0
       0.0         0.0         0.0         0.0
 -73.08151     4.62151     5.724  206.53  71.54  0.3360E+12   13.83   1.91  -1  -1    43.60    16  4   0.0  0   0.0  0
       0.1         0.1         3.6         4.4
 -73.13787     4.50895     5.724  206.53  71.54  0.3360E+12    0.76   1.91  -1  -1    68.71    29  4   0.0  0   0.0  0
       9.0         6.1         0.1         0.1
 -73.19422     4.39639     5.724  206.53  71.54  0.3360E+12   12.71   1.91  -1  -1    70.02    77  4   0.0  0   0.0  0
      31.3         2.3         6.4         0.2
 -73.25058     4.28383     5.724  206.53  71.54  0.3360E+12    8.33   1.91  -1  -1    56.24    73  4   0.0  0   0.0  0
      18.3        10.1         0.1        10.0
 -73.30694     4.17127     5.724  206.53  71.54  0.3360E+12   16.87   1.91  -1  -1    78.84     4  4   0.0  0   0.0  0
       0.4         0.1         1.5         0.1
 -73.36330     4.05872     5.724  206.53  71.54  0.3360E+12   16.01   1.91  -1  -1    37.17     0  4   0.0  0   0.0  0
       0.0         0.0         0.0         0.0
 -72.90631     4.95613     3.447  206.53  71.54  0.3360E+12   16.06   1.91  -1  -1    37.17     0  4   0.0  0   0.0  0
       0.0         0.0         0.0         0.0
 -72.96267     4.84358     3.447  206.53  71.54  0.3360E+12   12.08   1.91  -1  -1    37.17     0  4   0.0  0   0.0  0
       0.0         0.0         0.0         0.0
 -73.01903     4.73102     3.447  206.53  71.54  0.3360E+12    8.12   1.91  -1  -1    37.17     0  4   0.0  0   0.0  0
       0.0         0.0         0.0         0.0
 -73.07538     4.61846     3.447  206.53  71.54  0.3360E+12    8.41   1.91  -1  -1    61.53     6  4   0.0  0   0.0  0
       0.1         3.0         0.1         0.1
 -73.13174     4.50590     3.447  206.53  71.54  0.3360E+12    3.83   1.91  -1  -1    57.01     4  4   0.0  0   0.0  0
       0.2         0.1         1.3         0.5
 -73.18810     4.39334     3.447  206.53  71.54  0.3360E+12   13.14   1.91  -1  -1    53.33    76  4   0.0  0   0.0  0
      23.2         0.1         9.7         6.7
 -73.24445     4.28078     3.447  206.53  71.54  0.3360E+12   17.85   1.91  -1  -1    83.35   100  4   0.0  0   0.0  0
      18.9         0.1         8.1        25.2
 -73.30081     4.16822     3.447  206.53  71.54  0.3360E+12   16.72   1.91  -1  -1   113.15    19  4   0.0  0   0.0  0
       0.1         3.9         5.8         0.1
 -73.35717     4.05567     3.447  206.53  71.54  0.3360E+12   16.06   1.91  -1  -1    37.17     0  4   0.0  0   0.0  0
       0.0         0.0         0.0         0.0
 -72.90018     4.95308     1.171  206.53  71.54  0.3360E+12   16.13   1.91  -1  -1    37.17     0  4   0.0  0   0.0  0
       0.0         0.0         0.0         0.0
 -72.95654     4.84053     1.171  206.53  71.54  0.3360E+12   12.18   1.91  -1  -1    37.17     0  4   0.0  0   0.0  0
       0.0         0.0         0.0         0.0
 -73.01289     4.72797     1.171  206.53  71.54  0.3360E+12    8.26   1.91  -1  -1    37.17     0  4   0.0  0   0.0  0
       0.0         0.0         0.0         0.0
 -73.06925     4.61541     1.171  206.53  71.54  0.3360E+12    4.52   1.91  -1  -1   126.90    28  4   0.0  0   0.0  0
       3.2         8.8         2.6         0.1
 -73.12561     4.50285     1.171  206.53  71.54  0.3360E+12    3.73   1.91  -1  -1   110.19    22  4   0.0  0   0.0  0
       8.6         0.1         0.1         2.8
 -73.18197     4.39029     1.171  206.53  71.54  0.3360E+12   11.14   1.91  -1  -1   106.14    42  4   0.0  0   0.0  0
       0.2         0.1        17.1         4.7
 -73.23832     4.27773     1.171  206.53  71.54  0.3360E+12   12.20   1.91  -1  -1   104.22    69  4   0.0  0   0.0  0
       9.9         6.1        10.1        10.1
 -73.29468     4.16517     1.171  206.53  71.54  0.3360E+12   15.91   1.91  -1  -1    90.03    32  4   0.0  0   0.0  0
       0.1         3.3         4.2         9.3
 -73.35104     4.05262     1.171  206.53  71.54  0.3360E+12   16.13   1.91  -1  -1    37.17     0  4   0.0  0   0.0  0
       0.0         0.0         0.0         0.0
