2.0
#
# http://equake-rc.info/static/paper/SRF-Description-Graves_2.0.pdf
# RECTANGULAR fault MODEL
#
# All subfaults are  14.0 km long along strike and
#   9.7 km wide along dip
#
# Model length along strike is  126.0 km
#
# Model width along dip is   48.5 km
#
# Corners of the rectangular dislocation model (lat, lon):
#      4.242   -73.658 : corner 1
#      4.970   -72.788 : corner 2
#      4.656   -72.524 : corner 3
#      3.929   -73.394 : corner 4
#
#
# Number of elementary sliprate
# isoceles triangular functions
# per subfault:   4
#
# Half duration of elementary sliprate
# isoceles triangular functions (s):   1.91
# Triangles are overlapping each other by half
#
# slip rate unit: cm/s
#
#
# Seismic moment is converted into slip
# using a single constant value for the
# shear modulus mu of  0.250E+12 dyne/cm2
# assumed to be constant and characteristic
# of the fault shear zone
#
#
#
# "rake" (degrees) is the slip angle (Aki"s convention,
# e.g. rake=+45 means left-lateral-reverse movement.
#
#
# ************************************************
# Total seismic moment M0=  0.106E+27 dyne.cm
# ************************************************
#
#
PLANE 1
 -73.22300     4.60600    9    5   126.000    48.500
 50.00  20.00     0.023     0.000    14.552
POINTS   45
 -73.14400     4.51200     5.000   50.00  20.00  0.1358E+13    0.00   1.91  -1  -1   119.54    50  4   0.0  0   0.0  0
      17.9         7.9         0.1         0.1
 -73.27557     4.08118    14.953   50.00  20.00  0.1358E+13   17.85   1.91  -1  -1   127.74     1  4   0.0  0   0.0  0
       0.1         0.1         0.1         0.4
 -73.17890     4.16204    14.953   50.00  20.00  0.1358E+13   16.92   1.91  -1  -1    88.59     2  4   0.0  0   0.0  0
       0.1         0.1         0.2         0.7
 -73.08223     4.24291    14.953   50.00  20.00  0.1358E+13   12.65   1.91  -1  -1    70.01    12  4   0.0  0   0.0  0
       2.8         2.4         0.8         0.1
 -72.98557     4.32377    14.953   50.00  20.00  0.1358E+13   14.51   1.91  -1  -1   107.12    15  4   0.0  0   0.0  0
       0.1         2.4         4.3         1.1
 -72.88889     4.40463    14.953   50.00  20.00  0.1358E+13   17.89   1.91  -1  -1   129.17     3  4   0.0  0   0.0  0
       0.1         1.4         0.1         0.1
 -72.79223     4.48550    14.953   50.00  20.00  0.1358E+13   11.54   1.91  -1  -1    67.20     0  4   0.0  0   0.0  0
       0.0         0.0         0.0         0.0
 -72.69556     4.56636    14.953   50.00  20.00  0.1358E+13   14.60   1.91  -1  -1    67.20     0  4   0.0  0   0.0  0
       0.0         0.0         0.0         0.0
 -72.59888     4.64722    14.953   50.00  20.00  0.1358E+13   17.91   1.91  -1  -1    67.20     0  4   0.0  0   0.0  0
       0.0         0.0         0.0         0.0
 -73.42505     4.06306    11.635   50.00  20.00  0.1358E+13   16.93   1.91  -1  -1    67.20     0  4   0.0  0   0.0  0
       0.0         0.0         0.0         0.0
 -73.32838     4.14392    11.635   50.00  20.00  0.1358E+13   13.55   1.91  -1  -1   140.75     1  4   0.0  0   0.0  0
       0.3         0.3         0.1         0.1
 -73.23171     4.22479    11.635   50.00  20.00  0.1358E+13   17.87   1.91  -1  -1   117.09     2  4   0.0  0   0.0  0
       0.3         0.1         0.1         0.7
 -73.13504     4.30565    11.635   50.00  20.00  0.1358E+13   12.97   1.91  -1  -1    88.55     5  4   0.0  0   0.0  0
       2.0         0.6         0.1         0.2
 -73.03838     4.38651    11.635   50.00  20.00  0.1358E+13    7.52   1.91  -1  -1    85.42    10  4   0.0  0   0.0  0
       1.2         1.2         2.8         0.1
 -72.94170     4.46738    11.635   50.00  20.00  0.1358E+13   10.34   1.91  -1  -1   105.39     9  4   0.0  0   0.0  0
       1.7         2.2         0.6         0.1
 -72.84504     4.54824    11.635   50.00  20.00  0.1358E+13    9.73   1.91  -1  -1    67.20     0  4   0.0  0   0.0  0
       0.0         0.0         0.0         0.0
 -72.74837     4.62910    11.635   50.00  20.00  0.1358E+13   13.22   1.91  -1  -1    67.20     0  4   0.0  0   0.0  0
       0.0         0.0         0.0         0.0
 -72.65170     4.70997    11.635   50.00  20.00  0.1358E+13   16.93   1.91  -1  -1    67.20     0  4   0.0  0   0.0  0
       0.0         0.0         0.0         0.0
 -73.47786     4.12580     8.318   50.00  20.00  0.1358E+13   16.24   1.91  -1  -1    67.20     0  4   0.0  0   0.0  0
       0.0         0.0         0.0         0.0
 -73.38120     4.20667     8.318   50.00  20.00  0.1358E+13   15.03   1.91  -1  -1   122.68    19  4   0.0  0   0.0  0
       4.5         2.7         0.1         2.4
 -73.28452     4.28753     8.318   50.00  20.00  0.1358E+13    9.37   1.91  -1  -1    95.04    20  4   0.0  0   0.0  0
       9.7         0.1         0.8         0.1
 -73.18785     4.36839     8.318   50.00  20.00  0.1358E+13   10.70   1.91  -1  -1   123.25    12  4   0.0  0   0.0  0
       0.1         3.1         1.4         1.9
 -73.09119     4.44926     8.318   50.00  20.00  0.1358E+13    3.76   1.91  -1  -1   156.47    18  4   0.0  0   0.0  0
       2.4         1.4         5.5         0.1
 -72.99451     4.53012     8.318   50.00  20.00  0.1358E+13    7.55   1.91  -1  -1   137.17     9  4   0.0  0   0.0  0
       0.5         4.0         0.1         0.1
 -72.89785     4.61098     8.318   50.00  20.00  0.1358E+13    8.47   1.91  -1  -1    67.20     0  4   0.0  0   0.0  0
       0.0         0.0         0.0         0.0
 -72.80118     4.69185     8.318   50.00  20.00  0.1358E+13   12.32   1.91  -1  -1    67.20     0  4   0.0  0   0.0  0
       0.0         0.0         0.0         0.0
 -72.70451     4.77271     8.318   50.00  20.00  0.1358E+13   16.24   1.91  -1  -1    67.20     0  4   0.0  0   0.0  0
       0.0         0.0         0.0         0.0
 -73.53067     4.18855     5.000   50.00  20.00  0.1358E+13   16.00   1.91  -1  -1    67.20     0  4   0.0  0   0.0  0
       0.0         0.0         0.0         0.0
 -73.43401     4.26941     5.000   50.00  20.00  0.1358E+13   14.05   1.91  -1  -1    95.62    20  4   0.0  0   0.0  0
       2.0         8.2         0.1         0.1
 -73.33733     4.35027     5.000   50.00  20.00  0.1358E+13    9.37   1.91  -1  -1    87.10    40  4   0.0  0   0.0  0
      19.1         1.4         0.1         0.1
 -73.24067     4.43114     5.000   50.00  20.00  0.1358E+13   13.12   1.91  -1  -1   117.34    32  4   0.0  0   0.0  0
       3.9         6.2         0.1         6.7
 -73.37224     4.00032    14.953   50.00  20.00  0.1358E+13   17.91   1.91  -1  -1    67.20     0  4   0.0  0   0.0  0
       0.0         0.0         0.0         0.0
 -73.04733     4.59286     5.000   50.00  20.00  0.1358E+13   10.33   1.91  -1  -1   130.26     1  4   0.0  0   0.0  0
       0.1         0.1         0.3         0.1
 -72.95066     4.67373     5.000   50.00  20.00  0.1358E+13    8.00   1.91  -1  -1    67.20     0  4   0.0  0   0.0  0
       0.0         0.0         0.0         0.0
 -72.85399     4.75459     5.000   50.00  20.00  0.1358E+13   12.00   1.91  -1  -1    67.20     0  4   0.0  0   0.0  0
       0.0         0.0         0.0         0.0
 -72.75732     4.83545     5.000   50.00  20.00  0.1358E+13   16.00   1.91  -1  -1    67.20     0  4   0.0  0   0.0  0
       0.0         0.0         0.0         0.0
 -73.58348     4.25129     1.682   50.00  20.00  0.1358E+13   16.24   1.91  -1  -1    67.20     0  4   0.0  0   0.0  0
       0.0         0.0         0.0         0.0
 -73.48682     4.33215     1.682   50.00  20.00  0.1358E+13   13.70   1.91  -1  -1   156.93    10  4   0.0  0   0.0  0
       4.9         0.1         0.1         0.1
 -73.39014     4.41302     1.682   50.00  20.00  0.1358E+13    8.50   1.91  -1  -1   118.00     5  4   0.0  0   0.0  0
       2.1         0.1         0.4         0.1
 -73.29348     4.49388     1.682   50.00  20.00  0.1358E+13    8.43   1.91  -1  -1   148.01     7  4   0.0  0   0.0  0
       0.1         0.1         0.1         3.4
 -73.19681     4.57474     1.682   50.00  20.00  0.1358E+13    5.85   1.91  -1  -1   142.82     7  4   0.0  0   0.0  0
       1.0         0.9         1.6         0.1
 -73.10014     4.65561     1.682   50.00  20.00  0.1358E+13    8.03   1.91  -1  -1   106.34     3  4   0.0  0   0.0  0
       1.0         0.3         0.1         0.1
 -73.00347     4.73647     1.682   50.00  20.00  0.1358E+13    8.47   1.91  -1  -1    67.20     0  4   0.0  0   0.0  0
       0.0         0.0         0.0         0.0
 -72.90680     4.81733     1.682   50.00  20.00  0.1358E+13   12.32   1.91  -1  -1    67.20     0  4   0.0  0   0.0  0
       0.0         0.0         0.0         0.0
 -72.81013     4.89820     1.682   50.00  20.00  0.1358E+13   16.24   1.91  -1  -1    67.20     0  4   0.0  0   0.0  0
       0.0         0.0         0.0         0.0
