2.0
#
# http://equake-rc.info/static/paper/SRF-Description-Graves_2.0.pdf
# RECTANGULAR fault MODEL
#
# All subfaults are   5.0 km long along strike and
#   9.0 km wide along dip
#
# Model length along strike is   45.0 km
#
# Model width along dip is   45.0 km
#
# Corners of the rectangular dislocation model (lat, lon):
#     31.052   131.740 : corner 1
#     30.777   131.393 : corner 2
#     31.067   131.080 : corner 3
#     31.342   131.426 : corner 4
#
#
# Number of elementary sliprate
# isoceles triangular functions
# per subfault:   4
#
# Half duration of elementary sliprate
# isoceles triangular functions (s):   1.55
# Triangles are overlapping each other by half
#
# slip rate unit: cm/s
#
#
# Seismic moment is converted into slip
# using a single constant value for the
# shear modulus mu of  0.250E+12 dyne/cm2
# assumed to be constant and characteristic
# of the fault shear zone
#
#
#
# "rake" (degrees) is the slip angle (Aki"s convention,
# e.g. rake=+45 means left-lateral-reverse movement.
#
#
# ************************************************
# Total seismic moment M0=  0.123E+26 dyne.cm
# ************************************************
#
#
PLANE 1
 131.56650    30.91450    9    5    45.000    45.000
227.15  12.36    12.709     0.000    13.496
POINTS   45
 131.47250    31.00170    15.600  227.15  12.36  0.4500E+12    0.00   1.55  -1  -1    92.97    41  4   0.0  0   0.0  0
      17.0         0.9         0.6         7.8
 131.39963    31.26751    21.381  227.15  12.36  0.4500E+12    7.19   1.55  -1  -1    58.83     0  4   0.0  0   0.0  0
       0.0         0.0         0.0         0.0
 131.36115    31.23691    21.381  227.15  12.36  0.4500E+12    7.19   1.55  -1  -1    58.83     0  4   0.0  0   0.0  0
       0.0         0.0         0.0         0.0
 131.32266    31.20630    21.381  227.15  12.36  0.4500E+12    7.19   1.55  -1  -1   132.55     4  4   0.0  0   0.0  0
       0.1         0.1         0.1         2.0
 131.28418    31.17570    21.381  227.15  12.36  0.4500E+12    7.19   1.55  -1  -1   106.42     1  4   0.0  0   0.0  0
       0.5         0.0         0.1         0.1
 131.24570    31.14510    21.381  227.15  12.36  0.4500E+12    7.19   1.55  -1  -1    76.29     4  4   0.0  0   0.0  0
       2.3         0.1         0.1         0.1
 131.20721    31.11449    21.381  227.15  12.36  0.4500E+12    7.19   1.55  -1  -1    58.83     0  4   0.0  0   0.0  0
       0.0         0.0         0.0         0.0
 131.16873    31.08389    21.381  227.15  12.36  0.4500E+12    7.19   1.55  -1  -1    58.83     0  4   0.0  0   0.0  0
       0.0         0.0         0.0         0.0
 131.13023    31.05329    21.381  227.15  12.36  0.4500E+12    7.19   1.55  -1  -1    58.83     0  4   0.0  0   0.0  0
       0.0         0.0         0.0         0.0
 131.50090    31.24011    19.454  227.15  12.36  0.4500E+12    7.19   1.55  -1  -1    58.83     0  4   0.0  0   0.0  0
       0.0         0.0         0.0         0.0
 131.46240    31.20951    19.454  227.15  12.36  0.4500E+12    6.69   1.55  -1  -1    58.83     0  4   0.0  0   0.0  0
       0.0         0.0         0.0         0.0
 131.42392    31.17891    19.454  227.15  12.36  0.4500E+12    5.88   1.55  -1  -1    58.83     0  4   0.0  0   0.0  0
       0.0         0.0         0.0         0.0
 131.38544    31.14830    19.454  227.15  12.36  0.4500E+12    7.14   1.55  -1  -1    90.87     9  4   0.0  0   0.0  0
       0.1         0.1         0.5         5.4
 131.34695    31.11770    19.454  227.15  12.36  0.4500E+12    5.18   1.55  -1  -1   121.65     3  4   0.0  0   0.0  0
       1.0         0.1         0.0         0.5
 131.30847    31.08710    19.454  227.15  12.36  0.4500E+12    6.45   1.55  -1  -1    76.68     8  4   0.0  0   0.0  0
       0.9         0.0         0.1         3.8
 131.26999    31.05649    19.454  227.15  12.36  0.4500E+12    5.88   1.55  -1  -1    58.83     0  4   0.0  0   0.0  0
       0.0         0.0         0.0         0.0
 131.23151    31.02589    19.454  227.15  12.36  0.4500E+12    6.69   1.55  -1  -1    58.83     0  4   0.0  0   0.0  0
       0.0         0.0         0.0         0.0
 131.19301    30.99529    19.454  227.15  12.36  0.4500E+12    7.19   1.55  -1  -1    58.83     0  4   0.0  0   0.0  0
       0.0         0.0         0.0         0.0
 131.56367    31.18211    17.527  227.15  12.36  0.4500E+12    6.27   1.55  -1  -1    58.83     0  4   0.0  0   0.0  0
       0.0         0.0         0.0         0.0
 131.52518    31.15151    17.527  227.15  12.36  0.4500E+12    5.00   1.55  -1  -1    58.83     0  4   0.0  0   0.0  0
       0.0         0.0         0.0         0.0
 131.48669    31.12090    17.527  227.15  12.36  0.4500E+12    3.84   1.55  -1  -1    58.83     0  4   0.0  0   0.0  0
       0.0         0.0         0.0         0.0
 131.44821    31.09030    17.527  227.15  12.36  0.4500E+12    6.73   1.55  -1  -1    68.38     7  4   0.0  0   0.0  0
       0.1         0.2         1.0         3.4
 131.40973    31.05970    17.527  227.15  12.36  0.4500E+12    6.69   1.55  -1  -1   106.82     5  4   0.0  0   0.0  0
       1.2         0.1         0.3         1.8
 131.37125    31.02910    17.527  227.15  12.36  0.4500E+12    3.17   1.55  -1  -1    87.83     3  4   0.0  0   0.0  0
       1.2         0.2         0.1         0.7
 131.33276    30.99850    17.527  227.15  12.36  0.4500E+12    3.84   1.55  -1  -1    58.83     0  4   0.0  0   0.0  0
       0.0         0.0         0.0         0.0
 131.29428    30.96789    17.527  227.15  12.36  0.4500E+12    5.00   1.55  -1  -1    58.83     0  4   0.0  0   0.0  0
       0.0         0.0         0.0         0.0
 131.25578    30.93729    17.527  227.15  12.36  0.4500E+12    6.27   1.55  -1  -1    58.83     0  4   0.0  0   0.0  0
       0.0         0.0         0.0         0.0
 131.62645    31.12411    15.600  227.15  12.36  0.4500E+12    5.71   1.55  -1  -1    58.83     0  4   0.0  0   0.0  0
       0.0         0.0         0.0         0.0
 131.58795    31.09351    15.600  227.15  12.36  0.4500E+12    4.29   1.55  -1  -1    58.83     0  4   0.0  0   0.0  0
       0.0         0.0         0.0         0.0
 131.54947    31.06290    15.600  227.15  12.36  0.4500E+12    2.86   1.55  -1  -1    58.83     0  4   0.0  0   0.0  0
       0.0         0.0         0.0         0.0
 131.51099    31.03230    15.600  227.15  12.36  0.4500E+12    2.27   1.55  -1  -1    78.08     8  4   0.0  0   0.0  0
       3.0         1.7         0.2         0.4
 131.43813    31.29811    21.381  227.15  12.36  0.4500E+12    7.19   1.55  -1  -1    58.83     0  4   0.0  0   0.0  0
       0.0         0.0         0.0         0.0
 131.43402    30.97110    15.600  227.15  12.36  0.4500E+12    1.71   1.55  -1  -1    67.00     5  4   0.0  0   0.0  0
       0.8         1.7         0.7         0.1
 131.39554    30.94049    15.600  227.15  12.36  0.4500E+12    2.86   1.55  -1  -1    58.83     0  4   0.0  0   0.0  0
       0.0         0.0         0.0         0.0
 131.35706    30.90989    15.600  227.15  12.36  0.4500E+12    4.29   1.55  -1  -1    58.83     0  4   0.0  0   0.0  0
       0.0         0.0         0.0         0.0
 131.31856    30.87929    15.600  227.15  12.36  0.4500E+12    5.71   1.55  -1  -1    58.83     0  4   0.0  0   0.0  0
       0.0         0.0         0.0         0.0
 131.68922    31.06611    13.673  227.15  12.36  0.4500E+12    6.27   1.55  -1  -1    58.83     0  4   0.0  0   0.0  0
       0.0         0.0         0.0         0.0
 131.65073    31.03551    13.673  227.15  12.36  0.4500E+12    5.00   1.55  -1  -1    58.83     0  4   0.0  0   0.0  0
       0.0         0.0         0.0         0.0
 131.61224    31.00490    13.673  227.15  12.36  0.4500E+12    3.84   1.55  -1  -1    58.83     0  4   0.0  0   0.0  0
       0.0         0.0         0.0         0.0
 131.57376    30.97430    13.673  227.15  12.36  0.4500E+12    6.08   1.55  -1  -1    63.18     1  4   0.0  0   0.0  0
       0.2         0.3         0.2         0.1
 131.53528    30.94370    13.673  227.15  12.36  0.4500E+12    5.03   1.55  -1  -1    70.23     5  4   0.0  0   0.0  0
       2.2         0.2         0.5         0.1
 131.49680    30.91310    13.673  227.15  12.36  0.4500E+12    3.87   1.55  -1  -1   125.20     5  4   0.0  0   0.0  0
       1.5         0.8         0.4         0.5
 131.45831    30.88249    13.673  227.15  12.36  0.4500E+12    3.84   1.55  -1  -1    58.83     0  4   0.0  0   0.0  0
       0.0         0.0         0.0         0.0
 131.41983    30.85189    13.673  227.15  12.36  0.4500E+12    5.00   1.55  -1  -1    58.83     0  4   0.0  0   0.0  0
       0.0         0.0         0.0         0.0
 131.38133    30.82129    13.673  227.15  12.36  0.4500E+12    6.27   1.55  -1  -1    58.83     0  4   0.0  0   0.0  0
       0.0         0.0         0.0         0.0
