2.0
#
# http://equake-rc.info/static/paper/SRF-Description-Graves_2.0.pdf
# RECTANGULAR fault MODEL
#
# All subfaults are   9.0 km long along strike and
#  15.2 km wide along dip
#
# Model length along strike is   99.0 km
#
# Model width along dip is   76.0 km
#
# Corners of the rectangular dislocation model (lat, lon):
#     39.952   141.725 : corner 1
#     40.775   142.175 : corner 2
#     40.684   142.460 : corner 3
#     39.862   142.011 : corner 4
#
#
# Number of elementary sliprate
# isoceles triangular functions
# per subfault:   4
#
# Half duration of elementary sliprate
# isoceles triangular functions (s):   2.45
# Triangles are overlapping each other by half
#
# slip rate unit: cm/s
#
#
# Seismic moment is converted into slip
# using a single constant value for the
# shear modulus mu of  0.250E+12 dyne/cm2
# assumed to be constant and characteristic
# of the fault shear zone
#
#
#
# "rake" (degrees) is the slip angle (Aki"s convention,
# e.g. rake=+45 means left-lateral-reverse movement.
#
#
# ************************************************
# Total seismic moment M0=  0.207E+27 dyne.cm
# ************************************************
#
#
PLANE 1
 141.95001    40.36350   11    5    99.000    76.000
 22.60  69.83     0.063     0.000    53.200
POINTS   55
 142.14990    40.30020    50.000   22.60  69.83  0.1368E+13    0.00   2.45  -1  -1   116.19   108  4   0.0  0   0.0  0
      38.7         5.1         0.1         0.1
 142.04372    39.98283    64.268   22.60  69.83  0.1368E+13   12.92   2.45  -1  -1   143.64     9  4   0.0  0   0.0  0
       0.2         0.5         0.6         2.3
 142.08455    40.05764    64.268   22.60  69.83  0.1368E+13   11.96   2.45  -1  -1   129.61     1  4   0.0  0   0.0  0
       0.1         0.1         0.1         0.1
 142.12537    40.13245    64.268   22.60  69.83  0.1368E+13    6.93   2.45  -1  -1    89.30     1  4   0.0  0   0.0  0
       0.2         0.1         0.1         0.1
 142.16620    40.20726    64.268   22.60  69.83  0.1368E+13    5.44   2.45  -1  -1    59.20    24  4   0.0  0   0.0  0
       9.3         0.1         0.1         0.1
 142.20703    40.28207    64.268   22.60  69.83  0.1368E+13    5.94   2.45  -1  -1    76.68     1  4   0.0  0   0.0  0
       0.1         0.1         0.1         0.1
 142.24785    40.35688    64.268   22.60  69.83  0.1368E+13    5.50   2.45  -1  -1   100.38     1  4   0.0  0   0.0  0
       0.1         0.1         0.1         0.1
 142.28868    40.43169    64.268   22.60  69.83  0.1368E+13    6.73   2.45  -1  -1    53.97     0  4   0.0  0   0.0  0
       0.0         0.0         0.0         0.0
 142.32951    40.50650    64.268   22.60  69.83  0.1368E+13    8.85   2.45  -1  -1    53.97     0  4   0.0  0   0.0  0
       0.0         0.0         0.0         0.0
 142.37035    40.58130    64.268   22.60  69.83  0.1368E+13   12.75   2.45  -1  -1    54.01    27  4   0.0  0   0.0  0
       0.1         0.1         0.1        10.7
 142.41116    40.65611    64.268   22.60  69.83  0.1368E+13   13.57   2.45  -1  -1    54.46     1  4   0.0  0   0.0  0
       0.1         0.1         0.1         0.2
 141.94576    39.92616    50.000   22.60  69.83  0.1368E+13   12.93   2.45  -1  -1   143.77    29  4   0.0  0   0.0  0
       8.7         0.1         0.2         2.7
 141.98659    40.00097    50.000   22.60  69.83  0.1368E+13   10.45   2.45  -1  -1   138.93     1  4   0.0  0   0.0  0
       0.1         0.1         0.1         0.1
 142.02742    40.07578    50.000   22.60  69.83  0.1368E+13   11.88   2.45  -1  -1   110.17     1  4   0.0  0   0.0  0
       0.1         0.1         0.1         0.1
 142.06825    40.15058    50.000   22.60  69.83  0.1368E+13    5.49   2.45  -1  -1    84.30    44  4   0.0  0   0.0  0
      17.9         0.1         0.1         0.1
 142.10907    40.22539    50.000   22.60  69.83  0.1368E+13    2.79   2.45  -1  -1    95.29    59  4   0.0  0   0.0  0
      19.9         4.0         0.1         0.1
 142.00288    39.90802    64.268   22.60  69.83  0.1368E+13   13.59   2.45  -1  -1   143.89    37  4   0.0  0   0.0  0
      12.9         1.7         0.2         0.3
 142.19073    40.37501    50.000   22.60  69.83  0.1368E+13    3.47   2.45  -1  -1    64.59    16  4   0.0  0   0.0  0
       6.1         0.1         0.1         0.1
 142.23155    40.44982    50.000   22.60  69.83  0.1368E+13    5.14   2.45  -1  -1    53.97     0  4   0.0  0   0.0  0
       0.0         0.0         0.0         0.0
 142.27238    40.52463    50.000   22.60  69.83  0.1368E+13    7.71   2.45  -1  -1    53.97     0  4   0.0  0   0.0  0
       0.0         0.0         0.0         0.0
 142.31322    40.59944    50.000   22.60  69.83  0.1368E+13   12.94   2.45  -1  -1    54.78     4  4   0.0  0   0.0  0
       0.1         0.1         0.1         1.4
 142.35405    40.67425    50.000   22.60  69.83  0.1368E+13   13.09   2.45  -1  -1    54.24    13  4   0.0  0   0.0  0
       5.0         0.1         0.1         0.1
 141.88864    39.94429    35.732   22.60  69.83  0.1368E+13   13.58   2.45  -1  -1    90.40     4  4   0.0  0   0.0  0
       1.5         0.1         0.1         0.1
 141.92946    40.01910    35.732   22.60  69.83  0.1368E+13   12.52   2.45  -1  -1    80.45     1  4   0.0  0   0.0  0
       0.1         0.1         0.1         0.1
 141.97029    40.09391    35.732   22.60  69.83  0.1368E+13   10.73   2.45  -1  -1    73.70     1  4   0.0  0   0.0  0
       0.1         0.1         0.1         0.1
 142.01112    40.16872    35.732   22.60  69.83  0.1368E+13    6.91   2.45  -1  -1    72.17     1  4   0.0  0   0.0  0
       0.1         0.1         0.1         0.1
 142.05196    40.24353    35.732   22.60  69.83  0.1368E+13    5.98   2.45  -1  -1    54.13     6  4   0.0  0   0.0  0
       0.8         1.6         0.1         0.1
 142.09277    40.31834    35.732   22.60  69.83  0.1368E+13    4.53   2.45  -1  -1    54.95     3  4   0.0  0   0.0  0
       0.1         0.2         0.6         0.2
 142.13361    40.39315    35.732   22.60  69.83  0.1368E+13    5.05   2.45  -1  -1    54.24     1  4   0.0  0   0.0  0
       0.1         0.1         0.1         0.1
 142.17444    40.46795    35.732   22.60  69.83  0.1368E+13    6.73   2.45  -1  -1    53.97     0  4   0.0  0   0.0  0
       0.0         0.0         0.0         0.0
 142.21526    40.54276    35.732   22.60  69.83  0.1368E+13    8.85   2.45  -1  -1    53.97     0  4   0.0  0   0.0  0
       0.0         0.0         0.0         0.0
 142.25609    40.61757    35.732   22.60  69.83  0.1368E+13   11.27   2.45  -1  -1   105.29     1  4   0.0  0   0.0  0
       0.1         0.1         0.1         0.1
 142.29692    40.69238    35.732   22.60  69.83  0.1368E+13   13.58   2.45  -1  -1    54.44     3  4   0.0  0   0.0  0
       1.0         0.1         0.1         0.1
 141.83151    39.96243    21.465   22.60  69.83  0.1368E+13   13.59   2.45  -1  -1    56.40     1  4   0.0  0   0.0  0
       0.1         0.1         0.1         0.1
 141.87234    40.03723    21.465   22.60  69.83  0.1368E+13   13.52   2.45  -1  -1    54.08    31  4   0.0  0   0.0  0
       0.1         0.8        11.9         0.1
 141.91316    40.11204    21.465   22.60  69.83  0.1368E+13   13.51   2.45  -1  -1    71.06    11  4   0.0  0   0.0  0
       0.1         0.1         2.9         1.3
 141.95399    40.18685    21.465   22.60  69.83  0.1368E+13   13.52   2.45  -1  -1    80.29     7  4   0.0  0   0.0  0
       0.1         0.1         0.1         2.6
 141.99483    40.26166    21.465   22.60  69.83  0.1368E+13    9.27   2.45  -1  -1    54.08     9  4   0.0  0   0.0  0
       2.5         1.0         0.1         0.1
 142.03566    40.33647    21.465   22.60  69.83  0.1368E+13   11.85   2.45  -1  -1    72.68     8  4   0.0  0   0.0  0
       2.6         0.3         0.1         0.1
 142.07648    40.41128    21.465   22.60  69.83  0.1368E+13   11.86   2.45  -1  -1    66.67     1  4   0.0  0   0.0  0
       0.1         0.1         0.1         0.1
 142.11731    40.48609    21.465   22.60  69.83  0.1368E+13   10.09   2.45  -1  -1    53.97     0  4   0.0  0   0.0  0
       0.0         0.0         0.0         0.0
 142.15814    40.56090    21.465   22.60  69.83  0.1368E+13   11.62   2.45  -1  -1    53.97     0  4   0.0  0   0.0  0
       0.0         0.0         0.0         0.0
 142.19896    40.63571    21.465   22.60  69.83  0.1368E+13   13.47   2.45  -1  -1   142.73    11  4   0.0  0   0.0  0
       0.1         0.1         0.2         4.2
 142.23979    40.71051    21.465   22.60  69.83  0.1368E+13   13.59   2.45  -1  -1    79.14     1  4   0.0  0   0.0  0
       0.1         0.1         0.1         0.1
 141.77438    39.98056     7.197   22.60  69.83  0.1368E+13   13.59   2.45  -1  -1    72.02    20  4   0.0  0   0.0  0
       1.1         0.1         0.1         6.9
 141.81522    40.05537     7.197   22.60  69.83  0.1368E+13   13.59   2.45  -1  -1    54.02    14  4   0.0  0   0.0  0
       0.1         0.1         2.1         3.4
 141.85605    40.13018     7.197   22.60  69.83  0.1368E+13   13.59   2.45  -1  -1    54.03    32  4   0.0  0   0.0  0
       0.1         2.6         8.4         2.0
 141.89687    40.20499     7.197   22.60  69.83  0.1368E+13   13.59   2.45  -1  -1    54.24     5  4   0.0  0   0.0  0
       0.1         0.6         1.1         0.1
 141.93770    40.27979     7.197   22.60  69.83  0.1368E+13   13.42   2.45  -1  -1    54.32     1  4   0.0  0   0.0  0
       0.1         0.1         0.1         0.1
 141.97853    40.35460     7.197   22.60  69.83  0.1368E+13   13.42   2.45  -1  -1   100.57     3  4   0.0  0   0.0  0
       0.1         0.1         0.8         0.1
 142.01936    40.42941     7.197   22.60  69.83  0.1368E+13   13.56   2.45  -1  -1   143.69    31  4   0.0  0   0.0  0
       0.1         0.5         9.3         2.9
 142.06018    40.50422     7.197   22.60  69.83  0.1368E+13   13.59   2.45  -1  -1    53.97     0  4   0.0  0   0.0  0
       0.0         0.0         0.0         0.0
 142.10101    40.57903     7.197   22.60  69.83  0.1368E+13   13.59   2.45  -1  -1    53.97     0  4   0.0  0   0.0  0
       0.0         0.0         0.0         0.0
 142.14185    40.65384     7.197   22.60  69.83  0.1368E+13   13.59   2.45  -1  -1   125.84    12  4   0.0  0   0.0  0
       1.9         0.1         0.6         2.3
 142.18266    40.72865     7.197   22.60  69.83  0.1368E+13   13.59   2.45  -1  -1    59.92    10  4   0.0  0   0.0  0
       3.9         0.1         0.1         0.1
