2.0
#
# http://equake-rc.info/static/paper/SRF-Description-Graves_2.0.pdf
# RECTANGULAR fault MODEL
#
# All subfaults are   9.0 km long along strike and
#  16.0 km wide along dip
#
# Model length along strike is   99.0 km
#
# Model width along dip is   80.0 km
#
# Corners of the rectangular dislocation model (lat, lon):
#     40.762   142.742 : corner 1
#     39.871   142.783 : corner 2
#     39.848   141.908 : corner 3
#     40.739   141.867 : corner 4
#
#
# Number of elementary sliprate
# isoceles triangular functions
# per subfault:   4
#
# Half duration of elementary sliprate
# isoceles triangular functions (s):   2.45
# Triangles are overlapping each other by half
#
# slip rate unit: cm/s
#
#
# Seismic moment is converted into slip
# using a single constant value for the
# shear modulus mu of  0.250E+12 dyne/cm2
# assumed to be constant and characteristic
# of the fault shear zone
#
#
#
# "rake" (degrees) is the slip angle (Aki"s convention,
# e.g. rake=+45 means left-lateral-reverse movement.
#
#
# ************************************************
# Total seismic moment M0=  0.172E+27 dyne.cm
# ************************************************
#
#
PLANE 1
 142.76251    40.31650   11    5    99.000    80.000
178.00  22.00    14.022     0.000    55.999
POINTS   55
 142.14990    40.30020    35.000  178.00  22.00  0.1440E+13    0.00   2.45  -1  -1    54.24   107  4   0.0  0   0.0  0
      37.8         5.4         0.1         0.2
 141.96005    40.61946    40.994  178.00  22.00  0.1440E+13   11.26   2.45  -1  -1    22.00     0  4   0.0  0   0.0  0
       0.0         0.0         0.0         0.0
 141.96376    40.53849    40.994  178.00  22.00  0.1440E+13    9.44   2.45  -1  -1    22.17    11  4   0.0  0   0.0  0
       1.9         1.4         1.0         0.2
 141.96747    40.45750    40.994  178.00  22.00  0.1440E+13    8.93   2.45  -1  -1    23.51     2  4   0.0  0   0.0  0
       0.3         0.2         0.3         0.2
 141.97118    40.37652    40.994  178.00  22.00  0.1440E+13    6.80   2.45  -1  -1    24.85     1  4   0.0  0   0.0  0
       0.2         0.1         0.1         0.1
 141.97488    40.29554    40.994  178.00  22.00  0.1440E+13   10.19   2.45  -1  -1    80.32     5  4   0.0  0   0.0  0
       1.9         0.1         0.1         0.1
 141.97859    40.21456    40.994  178.00  22.00  0.1440E+13    6.03   2.45  -1  -1    91.47     8  4   0.0  0   0.0  0
       0.7         2.0         0.6         0.1
 141.98230    40.13358    40.994  178.00  22.00  0.1440E+13    6.88   2.45  -1  -1    89.82    11  4   0.0  0   0.0  0
       3.4         0.1         0.1         0.8
 141.98601    40.05260    40.994  178.00  22.00  0.1440E+13    9.85   2.45  -1  -1    75.84    11  4   0.0  0   0.0  0
       0.1         0.1         0.1         4.0
 141.98972    39.97161    40.994  178.00  22.00  0.1440E+13   11.87   2.45  -1  -1    93.83    10  4   0.0  0   0.0  0
       0.6         1.8         0.6         1.2
 141.99342    39.89063    40.994  178.00  22.00  0.1440E+13   13.59   2.45  -1  -1    57.97    10  4   0.0  0   0.0  0
       1.6         0.1         0.6         2.0
 142.13136    40.70511    35.000  178.00  22.00  0.1440E+13   12.86   2.45  -1  -1    22.00     0  4   0.0  0   0.0  0
       0.0         0.0         0.0         0.0
 142.13507    40.62413    35.000  178.00  22.00  0.1440E+13   10.29   2.45  -1  -1    22.00     0  4   0.0  0   0.0  0
       0.0         0.0         0.0         0.0
 142.13878    40.54314    35.000  178.00  22.00  0.1440E+13    9.38   2.45  -1  -1    28.50     9  4   0.0  0   0.0  0
       0.9         0.9         1.2         0.6
 142.14249    40.46217    35.000  178.00  22.00  0.1440E+13   10.23   2.45  -1  -1    22.05    24  4   0.0  0   0.0  0
       4.8         1.6         0.5         2.8
 142.14619    40.38118    35.000  178.00  22.00  0.1440E+13    2.60   2.45  -1  -1    73.66    21  4   0.0  0   0.0  0
       7.4         0.2         0.2         0.7
 141.95634    40.70045    40.994  178.00  22.00  0.1440E+13   13.59   2.45  -1  -1    22.00     0  4   0.0  0   0.0  0
       0.0         0.0         0.0         0.0
 142.15361    40.21922    35.000  178.00  22.00  0.1440E+13    2.93   2.45  -1  -1    85.91    46  4   0.0  0   0.0  0
      18.1         0.1         0.2         0.2
 142.15732    40.13824    35.000  178.00  22.00  0.1440E+13    5.86   2.45  -1  -1    82.67    13  4   0.0  0   0.0  0
       5.1         0.2         0.1         0.1
 142.16103    40.05726    35.000  178.00  22.00  0.1440E+13   13.09   2.45  -1  -1    42.34     8  4   0.0  0   0.0  0
       0.1         0.1         0.1         3.2
 142.16473    39.97628    35.000  178.00  22.00  0.1440E+13   13.48   2.45  -1  -1    29.67     2  4   0.0  0   0.0  0
       0.1         0.1         0.1         0.7
 142.16844    39.89529    35.000  178.00  22.00  0.1440E+13   13.55   2.45  -1  -1    22.45     8  4   0.0  0   0.0  0
       0.1         0.1         0.2         3.0
 142.30638    40.70977    29.006  178.00  22.00  0.1440E+13   13.59   2.45  -1  -1    22.00     0  4   0.0  0   0.0  0
       0.0         0.0         0.0         0.0
 142.31009    40.62879    29.006  178.00  22.00  0.1440E+13   11.26   2.45  -1  -1    22.00     0  4   0.0  0   0.0  0
       0.0         0.0         0.0         0.0
 142.31380    40.54781    29.006  178.00  22.00  0.1440E+13   11.89   2.45  -1  -1    22.37     3  4   0.0  0   0.0  0
       0.4         0.1         0.2         0.4
 142.31750    40.46683    29.006  178.00  22.00  0.1440E+13   11.83   2.45  -1  -1    30.05     7  4   0.0  0   0.0  0
       2.1         0.4         0.2         0.1
 142.32121    40.38585    29.006  178.00  22.00  0.1440E+13    9.39   2.45  -1  -1    23.20    13  4   0.0  0   0.0  0
       2.8         1.9         0.6         0.1
 142.32492    40.30486    29.006  178.00  22.00  0.1440E+13    8.61   2.45  -1  -1    47.23    14  4   0.0  0   0.0  0
       2.4         1.4         1.6         0.1
 142.32863    40.22388    29.006  178.00  22.00  0.1440E+13    5.88   2.45  -1  -1    84.54    10  4   0.0  0   0.0  0
       1.3         1.3         1.5         0.1
 142.33234    40.14290    29.006  178.00  22.00  0.1440E+13    8.53   2.45  -1  -1   108.83     8  4   0.0  0   0.0  0
       1.3         0.9         1.1         0.1
 142.33604    40.06192    29.006  178.00  22.00  0.1440E+13   13.49   2.45  -1  -1    49.61     4  4   0.0  0   0.0  0
       0.1         0.1         0.1         1.2
 142.33975    39.98094    29.006  178.00  22.00  0.1440E+13   13.44   2.45  -1  -1    22.29     5  4   0.0  0   0.0  0
       0.1         0.1         1.2         0.6
 142.34346    39.89996    29.006  178.00  22.00  0.1440E+13   13.59   2.45  -1  -1    27.27     4  4   0.0  0   0.0  0
       0.1         0.4         0.9         0.1
 142.48141    40.71443    23.013  178.00  22.00  0.1440E+13   13.59   2.45  -1  -1    22.00     0  4   0.0  0   0.0  0
       0.0         0.0         0.0         0.0
 142.48512    40.63345    23.013  178.00  22.00  0.1440E+13   13.59   2.45  -1  -1    22.00     0  4   0.0  0   0.0  0
       0.0         0.0         0.0         0.0
 142.48883    40.55247    23.013  178.00  22.00  0.1440E+13   13.36   2.45  -1  -1    56.22     3  4   0.0  0   0.0  0
       0.1         0.1         0.2         1.0
 142.49254    40.47149    23.013  178.00  22.00  0.1440E+13   12.19   2.45  -1  -1    38.22     1  4   0.0  0   0.0  0
       0.1         0.1         0.1         0.2
 142.49625    40.39051    23.013  178.00  22.00  0.1440E+13    9.90   2.45  -1  -1    57.39     1  4   0.0  0   0.0  0
       0.2         0.1         0.1         0.1
 142.49995    40.30952    23.013  178.00  22.00  0.1440E+13    9.37   2.45  -1  -1    23.37     1  4   0.0  0   0.0  0
       0.1         0.1         0.1         0.1
 142.50366    40.22854    23.013  178.00  22.00  0.1440E+13    9.50   2.45  -1  -1    27.00     1  4   0.0  0   0.0  0
       0.2         0.1         0.1         0.1
 142.50737    40.14756    23.013  178.00  22.00  0.1440E+13   10.79   2.45  -1  -1    56.07     2  4   0.0  0   0.0  0
       0.4         0.1         0.1         0.1
 142.51108    40.06658    23.013  178.00  22.00  0.1440E+13   12.01   2.45  -1  -1    22.92     1  4   0.0  0   0.0  0
       0.1         0.1         0.1         0.1
 142.51479    39.98560    23.013  178.00  22.00  0.1440E+13   13.59   2.45  -1  -1    58.92     2  4   0.0  0   0.0  0
       0.1         0.1         0.1         0.7
 142.51849    39.90462    23.013  178.00  22.00  0.1440E+13   13.59   2.45  -1  -1    61.96     8  4   0.0  0   0.0  0
       0.1         0.4         0.5         2.1
 142.65643    40.71909    17.019  178.00  22.00  0.1440E+13   13.59   2.45  -1  -1    22.00     0  4   0.0  0   0.0  0
       0.0         0.0         0.0         0.0
 142.66014    40.63811    17.019  178.00  22.00  0.1440E+13   13.59   2.45  -1  -1    22.00     0  4   0.0  0   0.0  0
       0.0         0.0         0.0         0.0
 142.66385    40.55713    17.019  178.00  22.00  0.1440E+13   13.59   2.45  -1  -1    77.67    23  4   0.0  0   0.0  0
       0.1         0.2         1.7         7.3
 142.66756    40.47615    17.019  178.00  22.00  0.1440E+13   13.59   2.45  -1  -1    78.24    12  4   0.0  0   0.0  0
       0.1         0.2         1.0         3.4
 142.67126    40.39517    17.019  178.00  22.00  0.1440E+13   13.59   2.45  -1  -1    94.93     6  4   0.0  0   0.0  0
       0.1         0.1         1.6         0.6
 142.67497    40.31419    17.019  178.00  22.00  0.1440E+13   13.59   2.45  -1  -1    42.56     2  4   0.0  0   0.0  0
       0.1         0.1         0.4         0.1
 142.67868    40.23320    17.019  178.00  22.00  0.1440E+13   13.59   2.45  -1  -1    24.02     1  4   0.0  0   0.0  0
       0.1         0.1         0.2         0.1
 142.68239    40.15222    17.019  178.00  22.00  0.1440E+13   13.59   2.45  -1  -1    40.19     1  4   0.0  0   0.0  0
       0.1         0.1         0.1         0.1
 142.68610    40.07124    17.019  178.00  22.00  0.1440E+13   13.59   2.45  -1  -1    26.84     3  4   0.0  0   0.0  0
       0.1         0.1         0.1         1.0
 142.68980    39.99026    17.019  178.00  22.00  0.1440E+13   13.59   2.45  -1  -1    58.90    20  4   0.0  0   0.0  0
       0.1         0.1         0.1         8.1
 142.69351    39.90928    17.019  178.00  22.00  0.1440E+13   13.59   2.45  -1  -1    75.83    15  4   0.0  0   0.0  0
       0.1         0.1         0.6         5.3
