2.0
#
# http://equake-rc.info/static/paper/SRF-Description-Graves_2.0.pdf
# RECTANGULAR fault MODEL
#
# All subfaults are   7.0 km long along strike and
#   2.0 km wide along dip
#
# Model length along strike is   77.0 km
#
# Model width along dip is   10.0 km
#
# Corners of the rectangular dislocation model (lat, lon):
#     43.206    13.010 : corner 1
#     42.547    13.302 : corner 2
#     42.526    13.217 : corner 3
#     43.186    12.924 : corner 4
#
#
# Number of elementary sliprate
# isoceles triangular functions
# per subfault:   4
#
# Half duration of elementary sliprate
# isoceles triangular functions (s):   2.11
# Triangles are overlapping each other by half
#
# slip rate unit: cm/s
#
#
# Seismic moment is converted into slip
# using a single constant value for the
# shear modulus mu of  0.250E+12 dyne/cm2
# assumed to be constant and characteristic
# of the fault shear zone
#
#
#
# "rake" (degrees) is the slip angle (Aki"s convention,
# e.g. rake=+45 means left-lateral-reverse movement.
#
#
# ************************************************
# Total seismic moment M0=  0.969E+26 dyne.cm
# ************************************************
#
#
PLANE 1
  13.15600    42.87650   11    5    77.000    10.000
162.00  43.00     0.226     0.000     7.001
POINTS   55
  13.09600    42.86200     5.000  162.00  43.00  0.1400E+12    0.00   2.11  -1  -1   -38.13   139  4   0.0  0   0.0  0
      53.6        12.1         0.1         0.1
  12.97262    43.09771     6.364  162.00  43.00  0.1400E+12    8.02   2.11  -1  -1  -113.00     0  4   0.0  0   0.0  0
       0.0         0.0         0.0         0.0
  12.99919    43.03777     6.364  162.00  43.00  0.1400E+12    6.03   2.11  -1  -1  -113.00     0  4   0.0  0   0.0  0
       0.0         0.0         0.0         0.0
  13.02576    42.97782     6.364  162.00  43.00  0.1400E+12    4.58   2.11  -1  -1  -106.01     7  4   0.0  0   0.0  0
       0.5         2.3         0.3         0.2
  13.05234    42.91788     6.364  162.00  43.00  0.1400E+12    2.60   2.11  -1  -1  -107.22    27  4   0.0  0   0.0  0
       8.3         3.9         0.3         0.2
  13.07891    42.85793     6.364  162.00  43.00  0.1400E+12    0.62   2.11  -1  -1   -66.00    92  4   0.0  0   0.0  0
      43.0         0.2         0.4         0.2
  13.10548    42.79798     6.364  162.00  43.00  0.1400E+12    2.42   2.11  -1  -1   -77.28    68  4   0.0  0   0.0  0
      25.2         4.8         2.0         0.3
  13.13206    42.73804     6.364  162.00  43.00  0.1400E+12    4.94   2.11  -1  -1  -107.22     4  4   0.0  0   0.0  0
       0.6         0.2         1.1         0.1
  13.15863    42.67809     6.364  162.00  43.00  0.1400E+12   10.02   2.11  -1  -1   -23.25    51  4   0.0  0   0.0  0
       4.8         4.1         4.3        11.0
  13.18520    42.61814     6.364  162.00  43.00  0.1400E+12   10.03   2.11  -1  -1   -27.52    11  4   0.0  0   0.0  0
       0.3         0.3         0.2         4.3
  13.21177    42.55820     6.364  162.00  43.00  0.1400E+12   10.02   2.11  -1  -1  -113.00     0  4   0.0  0   0.0  0
       0.0         0.0         0.0         0.0
  12.96314    43.16173     5.000  162.00  43.00  0.1400E+12   10.00   2.11  -1  -1  -113.00     0  4   0.0  0   0.0  0
       0.0         0.0         0.0         0.0
  12.98971    43.10178     5.000  162.00  43.00  0.1400E+12    8.00   2.11  -1  -1  -113.00     0  4   0.0  0   0.0  0
       0.0         0.0         0.0         0.0
  13.01628    43.04184     5.000  162.00  43.00  0.1400E+12    6.00   2.11  -1  -1  -113.00     0  4   0.0  0   0.0  0
       0.0         0.0         0.0         0.0
  13.04285    42.98189     5.000  162.00  43.00  0.1400E+12    6.64   2.11  -1  -1   -93.43     3  4   0.0  0   0.0  0
       0.7         0.4         0.1         0.1
  13.06943    42.92195     5.000  162.00  43.00  0.1400E+12    2.18   2.11  -1  -1  -106.12    30  4   0.0  0   0.0  0
       4.0         9.6         0.5         0.3
  12.94605    43.15766     6.364  162.00  43.00  0.1400E+12   10.02   2.11  -1  -1  -113.00     0  4   0.0  0   0.0  0
       0.0         0.0         0.0         0.0
  13.12257    42.80205     5.000  162.00  43.00  0.1400E+12    6.84   2.11  -1  -1   -59.56   103  4   0.0  0   0.0  0
      30.5        14.9         3.1         0.4
  13.14915    42.74211     5.000  162.00  43.00  0.1400E+12    4.54   2.11  -1  -1  -108.85    55  4   0.0  0   0.0  0
      20.3         2.1         3.7         0.1
  13.17572    42.68216     5.000  162.00  43.00  0.1400E+12    7.15   2.11  -1  -1   -34.71    59  4   0.0  0   0.0  0
      15.6         0.5         1.4        10.2
  13.20229    42.62222     5.000  162.00  43.00  0.1400E+12    8.91   2.11  -1  -1   -43.51     4  4   0.0  0   0.0  0
       0.4         0.2         0.1         1.3
  13.22886    42.56227     5.000  162.00  43.00  0.1400E+12   10.00   2.11  -1  -1  -113.00     0  4   0.0  0   0.0  0
       0.0         0.0         0.0         0.0
  12.98022    43.16580     3.636  162.00  43.00  0.1400E+12   10.02   2.11  -1  -1  -113.00     0  4   0.0  0   0.0  0
       0.0         0.0         0.0         0.0
  13.00680    43.10585     3.636  162.00  43.00  0.1400E+12    8.02   2.11  -1  -1  -113.00     0  4   0.0  0   0.0  0
       0.0         0.0         0.0         0.0
  13.03337    43.04591     3.636  162.00  43.00  0.1400E+12    6.03   2.11  -1  -1  -113.00     0  4   0.0  0   0.0  0
       0.0         0.0         0.0         0.0
  13.05994    42.98596     3.636  162.00  43.00  0.1400E+12    4.25   2.11  -1  -1   -97.34     6  4   0.0  0   0.0  0
       0.9         1.1         0.6         0.4
  13.08652    42.92602     3.636  162.00  43.00  0.1400E+12    4.28   2.11  -1  -1  -106.17    69  4   0.0  0   0.0  0
      19.1         9.7         3.5         0.3
  13.11309    42.86607     3.636  162.00  43.00  0.1400E+12    0.64   2.11  -1  -1   -48.32   164  4   0.0  0   0.0  0
      53.6        23.9         0.3         0.1
  13.13966    42.80612     3.636  162.00  43.00  0.1400E+12    2.10   2.11  -1  -1   -87.79   135  4   0.0  0   0.0  0
      53.5         6.4         0.4         3.6
  13.16623    42.74618     3.636  162.00  43.00  0.1400E+12    4.89   2.11  -1  -1  -110.32   121  4   0.0  0   0.0  0
      40.2        10.9         5.6         0.7
  13.19281    42.68623     3.636  162.00  43.00  0.1400E+12    6.78   2.11  -1  -1   -66.36    92  4   0.0  0   0.0  0
      34.9         0.6         0.2         7.9
  13.21938    42.62629     3.636  162.00  43.00  0.1400E+12    9.03   2.11  -1  -1   -69.53     3  4   0.0  0   0.0  0
       0.3         0.2         0.3         0.5
  13.24595    42.56634     3.636  162.00  43.00  0.1400E+12   10.02   2.11  -1  -1  -113.00     0  4   0.0  0   0.0  0
       0.0         0.0         0.0         0.0
  12.99731    43.16987     2.272  162.00  43.00  0.1400E+12   10.06   2.11  -1  -1  -113.00     0  4   0.0  0   0.0  0
       0.0         0.0         0.0         0.0
  13.02389    43.10992     2.272  162.00  43.00  0.1400E+12    8.08   2.11  -1  -1  -113.00     0  4   0.0  0   0.0  0
       0.0         0.0         0.0         0.0
  13.05046    43.04998     2.272  162.00  43.00  0.1400E+12    6.11   2.11  -1  -1  -113.00     0  4   0.0  0   0.0  0
       0.0         0.0         0.0         0.0
  13.07703    42.99003     2.272  162.00  43.00  0.1400E+12    4.43   2.11  -1  -1   -86.32     3  4   0.0  0   0.0  0
       0.4         0.3         0.3         0.2
  13.10361    42.93008     2.272  162.00  43.00  0.1400E+12    4.27   2.11  -1  -1   -92.01   112  4   0.0  0   0.0  0
      16.5        26.2         9.9         0.4
  13.13018    42.87014     2.272  162.00  43.00  0.1400E+12    1.20   2.11  -1  -1   -70.50   205  4   0.0  0   0.0  0
      53.6        43.3         0.1         0.2
  13.15675    42.81019     2.272  162.00  43.00  0.1400E+12    2.31   2.11  -1  -1   -82.27   191  4   0.0  0   0.0  0
      53.6        36.5         0.1         0.4
  13.18332    42.75025     2.272  162.00  43.00  0.1400E+12    4.83   2.11  -1  -1  -100.00   140  4   0.0  0   0.0  0
      43.2        22.6         0.2         0.4
  13.20990    42.69030     2.272  162.00  43.00  0.1400E+12    7.45   2.11  -1  -1   -30.75   117  4   0.0  0   0.0  0
      27.2        12.4         1.6        14.4
  13.23647    42.63036     2.272  162.00  43.00  0.1400E+12    8.77   2.11  -1  -1   -51.41     3  4   0.0  0   0.0  0
       0.5         0.2         0.5         0.4
  13.26304    42.57041     2.272  162.00  43.00  0.1400E+12   10.06   2.11  -1  -1  -113.00     0  4   0.0  0   0.0  0
       0.0         0.0         0.0         0.0
  13.01440    43.17394     0.908  162.00  43.00  0.1400E+12   10.15   2.11  -1  -1  -113.00     0  4   0.0  0   0.0  0
       0.0         0.0         0.0         0.0
  13.04098    43.11399     0.908  162.00  43.00  0.1400E+12    8.18   2.11  -1  -1  -113.00     0  4   0.0  0   0.0  0
       0.0         0.0         0.0         0.0
  13.06755    43.05405     0.908  162.00  43.00  0.1400E+12    6.24   2.11  -1  -1  -113.00     0  4   0.0  0   0.0  0
       0.0         0.0         0.0         0.0
  13.09412    42.99410     0.908  162.00  43.00  0.1400E+12    8.46   2.11  -1  -1   -92.57     2  4   0.0  0   0.0  0
       0.2         0.1         0.2         0.2
  13.12069    42.93415     0.908  162.00  43.00  0.1400E+12    2.67   2.11  -1  -1  -100.24    99  4   0.0  0   0.0  0
      36.0         3.5         7.4         0.2
  13.14727    42.87421     0.908  162.00  43.00  0.1400E+12    1.74   2.11  -1  -1   -82.59   173  4   0.0  0   0.0  0
      53.5        27.7         0.5         0.1
  13.17384    42.81426     0.908  162.00  43.00  0.1400E+12    2.67   2.11  -1  -1   -78.38   137  4   0.0  0   0.0  0
      53.7         9.7         0.8         0.7
  13.20041    42.75432     0.908  162.00  43.00  0.1400E+12    4.69   2.11  -1  -1   -55.76   109  4   0.0  0   0.0  0
      29.6        21.8         0.1         0.1
  13.22699    42.69437     0.908  162.00  43.00  0.1400E+12    8.80   2.11  -1  -1   -28.44   150  4   0.0  0   0.0  0
      35.1        21.6         0.5        14.0
  13.25356    42.63443     0.908  162.00  43.00  0.1400E+12    8.62   2.11  -1  -1   -23.44    81  4   0.0  0   0.0  0
       4.6        18.7         4.6        10.6
  13.28013    42.57448     0.908  162.00  43.00  0.1400E+12   10.15   2.11  -1  -1  -113.00     0  4   0.0  0   0.0  0
       0.0         0.0         0.0         0.0
