2.0
#
# http://equake-rc.info/static/paper/SRF-Description-Graves_2.0.pdf
# RECTANGULAR fault MODEL
#
# All subfaults are   6.0 km long along strike and
#   8.2 km wide along dip
#
# Model length along strike is   54.0 km
#
# Model width along dip is   41.0 km
#
# Corners of the rectangular dislocation model (lat, lon):
#     39.489    22.312 : corner 1
#     39.781    21.806 : corner 2
#     40.021    22.040 : corner 3
#     39.729    22.546 : corner 4
#
#
# Number of elementary sliprate
# isoceles triangular functions
# per subfault:   4
#
# Half duration of elementary sliprate
# isoceles triangular functions (s):   1.67
# Triangles are overlapping each other by half
#
# slip rate unit: cm/s
#
#
# Seismic moment is converted into slip
# using a single constant value for the
# shear modulus mu of  0.250E+12 dyne/cm2
# assumed to be constant and characteristic
# of the fault shear zone
#
#
#
# "rake" (degrees) is the slip angle (Aki"s convention,
# e.g. rake=+45 means left-lateral-reverse movement.
#
#
# ************************************************
# Total seismic moment M0=  0.401E+26 dyne.cm
# ************************************************
#
#
PLANE 1
  22.05900    39.63500    9    5    54.000    41.000
306.92  35.61     0.065     0.000    20.499
POINTS   45
  22.17600    39.75500    12.000  306.92  35.61  0.4920E+12    0.00   1.67  -1  -1   -70.88    39  4   0.0  0   0.0  0
      15.0         1.7         5.2         1.3
  22.43833    39.75364    21.548  306.92  35.61  0.4920E+12    6.98   1.67  -1  -1   -88.98     2  4   0.0  0   0.0  0
       1.1         0.1         0.1         0.1
  22.38215    39.78609    21.548  306.92  35.61  0.4920E+12    6.18   1.67  -1  -1   -61.94    16  4   0.0  0   0.0  0
       9.2         0.1         0.1         0.1
  22.32597    39.81853    21.548  306.92  35.61  0.4920E+12    5.84   1.67  -1  -1   -64.72     2  4   0.0  0   0.0  0
       0.8         0.1         0.1         0.1
  22.26980    39.85098    21.548  306.92  35.61  0.4920E+12    8.09   1.67  -1  -1  -137.52     1  4   0.0  0   0.0  0
       0.1         0.1         0.1         0.1
  22.21362    39.88343    21.548  306.92  35.61  0.4920E+12    5.50   1.67  -1  -1  -134.36     1  4   0.0  0   0.0  0
       0.1         0.1         0.1         0.1
  22.15744    39.91587    21.548  306.92  35.61  0.4920E+12    5.89   1.67  -1  -1  -144.09     5  4   0.0  0   0.0  0
       0.1         2.0         0.8         0.1
  22.10126    39.94832    21.548  306.92  35.61  0.4920E+12    6.96   1.67  -1  -1  -144.87     0  4   0.0  0   0.0  0
       0.0         0.0         0.0         0.0
  22.04508    39.98077    21.548  306.92  35.61  0.4920E+12    8.11   1.67  -1  -1  -144.87     0  4   0.0  0   0.0  0
       0.0         0.0         0.0         0.0
  22.44761    39.67320    16.774  306.92  35.61  0.4920E+12    7.32   1.67  -1  -1   -59.17     1  4   0.0  0   0.0  0
       0.1         0.2         0.1         0.1
  22.39143    39.70565    16.774  306.92  35.61  0.4920E+12    5.66   1.67  -1  -1   -78.25     2  4   0.0  0   0.0  0
       0.7         0.4         0.1         0.1
  22.33525    39.73810    16.774  306.92  35.61  0.4920E+12    4.61   1.67  -1  -1   -66.37     8  4   0.0  0   0.0  0
       2.4         2.0         0.1         0.1
  22.27908    39.77054    16.774  306.92  35.61  0.4920E+12    5.29   1.67  -1  -1   -91.43     7  4   0.0  0   0.0  0
       2.0         0.6         1.2         0.1
  22.22290    39.80299    16.774  306.92  35.61  0.4920E+12    3.10   1.67  -1  -1  -105.50     7  4   0.0  0   0.0  0
       3.7         0.1         0.1         0.1
  22.16672    39.83544    16.774  306.92  35.61  0.4920E+12    2.97   1.67  -1  -1  -128.39     7  4   0.0  0   0.0  0
       3.5         0.1         0.1         0.2
  22.11054    39.86789    16.774  306.92  35.61  0.4920E+12    7.37   1.67  -1  -1  -134.51     3  4   0.0  0   0.0  0
       0.3         0.1         1.2         0.3
  22.05437    39.90033    16.774  306.92  35.61  0.4920E+12    5.65   1.67  -1  -1  -144.87     0  4   0.0  0   0.0  0
       0.0         0.0         0.0         0.0
  21.99819    39.93278    16.774  306.92  35.61  0.4920E+12    7.25   1.67  -1  -1  -144.87     0  4   0.0  0   0.0  0
       0.0         0.0         0.0         0.0
  22.40071    39.62521    12.000  306.92  35.61  0.4920E+12    7.81   1.67  -1  -1  -118.66     1  4   0.0  0   0.0  0
       0.4         0.2         0.1         0.1
  22.34453    39.65766    12.000  306.92  35.61  0.4920E+12    5.29   1.67  -1  -1  -108.54     3  4   0.0  0   0.0  0
       1.4         0.1         0.1         0.1
  22.28836    39.69011    12.000  306.92  35.61  0.4920E+12    3.51   1.67  -1  -1   -92.52    14  4   0.0  0   0.0  0
       7.1         1.0         0.1         0.1
  22.23218    39.72255    12.000  306.92  35.61  0.4920E+12    1.95   1.67  -1  -1   -90.49    32  4   0.0  0   0.0  0
      15.5         2.9         0.4         0.2
  22.49451    39.72119    21.548  306.92  35.61  0.4920E+12    8.11   1.67  -1  -1   -56.95     2  4   0.0  0   0.0  0
       1.0         0.1         0.1         0.1
  22.11982    39.78745    12.000  306.92  35.61  0.4920E+12    2.71   1.67  -1  -1  -100.41    28  4   0.0  0   0.0  0
      12.9         2.9         1.0         0.1
  22.06364    39.81990    12.000  306.92  35.61  0.4920E+12    3.57   1.67  -1  -1   -89.47     4  4   0.0  0   0.0  0
       2.0         0.4         0.1         0.1
  22.00747    39.85234    12.000  306.92  35.61  0.4920E+12    5.14   1.67  -1  -1  -144.87     0  4   0.0  0   0.0  0
       0.0         0.0         0.0         0.0
  21.95129    39.88479    12.000  306.92  35.61  0.4920E+12    6.86   1.67  -1  -1  -144.87     0  4   0.0  0   0.0  0
       0.0         0.0         0.0         0.0
  22.35381    39.57722     7.226  306.92  35.61  0.4920E+12    7.73   1.67  -1  -1  -140.64     1  4   0.0  0   0.0  0
       0.1         0.1         0.1         0.1
  22.29764    39.60967     7.226  306.92  35.61  0.4920E+12    7.23   1.67  -1  -1  -118.35    14  4   0.0  0   0.0  0
       7.7         0.8         0.1         0.1
  22.24146    39.64212     7.226  306.92  35.61  0.4920E+12    6.26   1.67  -1  -1  -113.74     7  4   0.0  0   0.0  0
       3.1         1.2         0.1         0.1
  22.18528    39.67456     7.226  306.92  35.61  0.4920E+12    5.14   1.67  -1  -1   -97.50    15  4   0.0  0   0.0  0
       6.7         0.7         1.5         0.1
  22.12910    39.70701     7.226  306.92  35.61  0.4920E+12    3.59   1.67  -1  -1   -70.54    15  4   0.0  0   0.0  0
       5.1         2.6         1.4         0.1
  22.07293    39.73946     7.226  306.92  35.61  0.4920E+12    5.03   1.67  -1  -1   -73.60     5  4   0.0  0   0.0  0
       1.5         1.6         0.1         0.1
  22.01675    39.77190     7.226  306.92  35.61  0.4920E+12    7.92   1.67  -1  -1   -79.88    19  4   0.0  0   0.0  0
       8.0         3.1         0.4         0.1
  21.96057    39.80435     7.226  306.92  35.61  0.4920E+12    5.65   1.67  -1  -1  -144.87     0  4   0.0  0   0.0  0
       0.0         0.0         0.0         0.0
  21.90439    39.83680     7.226  306.92  35.61  0.4920E+12    7.25   1.67  -1  -1  -144.87     0  4   0.0  0   0.0  0
       0.0         0.0         0.0         0.0
  22.30692    39.52923     2.452  306.92  35.61  0.4920E+12    8.11   1.67  -1  -1  -122.65    17  4   0.0  0   0.0  0
       1.6         8.4         0.1         0.1
  22.25074    39.56168     2.452  306.92  35.61  0.4920E+12    7.25   1.67  -1  -1   -85.93    13  4   0.0  0   0.0  0
       2.6         5.0         0.1         0.1
  22.19456    39.59413     2.452  306.92  35.61  0.4920E+12    6.35   1.67  -1  -1   -74.32     1  4   0.0  0   0.0  0
       0.1         0.1         0.1         0.1
  22.13838    39.62658     2.452  306.92  35.61  0.4920E+12    5.92   1.67  -1  -1   -85.74     2  4   0.0  0   0.0  0
       1.2         0.1         0.1         0.1
  22.08220    39.65902     2.452  306.92  35.61  0.4920E+12    5.50   1.67  -1  -1  -120.17     6  4   0.0  0   0.0  0
       2.1         1.2         0.1         0.1
  22.02603    39.69147     2.452  306.92  35.61  0.4920E+12    5.15   1.67  -1  -1   -94.31    12  4   0.0  0   0.0  0
       3.6         1.8         1.6         0.1
  21.96985    39.72392     2.452  306.92  35.61  0.4920E+12    6.34   1.67  -1  -1   -86.62    17  4   0.0  0   0.0  0
       6.1         2.0         1.7         0.1
  21.91367    39.75636     2.452  306.92  35.61  0.4920E+12    6.96   1.67  -1  -1  -144.87     0  4   0.0  0   0.0  0
       0.0         0.0         0.0         0.0
  21.85749    39.78881     2.452  306.92  35.61  0.4920E+12    8.11   1.67  -1  -1  -144.87     0  4   0.0  0   0.0  0
       0.0         0.0         0.0         0.0
