2.0
#
# http://equake-rc.info/static/paper/SRF-Description-Graves_2.0.pdf
# RECTANGULAR fault MODEL
#
# All subfaults are   6.0 km long along strike and
#   5.8 km wide along dip
#
# Model length along strike is   54.0 km
#
# Model width along dip is   29.0 km
#
# Corners of the rectangular dislocation model (lat, lon):
#     39.988    22.042 : corner 1
#     39.621    22.457 : corner 2
#     39.522    22.310 : corner 3
#     39.889    21.895 : corner 4
#
#
# Number of elementary sliprate
# isoceles triangular functions
# per subfault:   4
#
# Half duration of elementary sliprate
# isoceles triangular functions (s):   1.67
# Triangles are overlapping each other by half
#
# slip rate unit: cm/s
#
#
# Seismic moment is converted into slip
# using a single constant value for the
# shear modulus mu of  0.250E+12 dyne/cm2
# assumed to be constant and characteristic
# of the fault shear zone
#
#
#
# "rake" (degrees) is the slip angle (Aki"s convention,
# e.g. rake=+45 means left-lateral-reverse movement.
#
#
# ************************************************
# Total seismic moment M0=  0.475E+26 dyne.cm
# ************************************************
#
#
PLANE 1
  22.24950    39.80450    9    5    54.000    29.000
139.00  55.00     0.122     0.000    14.499
POINTS   45
  22.17600    39.75500    12.000  139.00  55.00  0.3480E+12    0.00   1.67  -1  -1   -43.85    41  4   0.0  0   0.0  0
      22.0         1.9         0.4         0.1
  21.97890    39.83801    21.502  139.00  55.00  0.3480E+12    7.98   1.67  -1  -1  -127.93    36  4   0.0  0   0.0  0
       0.3         3.3         0.8        17.4
  22.02500    39.79724    21.502  139.00  55.00  0.3480E+12    7.80   1.67  -1  -1  -127.93    27  4   0.0  0   0.0  0
       1.9         8.2         4.4         1.6
  22.07110    39.75647    21.502  139.00  55.00  0.3480E+12    7.60   1.67  -1  -1  -126.45     3  4   0.0  0   0.0  0
       0.1         0.1         0.1         1.7
  22.11720    39.71570    21.502  139.00  55.00  0.3480E+12    3.70   1.67  -1  -1  -124.45     2  4   0.0  0   0.0  0
       0.1         0.1         0.1         0.7
  22.16329    39.67493    21.502  139.00  55.00  0.3480E+12    8.08   1.67  -1  -1   -56.84     1  4   0.0  0   0.0  0
       0.1         0.1         0.1         0.1
  22.20939    39.63416    21.502  139.00  55.00  0.3480E+12    8.08   1.67  -1  -1   -49.21     1  4   0.0  0   0.0  0
       0.1         0.1         0.1         0.1
  22.25549    39.59340    21.502  139.00  55.00  0.3480E+12    7.28   1.67  -1  -1   -87.50     1  4   0.0  0   0.0  0
       0.1         0.1         0.1         0.1
  22.30159    39.55263    21.502  139.00  55.00  0.3480E+12    8.05   1.67  -1  -1  -104.23     0  4   0.0  0   0.0  0
       0.1         0.1         0.1         0.1
  21.96220    39.89843    16.751  139.00  55.00  0.3480E+12    7.05   1.67  -1  -1  -128.00     0  4   0.0  0   0.0  0
       0.0         0.0         0.0         0.0
  22.00830    39.85766    16.751  139.00  55.00  0.3480E+12    7.00   1.67  -1  -1  -114.73     3  4   0.0  0   0.0  0
       1.7         0.2         0.1         0.1
  22.05440    39.81689    16.751  139.00  55.00  0.3480E+12    6.99   1.67  -1  -1   -98.98    16  4   0.0  0   0.0  0
       7.9         1.5         0.1         0.1
  22.10050    39.77612    16.751  139.00  55.00  0.3480E+12    3.63   1.67  -1  -1  -107.72    12  4   0.0  0   0.0  0
       1.4         3.6         1.8         0.1
  22.14660    39.73535    16.751  139.00  55.00  0.3480E+12    3.61   1.67  -1  -1   -99.83     9  4   0.0  0   0.0  0
       3.3         1.7         0.1         0.1
  22.19270    39.69458    16.751  139.00  55.00  0.3480E+12    2.53   1.67  -1  -1   -70.90     3  4   0.0  0   0.0  0
       1.3         0.1         0.1         0.1
  22.23879    39.65381    16.751  139.00  55.00  0.3480E+12    7.49   1.67  -1  -1   -46.82     1  4   0.0  0   0.0  0
       0.1         0.3         0.1         0.1
  22.28489    39.61304    16.751  139.00  55.00  0.3480E+12    6.19   1.67  -1  -1   -56.05     1  4   0.0  0   0.0  0
       0.3         0.1         0.1         0.1
  22.33099    39.57228    16.751  139.00  55.00  0.3480E+12    7.07   1.67  -1  -1  -108.94     2  4   0.0  0   0.0  0
       0.8         0.1         0.1         0.1
  21.99161    39.91808    12.000  139.00  55.00  0.3480E+12    6.86   1.67  -1  -1  -128.00     0  4   0.0  0   0.0  0
       0.0         0.0         0.0         0.0
  22.03770    39.87731    12.000  139.00  55.00  0.3480E+12    6.09   1.67  -1  -1  -121.97     3  4   0.0  0   0.0  0
       0.8         0.9         0.1         0.1
  22.08380    39.83654    12.000  139.00  55.00  0.3480E+12    3.73   1.67  -1  -1   -81.92    38  4   0.0  0   0.0  0
      22.3         0.1         0.1         0.1
  22.12990    39.79577    12.000  139.00  55.00  0.3480E+12    1.95   1.67  -1  -1   -85.54    33  4   0.0  0   0.0  0
      12.1         7.2         0.1         0.2
  21.93280    39.87878    21.502  139.00  55.00  0.3480E+12    7.62   1.67  -1  -1  -128.00     0  4   0.0  0   0.0  0
       0.0         0.0         0.0         0.0
  22.22210    39.71423    12.000  139.00  55.00  0.3480E+12    1.83   1.67  -1  -1   -79.35    26  4   0.0  0   0.0  0
       5.2         9.9         0.1         0.1
  22.26820    39.67346    12.000  139.00  55.00  0.3480E+12    4.18   1.67  -1  -1   -80.94    14  4   0.0  0   0.0  0
       6.5         0.2         0.1         1.9
  22.31430    39.63269    12.000  139.00  55.00  0.3480E+12    6.60   1.67  -1  -1   -49.42    12  4   0.0  0   0.0  0
       0.7         2.2         3.9         0.3
  22.36039    39.59193    12.000  139.00  55.00  0.3480E+12    6.94   1.67  -1  -1  -114.94    20  4   0.0  0   0.0  0
      11.5         0.1         0.1         0.2
  22.02101    39.93773     7.249  139.00  55.00  0.3480E+12    7.05   1.67  -1  -1  -128.00     0  4   0.0  0   0.0  0
       0.0         0.0         0.0         0.0
  22.06711    39.89696     7.249  139.00  55.00  0.3480E+12    6.14   1.67  -1  -1  -117.58     1  4   0.0  0   0.0  0
       0.6         0.1         0.1         0.1
  22.11321    39.85619     7.249  139.00  55.00  0.3480E+12    4.14   1.67  -1  -1  -118.14     6  4   0.0  0   0.0  0
       3.1         0.4         0.1         0.1
  22.15931    39.81542     7.249  139.00  55.00  0.3480E+12    3.08   1.67  -1  -1   -82.17    20  4   0.0  0   0.0  0
      11.5         0.1         0.2         0.1
  22.20540    39.77465     7.249  139.00  55.00  0.3480E+12    2.56   1.67  -1  -1  -103.08    22  4   0.0  0   0.0  0
      12.9         0.1         0.3         0.1
  22.25150    39.73388     7.249  139.00  55.00  0.3480E+12    2.62   1.67  -1  -1   -84.69    17  4   0.0  0   0.0  0
       9.7         0.1         0.1         0.1
  22.29760    39.69311     7.249  139.00  55.00  0.3480E+12    3.87   1.67  -1  -1  -119.75    44  4   0.0  0   0.0  0
      26.1         0.1         0.1         0.1
  22.34370    39.65234     7.249  139.00  55.00  0.3480E+12    6.20   1.67  -1  -1   -51.16    14  4   0.0  0   0.0  0
       3.8         1.5         2.5         0.3
  22.38980    39.61158     7.249  139.00  55.00  0.3480E+12    7.38   1.67  -1  -1   -88.84    10  4   0.0  0   0.0  0
       1.0         4.2         0.8         0.1
  22.05041    39.95737     2.498  139.00  55.00  0.3480E+12    7.62   1.67  -1  -1  -128.00     0  4   0.0  0   0.0  0
       0.0         0.0         0.0         0.0
  22.09651    39.91661     2.498  139.00  55.00  0.3480E+12    6.39   1.67  -1  -1   -95.29     1  4   0.0  0   0.0  0
       0.4         0.1         0.1         0.1
  22.14261    39.87584     2.498  139.00  55.00  0.3480E+12    5.77   1.67  -1  -1   -47.71     3  4   0.0  0   0.0  0
       0.1         0.6         1.3         0.1
  22.18871    39.83507     2.498  139.00  55.00  0.3480E+12    8.11   1.67  -1  -1   -57.81     8  4   0.0  0   0.0  0
       2.6         1.2         0.7         0.6
  22.23481    39.79430     2.498  139.00  55.00  0.3480E+12    7.11   1.67  -1  -1   -69.02     4  4   0.0  0   0.0  0
       0.8         0.1         0.3         1.4
  22.28090    39.75353     2.498  139.00  55.00  0.3480E+12    3.75   1.67  -1  -1   -87.75     8  4   0.0  0   0.0  0
       3.3         0.1         0.1         1.1
  22.32700    39.71276     2.498  139.00  55.00  0.3480E+12    5.16   1.67  -1  -1   -66.73    52  4   0.0  0   0.0  0
      30.2         0.7         0.1         0.1
  22.37310    39.67199     2.498  139.00  55.00  0.3480E+12    6.94   1.67  -1  -1   -89.50    17  4   0.0  0   0.0  0
       4.9         0.1         0.1         5.3
  22.41920    39.63123     2.498  139.00  55.00  0.3480E+12    7.81   1.67  -1  -1   -49.37    16  4   0.0  0   0.0  0
       2.6         0.2         0.1         7.0
