2.0
#
# http://equake-rc.info/static/paper/SRF-Description-Graves_2.0.pdf
# RECTANGULAR fault MODEL
#
# All subfaults are   7.0 km long along strike and
#   4.1 km wide along dip
#
# Model length along strike is   77.0 km
#
# Model width along dip is   20.5 km
#
# Corners of the rectangular dislocation model (lat, lon):
#     42.583    13.387 : corner 1
#     43.056    12.696 : corner 2
#     43.141    12.805 : corner 3
#     42.668    13.496 : corner 4
#
#
# Number of elementary sliprate
# isoceles triangular functions
# per subfault:   4
#
# Half duration of elementary sliprate
# isoceles triangular functions (s):   2.11
# Triangles are overlapping each other by half
#
# slip rate unit: cm/s
#
#
# Seismic moment is converted into slip
# using a single constant value for the
# shear modulus mu of  0.250E+12 dyne/cm2
# assumed to be constant and characteristic
# of the fault shear zone
#
#
#
# "rake" (degrees) is the slip angle (Aki"s convention,
# e.g. rake=+45 means left-lateral-reverse movement.
#
#
# ************************************************
# Total seismic moment M0=  0.913E+26 dyne.cm
# ************************************************
#
#
PLANE 1
  13.04150    42.81950   11    5    77.000    20.500
313.08  50.78     0.060     0.000    10.251
POINTS   55
  13.09600    42.86200     8.000  313.08  50.78  0.2870E+12    0.00   2.11  -1  -1   -95.29   106  4   0.0  0   0.0  0
      50.1         0.2         0.2         0.1
  13.39073    42.72389    14.352  313.08  50.78  0.2870E+12    8.34   2.11  -1  -1  -154.26     0  4   0.0  0   0.0  0
       0.0         0.0         0.0         0.0
  13.32793    42.76694    14.352  313.08  50.78  0.2870E+12    7.64   2.11  -1  -1  -147.61     8  4   0.0  0   0.0  0
       0.2         2.3         1.1         0.2
  13.26512    42.80999    14.352  313.08  50.78  0.2870E+12    6.49   2.11  -1  -1  -139.14     1  4   0.0  0   0.0  0
       0.1         0.1         0.1         0.1
  13.20231    42.85305    14.352  313.08  50.78  0.2870E+12    6.14   2.11  -1  -1  -133.25     1  4   0.0  0   0.0  0
       0.1         0.4         0.1         0.1
  13.13951    42.89610    14.352  313.08  50.78  0.2870E+12    5.34   2.11  -1  -1   -96.81     1  4   0.0  0   0.0  0
       0.3         0.1         0.1         0.1
  13.07670    42.93916    14.352  313.08  50.78  0.2870E+12    3.12   2.11  -1  -1  -109.79     5  4   0.0  0   0.0  0
       1.9         0.1         0.2         0.1
  13.01390    42.98221    14.352  313.08  50.78  0.2870E+12   10.49   2.11  -1  -1  -129.52     1  4   0.0  0   0.0  0
       0.1         0.1         0.2         0.2
  12.95109    43.02526    14.352  313.08  50.78  0.2870E+12    6.44   2.11  -1  -1  -154.26     0  4   0.0  0   0.0  0
       0.0         0.0         0.0         0.0
  12.88828    43.06831    14.352  313.08  50.78  0.2870E+12    8.34   2.11  -1  -1  -154.26     0  4   0.0  0   0.0  0
       0.0         0.0         0.0         0.0
  12.82548    43.11137    14.352  313.08  50.78  0.2870E+12   10.27   2.11  -1  -1  -154.26     0  4   0.0  0   0.0  0
       0.0         0.0         0.0         0.0
  13.43178    42.66378    11.176  313.08  50.78  0.2870E+12   10.07   2.11  -1  -1  -154.26     0  4   0.0  0   0.0  0
       0.0         0.0         0.0         0.0
  13.36898    42.70684    11.176  313.08  50.78  0.2870E+12    8.09   2.11  -1  -1  -154.26     0  4   0.0  0   0.0  0
       0.0         0.0         0.0         0.0
  13.30617    42.74989    11.176  313.08  50.78  0.2870E+12    6.49   2.11  -1  -1  -114.03     3  4   0.0  0   0.0  0
       0.1         0.1         0.1         0.9
  13.24337    42.79294    11.176  313.08  50.78  0.2870E+12    5.04   2.11  -1  -1  -111.44     1  4   0.0  0   0.0  0
       0.1         0.2         0.1         0.1
  13.18056    42.83600    11.176  313.08  50.78  0.2870E+12    2.32   2.11  -1  -1   -99.54    13  4   0.0  0   0.0  0
       5.8         0.1         0.1         0.1
  13.11775    42.87905    11.176  313.08  50.78  0.2870E+12    2.09   2.11  -1  -1  -140.42     3  4   0.0  0   0.0  0
       0.8         0.1         0.2         0.2
  13.05495    42.92210    11.176  313.08  50.78  0.2870E+12    2.74   2.11  -1  -1  -143.02    18  4   0.0  0   0.0  0
       7.9         0.2         0.2         0.1
  12.99214    42.96516    11.176  313.08  50.78  0.2870E+12    4.20   2.11  -1  -1  -117.48     7  4   0.0  0   0.0  0
       0.8         1.7         0.4         0.4
  12.92934    43.00821    11.176  313.08  50.78  0.2870E+12    6.11   2.11  -1  -1  -154.26     0  4   0.0  0   0.0  0
       0.0         0.0         0.0         0.0
  12.86653    43.05126    11.176  313.08  50.78  0.2870E+12    8.09   2.11  -1  -1  -154.26     0  4   0.0  0   0.0  0
       0.0         0.0         0.0         0.0
  12.80372    43.09432    11.176  313.08  50.78  0.2870E+12   10.07   2.11  -1  -1  -154.26     0  4   0.0  0   0.0  0
       0.0         0.0         0.0         0.0
  13.41003    42.64673     8.000  313.08  50.78  0.2870E+12   10.00   2.11  -1  -1  -154.26     0  4   0.0  0   0.0  0
       0.0         0.0         0.0         0.0
  13.34722    42.68979     8.000  313.08  50.78  0.2870E+12    8.00   2.11  -1  -1  -154.26     0  4   0.0  0   0.0  0
       0.0         0.0         0.0         0.0
  13.28442    42.73284     8.000  313.08  50.78  0.2870E+12    9.82   2.11  -1  -1   -77.70    13  4   0.0  0   0.0  0
       0.1         1.5         1.5         2.8
  13.22161    42.77589     8.000  313.08  50.78  0.2870E+12    4.76   2.11  -1  -1   -81.68    23  4   0.0  0   0.0  0
      10.4         0.1         0.1         0.1
  13.15881    42.81895     8.000  313.08  50.78  0.2870E+12    2.13   2.11  -1  -1  -123.97   115  4   0.0  0   0.0  0
      53.7         0.4         0.1         0.2
  13.45354    42.68084    14.352  313.08  50.78  0.2870E+12   10.27   2.11  -1  -1  -154.26     0  4   0.0  0   0.0  0
       0.0         0.0         0.0         0.0
  13.03319    42.90505     8.000  313.08  50.78  0.2870E+12    2.75   2.11  -1  -1  -154.21    40  4   0.0  0   0.0  0
      16.6         2.3         0.2         0.1
  12.97039    42.94810     8.000  313.08  50.78  0.2870E+12    4.47   2.11  -1  -1  -151.63    26  4   0.0  0   0.0  0
      11.5         0.4         0.1         0.1
  12.90758    42.99116     8.000  313.08  50.78  0.2870E+12    6.00   2.11  -1  -1  -154.26     0  4   0.0  0   0.0  0
       0.0         0.0         0.0         0.0
  12.84478    43.03421     8.000  313.08  50.78  0.2870E+12    8.00   2.11  -1  -1  -154.26     0  4   0.0  0   0.0  0
       0.0         0.0         0.0         0.0
  12.78197    43.07727     8.000  313.08  50.78  0.2870E+12   10.00   2.11  -1  -1  -154.26     0  4   0.0  0   0.0  0
       0.0         0.0         0.0         0.0
  13.38828    42.62968     4.824  313.08  50.78  0.2870E+12   10.07   2.11  -1  -1  -154.26     0  4   0.0  0   0.0  0
       0.0         0.0         0.0         0.0
  13.32547    42.67274     4.824  313.08  50.78  0.2870E+12    8.09   2.11  -1  -1  -154.26     0  4   0.0  0   0.0  0
       0.0         0.0         0.0         0.0
  13.26266    42.71579     4.824  313.08  50.78  0.2870E+12   10.07   2.11  -1  -1   -82.29    60  4   0.0  0   0.0  0
       2.3         5.2         9.1        11.8
  13.19986    42.75884     4.824  313.08  50.78  0.2870E+12    4.78   2.11  -1  -1   -69.59    67  4   0.0  0   0.0  0
      26.8         5.0         0.1         0.1
  13.13705    42.80190     4.824  313.08  50.78  0.2870E+12    2.95   2.11  -1  -1  -135.15    23  4   0.0  0   0.0  0
      10.3         0.2         0.1         0.1
  13.07425    42.84495     4.824  313.08  50.78  0.2870E+12    1.23   2.11  -1  -1  -137.46    58  4   0.0  0   0.0  0
      27.2         0.2         0.1         0.1
  13.01144    42.88800     4.824  313.08  50.78  0.2870E+12    3.66   2.11  -1  -1  -153.34    18  4   0.0  0   0.0  0
       5.7         2.4         0.1         0.1
  12.94863    42.93106     4.824  313.08  50.78  0.2870E+12    6.25   2.11  -1  -1  -149.00    13  4   0.0  0   0.0  0
       4.2         0.8         0.2         0.8
  12.88583    42.97411     4.824  313.08  50.78  0.2870E+12    6.11   2.11  -1  -1  -154.26     0  4   0.0  0   0.0  0
       0.0         0.0         0.0         0.0
  12.82302    43.01716     4.824  313.08  50.78  0.2870E+12    8.09   2.11  -1  -1  -154.26     0  4   0.0  0   0.0  0
       0.0         0.0         0.0         0.0
  12.76021    43.06021     4.824  313.08  50.78  0.2870E+12   10.07   2.11  -1  -1  -154.26     0  4   0.0  0   0.0  0
       0.0         0.0         0.0         0.0
  13.36652    42.61263     1.648  313.08  50.78  0.2870E+12   10.27   2.11  -1  -1  -154.26     0  4   0.0  0   0.0  0
       0.0         0.0         0.0         0.0
  13.30372    42.65569     1.648  313.08  50.78  0.2870E+12    8.34   2.11  -1  -1  -154.26     0  4   0.0  0   0.0  0
       0.0         0.0         0.0         0.0
  13.24091    42.69874     1.648  313.08  50.78  0.2870E+12    6.78   2.11  -1  -1  -111.53    73  4   0.0  0   0.0  0
      26.4         8.0         0.1         0.1
  13.17810    42.74179     1.648  313.08  50.78  0.2870E+12    4.89   2.11  -1  -1  -145.19   114  4   0.0  0   0.0  0
      53.7         0.1         0.1         0.1
  13.11530    42.78484     1.648  313.08  50.78  0.2870E+12    4.73   2.11  -1  -1  -109.22   238  4   0.0  0   0.0  0
      42.1        16.7        37.9        15.8
  13.05249    42.82790     1.648  313.08  50.78  0.2870E+12    2.40   2.11  -1  -1   -78.10   139  4   0.0  0   0.0  0
      53.3        12.2         0.1         0.1
  12.98969    42.87095     1.648  313.08  50.78  0.2870E+12    3.23   2.11  -1  -1  -148.85    49  4   0.0  0   0.0  0
      13.7         9.3         0.2         0.2
  12.92688    42.91401     1.648  313.08  50.78  0.2870E+12    5.38   2.11  -1  -1  -153.53    38  4   0.0  0   0.0  0
       7.0         8.9         1.6         0.6
  12.86407    42.95706     1.648  313.08  50.78  0.2870E+12    6.44   2.11  -1  -1  -154.26     0  4   0.0  0   0.0  0
       0.0         0.0         0.0         0.0
  12.80127    43.00011     1.648  313.08  50.78  0.2870E+12    8.34   2.11  -1  -1  -154.26     0  4   0.0  0   0.0  0
       0.0         0.0         0.0         0.0
  12.73846    43.04316     1.648  313.08  50.78  0.2870E+12   10.27   2.11  -1  -1  -154.26     0  4   0.0  0   0.0  0
       0.0         0.0         0.0         0.0
