2.0
#
# http://equake-rc.info/static/paper/SRF-Description-Graves_2.0.pdf
# RECTANGULAR fault MODEL
#
# All subfaults are  10.0 km long along strike and
#   5.3 km wide along dip
#
# Model length along strike is  130.0 km
#
# Model width along dip is   26.5 km
#
# Corners of the rectangular dislocation model (lat, lon):
#     59.956  -138.672 : corner 1
#     60.774  -140.370 : corner 2
#     60.850  -140.220 : corner 3
#     60.032  -138.522 : corner 4
#
#
# Number of elementary sliprate
# isoceles triangular functions
# per subfault:   4
#
# Half duration of elementary sliprate
# isoceles triangular functions (s):   2.86
# Triangles are overlapping each other by half
#
# slip rate unit: cm/s
#
#
# Seismic moment is converted into slip
# using a single constant value for the
# shear modulus mu of  0.250E+12 dyne/cm2
# assumed to be constant and characteristic
# of the fault shear zone
#
#
#
# "rake" (degrees) is the slip angle (Aki"s convention,
# e.g. rake=+45 means left-lateral-reverse movement.
#
#
# ************************************************
# Total seismic moment M0=  0.448E+27 dyne.cm
# ************************************************
#
#
PLANE 1
-139.52100    60.36500   13    5   130.000    26.500
314.28  63.51     0.141     0.000    13.249
POINTS   65
-139.44600    60.40310    12.000  314.28  63.51  0.5300E+12    0.00   2.86  -1  -1   163.53    95  4   0.0  0   0.0  0
      28.0         0.2         5.0         0.1
-138.73270    60.11907    21.487  314.28  63.51  0.5300E+12   14.60   2.86  -1  -1   101.04     0  4   0.0  0   0.0  0
       0.0         0.0         0.0         0.0
-138.86331    60.18198    21.487  314.28  63.51  0.5300E+12   11.82   2.86  -1  -1   101.04     0  4   0.0  0   0.0  0
       0.0         0.0         0.0         0.0
-138.99393    60.24488    21.487  314.28  63.51  0.5300E+12    9.09   2.86  -1  -1   101.04     0  4   0.0  0   0.0  0
       0.0         0.0         0.0         0.0
-139.12454    60.30779    21.487  314.28  63.51  0.5300E+12    6.47   2.86  -1  -1   101.04     0  4   0.0  0   0.0  0
       0.0         0.0         0.0         0.0
-139.25516    60.37069    21.487  314.28  63.51  0.5300E+12    4.54   2.86  -1  -1   156.28    14  4   0.0  0   0.0  0
       3.4         0.1         0.2         1.3
-139.38579    60.43360    21.487  314.28  63.51  0.5300E+12    4.54   2.86  -1  -1   163.70    84  4   0.0  0   0.0  0
      28.0         1.1         0.2         0.2
-139.51640    60.49651    21.487  314.28  63.51  0.5300E+12    4.65   2.86  -1  -1   140.77   120  4   0.0  0   0.0  0
      40.2         0.9         0.2         0.5
-139.64702    60.55941    21.487  314.28  63.51  0.5300E+12    6.85   2.86  -1  -1   127.50   126  4   0.0  0   0.0  0
      38.9         0.3         4.6         0.1
-139.77763    60.62231    21.487  314.28  63.51  0.5300E+12   13.27   2.86  -1  -1   166.65    38  4   0.0  0   0.0  0
       3.8         5.1         4.4         0.2
-139.90825    60.68522    21.487  314.28  63.51  0.5300E+12   15.60   2.86  -1  -1   127.88     5  4   0.0  0   0.0  0
       0.5         0.2         0.8         0.2
-140.03886    60.74813    21.487  314.28  63.51  0.5300E+12   14.60   2.86  -1  -1   101.04     0  4   0.0  0   0.0  0
       0.0         0.0         0.0         0.0
-140.16948    60.81103    21.487  314.28  63.51  0.5300E+12   17.32   2.86  -1  -1   101.04     0  4   0.0  0   0.0  0
       0.0         0.0         0.0         0.0
-138.63219    60.04092    16.744  314.28  63.51  0.5300E+12   17.21   2.86  -1  -1   101.04     0  4   0.0  0   0.0  0
       0.0         0.0         0.0         0.0
-138.76282    60.10382    16.744  314.28  63.51  0.5300E+12   14.37   2.86  -1  -1   101.04     0  4   0.0  0   0.0  0
       0.0         0.0         0.0         0.0
-138.89343    60.16673    16.744  314.28  63.51  0.5300E+12   11.53   2.86  -1  -1   101.04     0  4   0.0  0   0.0  0
       0.0         0.0         0.0         0.0
-139.02405    60.22963    16.744  314.28  63.51  0.5300E+12    8.70   2.86  -1  -1   101.04     0  4   0.0  0   0.0  0
       0.0         0.0         0.0         0.0
-139.15466    60.29254    16.744  314.28  63.51  0.5300E+12    5.91   2.86  -1  -1   101.04     0  4   0.0  0   0.0  0
       0.0         0.0         0.0         0.0
-139.28528    60.35545    16.744  314.28  63.51  0.5300E+12    3.40   2.86  -1  -1   158.82    56  4   0.0  0   0.0  0
      15.1         1.9         2.3         0.2
-139.41589    60.41835    16.744  314.28  63.51  0.5300E+12    3.39   2.86  -1  -1   139.42    79  4   0.0  0   0.0  0
       7.1        18.2         0.3         1.9
-139.54651    60.48125    16.744  314.28  63.51  0.5300E+12    4.53   2.86  -1  -1   133.24   102  4   0.0  0   0.0  0
      25.7         0.8         8.5         0.7
-139.67712    60.54416    16.744  314.28  63.51  0.5300E+12   14.36   2.86  -1  -1   132.05   136  4   0.0  0   0.0  0
      36.0         0.2         9.7         1.6
-139.80774    60.60706    16.744  314.28  63.51  0.5300E+12    9.07   2.86  -1  -1   124.65    96  4   0.0  0   0.0  0
      24.9         0.6         6.3         1.9
-139.93835    60.66997    16.744  314.28  63.51  0.5300E+12   12.67   2.86  -1  -1   120.01    33  4   0.0  0   0.0  0
       1.4         8.2         1.4         0.6
-140.06897    60.73288    16.744  314.28  63.51  0.5300E+12   14.37   2.86  -1  -1   101.04     0  4   0.0  0   0.0  0
       0.0         0.0         0.0         0.0
-140.19958    60.79578    16.744  314.28  63.51  0.5300E+12   17.21   2.86  -1  -1   101.04     0  4   0.0  0   0.0  0
       0.0         0.0         0.0         0.0
-138.66231    60.02567    12.000  314.28  63.51  0.5300E+12   17.14   2.86  -1  -1   101.04     0  4   0.0  0   0.0  0
       0.0         0.0         0.0         0.0
-138.79292    60.08857    12.000  314.28  63.51  0.5300E+12   14.29   2.86  -1  -1   101.04     0  4   0.0  0   0.0  0
       0.0         0.0         0.0         0.0
-138.92354    60.15148    12.000  314.28  63.51  0.5300E+12   11.43   2.86  -1  -1   101.04     0  4   0.0  0   0.0  0
       0.0         0.0         0.0         0.0
-139.05415    60.21438    12.000  314.28  63.51  0.5300E+12    8.57   2.86  -1  -1   101.04     0  4   0.0  0   0.0  0
       0.0         0.0         0.0         0.0
-139.18477    60.27729    12.000  314.28  63.51  0.5300E+12    5.71   2.86  -1  -1   101.04     0  4   0.0  0   0.0  0
       0.0         0.0         0.0         0.0
-139.31538    60.34019    12.000  314.28  63.51  0.5300E+12    6.24   2.86  -1  -1   146.98    43  4   0.0  0   0.0  0
      12.4         2.2         0.1         0.5
-138.60208    60.05617    21.487  314.28  63.51  0.5300E+12   17.32   2.86  -1  -1   101.04     0  4   0.0  0   0.0  0
       0.0         0.0         0.0         0.0
-139.57661    60.46600    12.000  314.28  63.51  0.5300E+12    4.54   2.86  -1  -1   166.54   122  4   0.0  0   0.0  0
      16.4        22.4         0.2         3.7
-139.70723    60.52891    12.000  314.28  63.51  0.5300E+12    7.37   2.86  -1  -1   150.34   178  4   0.0  0   0.0  0
      36.2        18.5         1.8         5.7
-139.83784    60.59182    12.000  314.28  63.51  0.5300E+12    8.61   2.86  -1  -1   146.34   167  4   0.0  0   0.0  0
      50.0         4.9         0.2         3.1
-139.96846    60.65472    12.000  314.28  63.51  0.5300E+12   12.50   2.86  -1  -1   119.55    47  4   0.0  0   0.0  0
       6.4         2.2         3.9         3.8
-140.09908    60.71762    12.000  314.28  63.51  0.5300E+12   14.29   2.86  -1  -1   101.04     0  4   0.0  0   0.0  0
       0.0         0.0         0.0         0.0
-140.22969    60.78053    12.000  314.28  63.51  0.5300E+12   17.14   2.86  -1  -1   101.04     0  4   0.0  0   0.0  0
       0.0         0.0         0.0         0.0
-138.69241    60.01042     7.256  314.28  63.51  0.5300E+12   17.21   2.86  -1  -1   101.04     0  4   0.0  0   0.0  0
       0.0         0.0         0.0         0.0
-138.82303    60.07332     7.256  314.28  63.51  0.5300E+12   14.37   2.86  -1  -1   101.04     0  4   0.0  0   0.0  0
       0.0         0.0         0.0         0.0
-138.95364    60.13623     7.256  314.28  63.51  0.5300E+12   11.53   2.86  -1  -1   101.04     0  4   0.0  0   0.0  0
       0.0         0.0         0.0         0.0
-139.08426    60.19913     7.256  314.28  63.51  0.5300E+12    8.70   2.86  -1  -1   101.04     0  4   0.0  0   0.0  0
       0.0         0.0         0.0         0.0
-139.21487    60.26204     7.256  314.28  63.51  0.5300E+12    5.91   2.86  -1  -1   101.04     0  4   0.0  0   0.0  0
       0.0         0.0         0.0         0.0
-139.34549    60.32494     7.256  314.28  63.51  0.5300E+12    5.59   2.86  -1  -1   130.60    56  4   0.0  0   0.0  0
       7.2        10.4         1.8         0.2
-139.47610    60.38785     7.256  314.28  63.51  0.5300E+12    4.54   2.86  -1  -1   157.63   105  4   0.0  0   0.0  0
       0.2        24.6         7.2         4.8
-139.60672    60.45075     7.256  314.28  63.51  0.5300E+12    8.74   2.86  -1  -1   124.07   181  4   0.0  0   0.0  0
       2.8        21.9        33.5         5.0
-139.73734    60.51366     7.256  314.28  63.51  0.5300E+12    8.48   2.86  -1  -1   135.79   207  4   0.0  0   0.0  0
      37.9        19.8         5.1         9.6
-139.86795    60.57656     7.256  314.28  63.51  0.5300E+12   11.56   2.86  -1  -1   127.09   185  4   0.0  0   0.0  0
      47.6         6.9         7.8         2.5
-139.99857    60.63947     7.256  314.28  63.51  0.5300E+12   13.65   2.86  -1  -1   103.54    75  4   0.0  0   0.0  0
      24.0         1.2         0.2         0.8
-140.12918    60.70237     7.256  314.28  63.51  0.5300E+12   14.37   2.86  -1  -1   101.04     0  4   0.0  0   0.0  0
       0.0         0.0         0.0         0.0
-140.25981    60.76528     7.256  314.28  63.51  0.5300E+12   17.21   2.86  -1  -1   101.04     0  4   0.0  0   0.0  0
       0.0         0.0         0.0         0.0
-138.72252    59.99517     2.513  314.28  63.51  0.5300E+12   17.32   2.86  -1  -1   101.04     0  4   0.0  0   0.0  0
       0.0         0.0         0.0         0.0
-138.85313    60.05807     2.513  314.28  63.51  0.5300E+12   14.60   2.86  -1  -1   101.04     0  4   0.0  0   0.0  0
       0.0         0.0         0.0         0.0
-138.98375    60.12098     2.513  314.28  63.51  0.5300E+12   11.82   2.86  -1  -1   101.04     0  4   0.0  0   0.0  0
       0.0         0.0         0.0         0.0
-139.11436    60.18388     2.513  314.28  63.51  0.5300E+12    9.09   2.86  -1  -1   101.04     0  4   0.0  0   0.0  0
       0.0         0.0         0.0         0.0
-139.24498    60.24679     2.513  314.28  63.51  0.5300E+12    6.47   2.86  -1  -1   101.04     0  4   0.0  0   0.0  0
       0.0         0.0         0.0         0.0
-139.37560    60.30969     2.513  314.28  63.51  0.5300E+12    4.44   2.86  -1  -1   119.68    75  4   0.0  0   0.0  0
      13.4         0.2        10.8         1.8
-139.50621    60.37260     2.513  314.28  63.51  0.5300E+12    4.65   2.86  -1  -1   141.87   218  4   0.0  0   0.0  0
      11.6        49.5        14.1         1.1
-139.63684    60.43550     2.513  314.28  63.51  0.5300E+12    5.52   2.86  -1  -1   141.94   256  4   0.0  0   0.0  0
      38.1        33.3        18.1         0.1
-139.76746    60.49841     2.513  314.28  63.51  0.5300E+12    6.94   2.86  -1  -1   136.24   252  4   0.0  0   0.0  0
      33.8        16.6        26.4        11.2
-139.89807    60.56131     2.513  314.28  63.51  0.5300E+12    9.29   2.86  -1  -1   128.95   158  4   0.0  0   0.0  0
      32.9         7.7        14.5         0.2
-140.02869    60.62422     2.513  314.28  63.51  0.5300E+12   13.65   2.86  -1  -1   136.65    72  4   0.0  0   0.0  0
      21.1         3.8         0.2         0.1
-140.15930    60.68713     2.513  314.28  63.51  0.5300E+12   14.60   2.86  -1  -1   101.04     0  4   0.0  0   0.0  0
       0.0         0.0         0.0         0.0
-140.28992    60.75003     2.513  314.28  63.51  0.5300E+12   17.32   2.86  -1  -1   101.04     0  4   0.0  0   0.0  0
       0.0         0.0         0.0         0.0
