2.0
#
# http://equake-rc.info/static/paper/SRF-Description-Graves_2.0.pdf
# RECTANGULAR fault MODEL
#
# All subfaults are  10.0 km long along strike and
#   7.1 km wide along dip
#
# Model length along strike is  130.0 km
#
# Model width along dip is   35.5 km
#
# Corners of the rectangular dislocation model (lat, lon):
#     60.189  -140.562 : corner 1
#     60.757  -138.487 : corner 2
#     60.617  -138.330 : corner 3
#     60.049  -140.405 : corner 4
#
#
# Number of elementary sliprate
# isoceles triangular functions
# per subfault:   4
#
# Half duration of elementary sliprate
# isoceles triangular functions (s):   2.86
# Triangles are overlapping each other by half
#
# slip rate unit: cm/s
#
#
# Seismic moment is converted into slip
# using a single constant value for the
# shear modulus mu of  0.250E+12 dyne/cm2
# assumed to be constant and characteristic
# of the fault shear zone
#
#
#
# "rake" (degrees) is the slip angle (Aki"s convention,
# e.g. rake=+45 means left-lateral-reverse movement.
#
#
# ************************************************
# Total seismic moment M0=  0.445E+27 dyne.cm
# ************************************************
#
#
PLANE 1
-139.52451    60.47300   13    5   130.000    35.500
 61.00  60.00     0.228     0.000    17.748
POINTS   65
-139.44600    60.40310    15.600   61.00  60.00  0.7100E+12    0.00   2.86  -1  -1    48.26   161  4   0.0  0   0.0  0
      52.6         2.2         0.8         0.6
-140.18102    60.12873    27.898   61.00  60.00  0.7100E+12   16.24   2.86  -1  -1    34.67    31  4   0.0  0   0.0  0
       0.1         0.3         0.2        10.0
-140.02145    60.17241    27.898   61.00  60.00  0.7100E+12   12.13   2.86  -1  -1   -14.00     0  4   0.0  0   0.0  0
       0.0         0.0         0.0         0.0
-139.86189    60.21610    27.898   61.00  60.00  0.7100E+12   14.48   2.86  -1  -1    74.70     5  4   0.0  0   0.0  0
       0.1         0.5         0.8         0.2
-139.70233    60.25978    27.898   61.00  60.00  0.7100E+12    7.03   2.86  -1  -1    75.31     5  4   0.0  0   0.0  0
       1.5         0.1         0.1         0.1
-139.54277    60.30346    27.898   61.00  60.00  0.7100E+12   15.94   2.86  -1  -1    57.79    15  4   0.0  0   0.0  0
       5.0         0.1         0.1         0.2
-139.38321    60.34715    27.898   61.00  60.00  0.7100E+12    9.31   2.86  -1  -1    67.02     4  4   0.0  0   0.0  0
       0.5         0.2         0.8         0.1
-139.22365    60.39083    27.898   61.00  60.00  0.7100E+12    9.44   2.86  -1  -1    74.03    44  4   0.0  0   0.0  0
       0.1         7.7         6.0         1.4
-139.06409    60.43451    27.898   61.00  60.00  0.7100E+12   10.52   2.86  -1  -1    75.62    29  4   0.0  0   0.0  0
       4.5         4.7         1.0         0.2
-138.90453    60.47820    27.898   61.00  60.00  0.7100E+12    9.48   2.86  -1  -1   -14.00     0  4   0.0  0   0.0  0
       0.0         0.0         0.0         0.0
-138.74496    60.52188    27.898   61.00  60.00  0.7100E+12   12.13   2.86  -1  -1   -14.00     0  4   0.0  0   0.0  0
       0.0         0.0         0.0         0.0
-138.58540    60.56556    27.898   61.00  60.00  0.7100E+12   14.85   2.86  -1  -1   -14.00     0  4   0.0  0   0.0  0
       0.0         0.0         0.0         0.0
-138.42584    60.60925    27.898   61.00  60.00  0.7100E+12   17.32   2.86  -1  -1   -14.00     0  4   0.0  0   0.0  0
       0.0         0.0         0.0         0.0
-140.37196    60.11303    21.749   61.00  60.00  0.7100E+12   17.26   2.86  -1  -1   -14.00     0  4   0.0  0   0.0  0
       0.0         0.0         0.0         0.0
-140.21240    60.15671    21.749   61.00  60.00  0.7100E+12   15.81   2.86  -1  -1    32.09    12  4   0.0  0   0.0  0
       3.7         0.2         0.1         0.3
-140.05284    60.20039    21.749   61.00  60.00  0.7100E+12   11.61   2.86  -1  -1   -14.00     0  4   0.0  0   0.0  0
       0.0         0.0         0.0         0.0
-139.89328    60.24407    21.749   61.00  60.00  0.7100E+12   16.30   2.86  -1  -1    74.68     5  4   0.0  0   0.0  0
       0.2         0.2         1.0         0.2
-139.73372    60.28776    21.749   61.00  60.00  0.7100E+12   17.15   2.86  -1  -1    50.74     1  4   0.0  0   0.0  0
       0.1         0.1         0.1         0.1
-139.57416    60.33144    21.749   61.00  60.00  0.7100E+12    5.61   2.86  -1  -1    21.37    36  4   0.0  0   0.0  0
       4.7         7.6         0.1         0.1
-139.41460    60.37512    21.749   61.00  60.00  0.7100E+12    6.47   2.86  -1  -1    42.26    35  4   0.0  0   0.0  0
      11.4         0.3         0.2         0.2
-139.25504    60.41880    21.749   61.00  60.00  0.7100E+12    6.50   2.86  -1  -1    75.20    30  4   0.0  0   0.0  0
       1.9         6.4         2.1         0.2
-139.09547    60.46249    21.749   61.00  60.00  0.7100E+12   10.35   2.86  -1  -1    39.96     7  4   0.0  0   0.0  0
       1.4         0.3         0.1         0.7
-138.93591    60.50617    21.749   61.00  60.00  0.7100E+12    8.81   2.86  -1  -1   -14.00     0  4   0.0  0   0.0  0
       0.0         0.0         0.0         0.0
-138.77635    60.54985    21.749   61.00  60.00  0.7100E+12   11.61   2.86  -1  -1   -14.00     0  4   0.0  0   0.0  0
       0.0         0.0         0.0         0.0
-138.61679    60.59354    21.749   61.00  60.00  0.7100E+12   14.43   2.86  -1  -1   -14.00     0  4   0.0  0   0.0  0
       0.0         0.0         0.0         0.0
-138.45723    60.63722    21.749   61.00  60.00  0.7100E+12   17.26   2.86  -1  -1   -14.00     0  4   0.0  0   0.0  0
       0.0         0.0         0.0         0.0
-140.40337    60.14100    15.600   61.00  60.00  0.7100E+12   17.14   2.86  -1  -1   -14.00     0  4   0.0  0   0.0  0
       0.0         0.0         0.0         0.0
-140.24380    60.18468    15.600   61.00  60.00  0.7100E+12   15.97   2.86  -1  -1    50.71    23  4   0.0  0   0.0  0
       3.2         4.5         0.1         0.1
-140.08424    60.22837    15.600   61.00  60.00  0.7100E+12   11.43   2.86  -1  -1   -14.00     0  4   0.0  0   0.0  0
       0.0         0.0         0.0         0.0
-139.92468    60.27205    15.600   61.00  60.00  0.7100E+12   15.06   2.86  -1  -1    26.40     4  4   0.0  0   0.0  0
       0.1         0.1         1.1         0.1
-139.76512    60.31573    15.600   61.00  60.00  0.7100E+12   11.94   2.86  -1  -1    18.58     6  4   0.0  0   0.0  0
       0.7         0.7         0.5         0.1
-139.60556    60.35942    15.600   61.00  60.00  0.7100E+12    6.83   2.86  -1  -1    12.02    71  4   0.0  0   0.0  0
      10.4         9.4         4.8         0.2
-140.34058    60.08505    27.898   61.00  60.00  0.7100E+12   17.32   2.86  -1  -1   -14.00     0  4   0.0  0   0.0  0
       0.0         0.0         0.0         0.0
-139.28644    60.44678    15.600   61.00  60.00  0.7100E+12    3.28   2.86  -1  -1    31.01   122  4   0.0  0   0.0  0
      40.6         1.8         0.1         0.1
-139.12688    60.49047    15.600   61.00  60.00  0.7100E+12    7.99   2.86  -1  -1    75.78    46  4   0.0  0   0.0  0
       7.7         7.5         0.8         0.2
-138.96732    60.53415    15.600   61.00  60.00  0.7100E+12    8.57   2.86  -1  -1   -14.00     0  4   0.0  0   0.0  0
       0.0         0.0         0.0         0.0
-138.80775    60.57783    15.600   61.00  60.00  0.7100E+12   11.43   2.86  -1  -1   -14.00     0  4   0.0  0   0.0  0
       0.0         0.0         0.0         0.0
-138.64819    60.62151    15.600   61.00  60.00  0.7100E+12   14.29   2.86  -1  -1   -14.00     0  4   0.0  0   0.0  0
       0.0         0.0         0.0         0.0
-138.48863    60.66520    15.600   61.00  60.00  0.7100E+12   17.14   2.86  -1  -1   -14.00     0  4   0.0  0   0.0  0
       0.0         0.0         0.0         0.0
-140.43477    60.16898     9.451   61.00  60.00  0.7100E+12   17.26   2.86  -1  -1   -14.00     0  4   0.0  0   0.0  0
       0.0         0.0         0.0         0.0
-140.27521    60.21266     9.451   61.00  60.00  0.7100E+12   17.20   2.86  -1  -1    42.40    28  4   0.0  0   0.0  0
       4.6         3.3         1.5         0.3
-140.11565    60.25634     9.451   61.00  60.00  0.7100E+12   11.61   2.86  -1  -1   -14.00     0  4   0.0  0   0.0  0
       0.0         0.0         0.0         0.0
-139.95609    60.30003     9.451   61.00  60.00  0.7100E+12   12.03   2.86  -1  -1    14.52   103  4   0.0  0   0.0  0
       3.0        21.4         8.8         2.8
-139.79652    60.34371     9.451   61.00  60.00  0.7100E+12   10.85   2.86  -1  -1    -4.69    73  4   0.0  0   0.0  0
       9.6        15.6         0.1         0.1
-139.63696    60.38739     9.451   61.00  60.00  0.7100E+12    4.55   2.86  -1  -1    10.49   179  4   0.0  0   0.0  0
       3.1        20.8        14.8        23.8
-139.47740    60.43108     9.451   61.00  60.00  0.7100E+12    4.55   2.86  -1  -1    36.79   214  4   0.0  0   0.0  0
      52.2        12.9         9.4         0.3
-139.31784    60.47476     9.451   61.00  60.00  0.7100E+12    4.53   2.86  -1  -1    61.23   143  4   0.0  0   0.0  0
      10.4        32.8         6.5         0.4
-139.15828    60.51844     9.451   61.00  60.00  0.7100E+12   10.24   2.86  -1  -1    63.73    37  4   0.0  0   0.0  0
       5.7         6.8         0.3         0.2
-138.99872    60.56213     9.451   61.00  60.00  0.7100E+12    8.81   2.86  -1  -1   -14.00     0  4   0.0  0   0.0  0
       0.0         0.0         0.0         0.0
-138.83916    60.60581     9.451   61.00  60.00  0.7100E+12   11.61   2.86  -1  -1   -14.00     0  4   0.0  0   0.0  0
       0.0         0.0         0.0         0.0
-138.67960    60.64949     9.451   61.00  60.00  0.7100E+12   14.43   2.86  -1  -1   -14.00     0  4   0.0  0   0.0  0
       0.0         0.0         0.0         0.0
-138.52003    60.69317     9.451   61.00  60.00  0.7100E+12   17.26   2.86  -1  -1   -14.00     0  4   0.0  0   0.0  0
       0.0         0.0         0.0         0.0
-140.46616    60.19695     3.302   61.00  60.00  0.7100E+12   17.32   2.86  -1  -1   -14.00     0  4   0.0  0   0.0  0
       0.0         0.0         0.0         0.0
-140.30659    60.24063     3.302   61.00  60.00  0.7100E+12   15.81   2.86  -1  -1    51.70    68  4   0.0  0   0.0  0
       0.6        15.1         6.9         1.2
-140.14703    60.28432     3.302   61.00  60.00  0.7100E+12   12.13   2.86  -1  -1   -14.00     0  4   0.0  0   0.0  0
       0.0         0.0         0.0         0.0
-139.98747    60.32800     3.302   61.00  60.00  0.7100E+12   13.84   2.86  -1  -1    16.84   116  4   0.0  0   0.0  0
      10.7        19.0         9.3         1.5
-139.82791    60.37169     3.302   61.00  60.00  0.7100E+12   10.61   2.86  -1  -1    31.97   127  4   0.0  0   0.0  0
      13.1        26.9         4.4         0.1
-139.66835    60.41537     3.302   61.00  60.00  0.7100E+12    6.43   2.86  -1  -1    39.23   254  4   0.0  0   0.0  0
      50.1        17.2        21.6         0.2
-139.50879    60.45905     3.302   61.00  60.00  0.7100E+12    5.84   2.86  -1  -1    39.86   261  4   0.0  0   0.0  0
      37.4        16.6        26.7        10.5
-139.34923    60.50274     3.302   61.00  60.00  0.7100E+12    7.72   2.86  -1  -1    43.05   135  4   0.0  0   0.0  0
       8.1        20.5        15.5         3.1
-139.18967    60.54642     3.302   61.00  60.00  0.7100E+12   10.17   2.86  -1  -1    71.17    76  4   0.0  0   0.0  0
       9.7         5.1        10.5         1.2
-139.03011    60.59010     3.302   61.00  60.00  0.7100E+12    9.48   2.86  -1  -1   -14.00     0  4   0.0  0   0.0  0
       0.0         0.0         0.0         0.0
-138.87054    60.63379     3.302   61.00  60.00  0.7100E+12   12.13   2.86  -1  -1   -14.00     0  4   0.0  0   0.0  0
       0.0         0.0         0.0         0.0
-138.71098    60.67747     3.302   61.00  60.00  0.7100E+12   14.85   2.86  -1  -1   -14.00     0  4   0.0  0   0.0  0
       0.0         0.0         0.0         0.0
-138.55142    60.72115     3.302   61.00  60.00  0.7100E+12   17.32   2.86  -1  -1   -14.00     0  4   0.0  0   0.0  0
       0.0         0.0         0.0         0.0
