2.0
#
# http://equake-rc.info/static/paper/SRF-Description-Graves_2.0.pdf
# RECTANGULAR fault MODEL
#
# All subfaults are  10.0 km long along strike and
#  18.0 km wide along dip
#
# Model length along strike is  110.0 km
#
# Model width along dip is   90.0 km
#
# Corners of the rectangular dislocation model (lat, lon):
#     40.017   141.520 : corner 1
#     40.857   142.208 : corner 2
#     40.662   142.617 : corner 3
#     39.822   141.929 : corner 4
#
#
# Number of elementary sliprate
# isoceles triangular functions
# per subfault:   4
#
# Half duration of elementary sliprate
# isoceles triangular functions (s):   2.65
# Triangles are overlapping each other by half
#
# slip rate unit: cm/s
#
#
# Seismic moment is converted into slip
# using a single constant value for the
# shear modulus mu of  0.250E+12 dyne/cm2
# assumed to be constant and characteristic
# of the fault shear zone
#
#
#
# "rake" (degrees) is the slip angle (Aki"s convention,
# e.g. rake=+45 means left-lateral-reverse movement.
#
#
# ************************************************
# Total seismic moment M0=  0.303E+27 dyne.cm
# ************************************************
#
#
PLANE 1
 141.86400    40.43700   11    5   110.000    90.000
 32.00  63.00     3.667     0.000    62.999
POINTS   55
 142.14990    40.30020    59.800   32.00  63.00  0.1800E+13    0.00   2.65  -1  -1   100.58   177  4   0.0  0   0.0  0
      66.5         0.2         0.1         0.1
 141.98148    39.95580    75.838   32.00  63.00  0.1800E+13   12.53   2.65  -1  -1    62.00     0  4   0.0  0   0.0  0
       0.0         0.0         0.0         0.0
 142.04404    40.03215    75.838   32.00  63.00  0.1800E+13   10.00   2.65  -1  -1    62.00     0  4   0.0  0   0.0  0
       0.0         0.0         0.0         0.0
 142.10660    40.10851    75.838   32.00  63.00  0.1800E+13    7.75   2.65  -1  -1   117.98     3  4   0.0  0   0.0  0
       0.7         0.1         0.1         0.2
 142.16916    40.18486    75.838   32.00  63.00  0.1800E+13    5.97   2.65  -1  -1   112.86     3  4   0.0  0   0.0  0
       0.7         0.1         0.1         0.1
 142.23172    40.26121    75.838   32.00  63.00  0.1800E+13    5.18   2.65  -1  -1    97.68     1  4   0.0  0   0.0  0
       0.2         0.1         0.1         0.1
 142.29427    40.33757    75.838   32.00  63.00  0.1800E+13    5.89   2.65  -1  -1   132.52     1  4   0.0  0   0.0  0
       0.1         0.1         0.1         0.1
 142.35683    40.41392    75.838   32.00  63.00  0.1800E+13    7.95   2.65  -1  -1   134.45     1  4   0.0  0   0.0  0
       0.1         0.1         0.1         0.1
 142.41939    40.49027    75.838   32.00  63.00  0.1800E+13   10.22   2.65  -1  -1    85.12     1  4   0.0  0   0.0  0
       0.1         0.1         0.1         0.1
 142.48195    40.56663    75.838   32.00  63.00  0.1800E+13   12.53   2.65  -1  -1    62.00     0  4   0.0  0   0.0  0
       0.0         0.0         0.0         0.0
 142.54451    40.64298    75.838   32.00  63.00  0.1800E+13   15.25   2.65  -1  -1    62.35     1  4   0.0  0   0.0  0
       0.1         0.1         0.1         0.1
 141.83711    39.91843    59.800   32.00  63.00  0.1800E+13   14.29   2.65  -1  -1    62.00     0  4   0.0  0   0.0  0
       0.0         0.0         0.0         0.0
 141.89967    39.99479    59.800   32.00  63.00  0.1800E+13   11.43   2.65  -1  -1    62.00     0  4   0.0  0   0.0  0
       0.0         0.0         0.0         0.0
 141.96223    40.07114    59.800   32.00  63.00  0.1800E+13    8.57   2.65  -1  -1    62.00     0  4   0.0  0   0.0  0
       0.0         0.0         0.0         0.0
 142.02478    40.14750    59.800   32.00  63.00  0.1800E+13    6.39   2.65  -1  -1    76.35    40  4   0.0  0   0.0  0
      13.6         1.3         0.1         0.1
 142.08734    40.22385    59.800   32.00  63.00  0.1800E+13    3.43   2.65  -1  -1    67.70    61  4   0.0  0   0.0  0
      12.3        10.3         0.3         0.2
 141.91893    39.87944    75.838   32.00  63.00  0.1800E+13   15.18   2.65  -1  -1    62.00     0  4   0.0  0   0.0  0
       0.0         0.0         0.0         0.0
 142.21246    40.37656    59.800   32.00  63.00  0.1800E+13    3.40   2.65  -1  -1    99.62    49  4   0.0  0   0.0  0
      18.0         0.2         0.1         0.1
 142.27502    40.45291    59.800   32.00  63.00  0.1800E+13    5.72   2.65  -1  -1   130.97    31  4   0.0  0   0.0  0
      11.5         0.1         0.1         0.1
 142.33757    40.52926    59.800   32.00  63.00  0.1800E+13    8.69   2.65  -1  -1   150.75     1  4   0.0  0   0.0  0
       0.2         0.1         0.1         0.1
 142.40013    40.60561    59.800   32.00  63.00  0.1800E+13   11.43   2.65  -1  -1    62.00     0  4   0.0  0   0.0  0
       0.0         0.0         0.0         0.0
 142.46269    40.68197    59.800   32.00  63.00  0.1800E+13   14.66   2.65  -1  -1    64.74     1  4   0.0  0   0.0  0
       0.1         0.1         0.1         0.1
 141.75529    39.95742    43.762   32.00  63.00  0.1800E+13   15.18   2.65  -1  -1    62.00     0  4   0.0  0   0.0  0
       0.0         0.0         0.0         0.0
 141.81786    40.03378    43.762   32.00  63.00  0.1800E+13   12.53   2.65  -1  -1    62.00     0  4   0.0  0   0.0  0
       0.0         0.0         0.0         0.0
 141.88042    40.11013    43.762   32.00  63.00  0.1800E+13   10.00   2.65  -1  -1    62.00     0  4   0.0  0   0.0  0
       0.0         0.0         0.0         0.0
 141.94298    40.18648    43.762   32.00  63.00  0.1800E+13    7.98   2.65  -1  -1    72.11     1  4   0.0  0   0.0  0
       0.1         0.1         0.1         0.1
 142.00554    40.26284    43.762   32.00  63.00  0.1800E+13    6.48   2.65  -1  -1    80.04    15  4   0.0  0   0.0  0
       1.8         3.2         0.4         0.1
 142.06808    40.33919    43.762   32.00  63.00  0.1800E+13    6.39   2.65  -1  -1    63.58    21  4   0.0  0   0.0  0
       0.4         6.8         0.6         0.1
 142.13065    40.41554    43.762   32.00  63.00  0.1800E+13    8.55   2.65  -1  -1    65.11     3  4   0.0  0   0.0  0
       0.2         0.7         0.1         0.1
 142.19321    40.49190    43.762   32.00  63.00  0.1800E+13    8.01   2.65  -1  -1    95.95     1  4   0.0  0   0.0  0
       0.1         0.1         0.1         0.1
 142.25577    40.56825    43.762   32.00  63.00  0.1800E+13   10.04   2.65  -1  -1   114.67     1  4   0.0  0   0.0  0
       0.1         0.1         0.1         0.1
 142.31833    40.64460    43.762   32.00  63.00  0.1800E+13   12.53   2.65  -1  -1    62.00     0  4   0.0  0   0.0  0
       0.0         0.0         0.0         0.0
 142.38087    40.72096    43.762   32.00  63.00  0.1800E+13   15.21   2.65  -1  -1   115.93     1  4   0.0  0   0.0  0
       0.1         0.1         0.1         0.1
 141.67349    39.99641    27.724   32.00  63.00  0.1800E+13   15.34   2.65  -1  -1    62.00     0  4   0.0  0   0.0  0
       0.0         0.0         0.0         0.0
 141.73605    40.07277    27.724   32.00  63.00  0.1800E+13   15.34   2.65  -1  -1    62.00     0  4   0.0  0   0.0  0
       0.0         0.0         0.0         0.0
 141.79860    40.14912    27.724   32.00  63.00  0.1800E+13   13.39   2.65  -1  -1    62.00     0  4   0.0  0   0.0  0
       0.0         0.0         0.0         0.0
 141.86116    40.22547    27.724   32.00  63.00  0.1800E+13   14.23   2.65  -1  -1    95.25     1  4   0.0  0   0.0  0
       0.1         0.2         0.1         0.2
 141.92372    40.30183    27.724   32.00  63.00  0.1800E+13   13.88   2.65  -1  -1   138.08     3  4   0.0  0   0.0  0
       0.1         0.1         0.7         0.1
 141.98628    40.37818    27.724   32.00  63.00  0.1800E+13   11.42   2.65  -1  -1    81.11     7  4   0.0  0   0.0  0
       0.9         1.1         0.4         0.1
 142.04884    40.45453    27.724   32.00  63.00  0.1800E+13   12.33   2.65  -1  -1   114.27     4  4   0.0  0   0.0  0
       0.4         1.0         0.1         0.1
 142.11139    40.53088    27.724   32.00  63.00  0.1800E+13   14.02   2.65  -1  -1   147.55     2  4   0.0  0   0.0  0
       0.2         0.2         0.1         0.1
 142.17395    40.60724    27.724   32.00  63.00  0.1800E+13   14.07   2.65  -1  -1   145.95     1  4   0.0  0   0.0  0
       0.1         0.1         0.1         0.1
 142.23651    40.68359    27.724   32.00  63.00  0.1800E+13   15.34   2.65  -1  -1    62.00     0  4   0.0  0   0.0  0
       0.0         0.0         0.0         0.0
 142.29907    40.75994    27.724   32.00  63.00  0.1800E+13   15.34   2.65  -1  -1   149.94    12  4   0.0  0   0.0  0
       0.1         0.1         0.1         4.0
 141.59167    40.03540    11.686   32.00  63.00  0.1800E+13   15.34   2.65  -1  -1    62.00     0  4   0.0  0   0.0  0
       0.0         0.0         0.0         0.0
 141.65424    40.11175    11.686   32.00  63.00  0.1800E+13   15.34   2.65  -1  -1    62.00     0  4   0.0  0   0.0  0
       0.0         0.0         0.0         0.0
 141.71680    40.18811    11.686   32.00  63.00  0.1800E+13   15.34   2.65  -1  -1    62.00     0  4   0.0  0   0.0  0
       0.0         0.0         0.0         0.0
 141.77936    40.26446    11.686   32.00  63.00  0.1800E+13   15.34   2.65  -1  -1    71.67    41  4   0.0  0   0.0  0
       0.1         5.6         3.2         6.6
 141.84190    40.34081    11.686   32.00  63.00  0.1800E+13   15.34   2.65  -1  -1   136.96    13  4   0.0  0   0.0  0
       0.1         2.4         1.6         0.8
 141.90446    40.41717    11.686   32.00  63.00  0.1800E+13   15.34   2.65  -1  -1   151.13    14  4   0.0  0   0.0  0
       0.1         0.5         2.9         1.8
 141.96703    40.49352    11.686   32.00  63.00  0.1800E+13   15.34   2.65  -1  -1   128.16    18  4   0.0  0   0.0  0
       0.1         1.8         3.4         1.3
 142.02959    40.56987    11.686   32.00  63.00  0.1800E+13   15.34   2.65  -1  -1   141.79    29  4   0.0  0   0.0  0
       0.1         3.2         3.4         4.3
 142.09215    40.64623    11.686   32.00  63.00  0.1800E+13   15.34   2.65  -1  -1   143.86    42  4   0.0  0   0.0  0
       0.1         0.4         1.5        14.0
 142.15469    40.72258    11.686   32.00  63.00  0.1800E+13   15.34   2.65  -1  -1    62.00     0  4   0.0  0   0.0  0
       0.0         0.0         0.0         0.0
 142.21725    40.79893    11.686   32.00  63.00  0.1800E+13   15.34   2.65  -1  -1   126.44    70  4   0.0  0   0.0  0
       8.4         0.1         0.1        17.9
