2.0
#
# http://equake-rc.info/static/paper/SRF-Description-Graves_2.0.pdf
# RECTANGULAR fault MODEL
#
# All subfaults are   7.0 km long along strike and
#  13.0 km wide along dip
#
# Model length along strike is   63.0 km
#
# Model width along dip is   65.0 km
#
# Corners of the rectangular dislocation model (lat, lon):
#    -26.894   -70.236 : corner 1
#    -26.732   -70.842 : corner 2
#    -26.376   -70.722 : corner 3
#    -26.538   -70.117 : corner 4
#
#
# Number of elementary sliprate
# isoceles triangular functions
# per subfault:   4
#
# Half duration of elementary sliprate
# isoceles triangular functions (s):   1.81
# Triangles are overlapping each other by half
#
# slip rate unit: cm/s
#
#
# Seismic moment is converted into slip
# using a single constant value for the
# shear modulus mu of  0.250E+12 dyne/cm2
# assumed to be constant and characteristic
# of the fault shear zone
#
#
#
# "rake" (degrees) is the slip angle (Aki"s convention,
# e.g. rake=+45 means left-lateral-reverse movement.
#
#
# ************************************************
# Total seismic moment M0=  0.419E+26 dyne.cm
# ************************************************
#
#
PLANE 1
 -70.53900   -26.81300    9    5    63.000    65.000
286.72  50.39    65.961     0.000    32.501
POINTS   45
 -70.47930   -26.63490    91.000  286.72  50.39  0.9100E+12    0.00   1.81  -1  -1   -57.85    47  4   0.0  0   0.0  0
      21.2         4.0         0.4         0.1
 -70.22964   -26.54671   111.031  286.72  50.39  0.9100E+12    9.14   1.81  -1  -1   -10.59     1  4   0.0  0   0.0  0
       0.1         0.1         0.1         0.1
 -70.29691   -26.52865   111.031  286.72  50.39  0.9100E+12    8.44   1.81  -1  -1   -98.04     0  4   0.0  0   0.0  0
       0.0         0.0         0.0         0.0
 -70.36417   -26.51058   111.031  286.72  50.39  0.9100E+12    8.87   1.81  -1  -1   -24.24     0  4   0.0  0   0.0  0
       0.1         0.1         0.1         0.1
 -70.43144   -26.49251   111.031  286.72  50.39  0.9100E+12    8.25   1.81  -1  -1   -94.09     0  4   0.0  0   0.0  0
       0.1         0.1         0.1         0.1
 -70.49871   -26.47445   111.031  286.72  50.39  0.9100E+12    7.74   1.81  -1  -1   -97.20     0  4   0.0  0   0.0  0
       0.1         0.1         0.1         0.1
 -70.56599   -26.45638   111.031  286.72  50.39  0.9100E+12    8.73   1.81  -1  -1   -97.75     1  4   0.0  0   0.0  0
       0.1         0.1         0.1         0.1
 -70.63326   -26.43832   111.031  286.72  50.39  0.9100E+12    9.14   1.81  -1  -1   -97.35     1  4   0.0  0   0.0  0
       0.1         0.1         0.1         0.1
 -70.70052   -26.42025   111.031  286.72  50.39  0.9100E+12    9.14   1.81  -1  -1   -98.00     8  4   0.0  0   0.0  0
       0.2         0.1         2.4         1.9
 -70.18629   -26.63597   101.016  286.72  50.39  0.9100E+12    9.07   1.81  -1  -1    -8.13    18  4   0.0  0   0.0  0
       7.3         1.0         0.1         1.6
 -70.25356   -26.61790   101.016  286.72  50.39  0.9100E+12    7.14   1.81  -1  -1   -10.07     2  4   0.0  0   0.0  0
       1.1         0.1         0.1         0.1
 -70.32083   -26.59984   101.016  286.72  50.39  0.9100E+12    5.46   1.81  -1  -1   -98.04     0  4   0.0  0   0.0  0
       0.0         0.0         0.0         0.0
 -70.38810   -26.58177   101.016  286.72  50.39  0.9100E+12    4.53   1.81  -1  -1    -8.65     1  4   0.0  0   0.0  0
       0.1         0.1         0.1         0.1
 -70.45538   -26.56371   101.016  286.72  50.39  0.9100E+12    4.28   1.81  -1  -1   -25.31     1  4   0.0  0   0.0  0
       0.1         0.1         0.1         0.1
 -70.52264   -26.54564   101.016  286.72  50.39  0.9100E+12    7.88   1.81  -1  -1   -66.94     1  4   0.0  0   0.0  0
       0.1         0.1         0.1         0.1
 -70.58991   -26.52757   101.016  286.72  50.39  0.9100E+12    6.26   1.81  -1  -1   -80.31     1  4   0.0  0   0.0  0
       0.4         0.1         0.1         0.1
 -70.65718   -26.50951   101.016  286.72  50.39  0.9100E+12    7.26   1.81  -1  -1   -96.41     1  4   0.0  0   0.0  0
       0.2         0.1         0.1         0.1
 -70.72445   -26.49144   101.016  286.72  50.39  0.9100E+12    8.90   1.81  -1  -1   -97.91     9  4   0.0  0   0.0  0
       2.0         1.6         1.4         0.2
 -70.21022   -26.70716    91.000  286.72  50.39  0.9100E+12    9.10   1.81  -1  -1    -8.11    19  4   0.0  0   0.0  0
       2.6         0.9         1.1         5.9
 -70.27750   -26.68910    91.000  286.72  50.39  0.9100E+12    7.26   1.81  -1  -1    -8.31     1  4   0.0  0   0.0  0
       0.1         0.1         0.1         0.1
 -70.34476   -26.67103    91.000  286.72  50.39  0.9100E+12    4.00   1.81  -1  -1   -98.04     0  4   0.0  0   0.0  0
       0.0         0.0         0.0         0.0
 -70.41203   -26.65297    91.000  286.72  50.39  0.9100E+12    3.24   1.81  -1  -1   -36.97     2  4   0.0  0   0.0  0
       1.0         0.1         0.1         0.1
 -70.16237   -26.56478   111.031  286.72  50.39  0.9100E+12    9.14   1.81  -1  -1    -8.38     7  4   0.0  0   0.0  0
       0.3         0.1         0.1         3.3
 -70.54657   -26.61683    91.000  286.72  50.39  0.9100E+12    2.24   1.81  -1  -1   -51.58    18  4   0.0  0   0.0  0
       9.8         0.2         0.1         0.1
 -70.61384   -26.59877    91.000  286.72  50.39  0.9100E+12    4.57   1.81  -1  -1   -59.78    12  4   0.0  0   0.0  0
       6.2         0.1         0.1         0.1
 -70.68111   -26.58070    91.000  286.72  50.39  0.9100E+12    7.27   1.81  -1  -1   -85.11     5  4   0.0  0   0.0  0
       1.9         0.4         0.1         0.2
 -70.74838   -26.56264    91.000  286.72  50.39  0.9100E+12    9.08   1.81  -1  -1   -97.86     9  4   0.0  0   0.0  0
       1.6         0.5         1.6         1.3
 -70.23415   -26.77836    80.984  286.72  50.39  0.9100E+12    9.10   1.81  -1  -1    -8.31     4  4   0.0  0   0.0  0
       0.1         0.1         0.1         2.2
 -70.30142   -26.76029    80.984  286.72  50.39  0.9100E+12    8.00   1.81  -1  -1    -8.19     1  4   0.0  0   0.0  0
       0.1         0.1         0.1         0.1
 -70.36869   -26.74222    80.984  286.72  50.39  0.9100E+12    5.46   1.81  -1  -1   -98.04     0  4   0.0  0   0.0  0
       0.0         0.0         0.0         0.0
 -70.43596   -26.72416    80.984  286.72  50.39  0.9100E+12    4.22   1.81  -1  -1   -21.16     0  4   0.0  0   0.0  0
       0.1         0.1         0.1         0.1
 -70.50323   -26.70609    80.984  286.72  50.39  0.9100E+12    4.93   1.81  -1  -1   -71.10     1  4   0.0  0   0.0  0
       0.1         0.1         0.1         0.1
 -70.57050   -26.68803    80.984  286.72  50.39  0.9100E+12    6.54   1.81  -1  -1   -95.57     1  4   0.0  0   0.0  0
       0.5         0.1         0.1         0.1
 -70.63777   -26.66996    80.984  286.72  50.39  0.9100E+12    6.68   1.81  -1  -1   -96.86     3  4   0.0  0   0.0  0
       1.5         0.1         0.1         0.1
 -70.70504   -26.65189    80.984  286.72  50.39  0.9100E+12    7.32   1.81  -1  -1   -95.63     1  4   0.0  0   0.0  0
       0.4         0.1         0.1         0.1
 -70.77231   -26.63383    80.984  286.72  50.39  0.9100E+12    8.95   1.81  -1  -1   -88.29     2  4   0.0  0   0.0  0
       0.9         0.1         0.1         0.1
 -70.25808   -26.84955    70.969  286.72  50.39  0.9100E+12    9.14   1.81  -1  -1   -24.41     1  4   0.0  0   0.0  0
       0.1         0.1         0.1         0.1
 -70.32535   -26.83148    70.969  286.72  50.39  0.9100E+12    9.14   1.81  -1  -1   -47.07     0  4   0.0  0   0.0  0
       0.1         0.1         0.1         0.1
 -70.39262   -26.81342    70.969  286.72  50.39  0.9100E+12    8.44   1.81  -1  -1   -98.04     0  4   0.0  0   0.0  0
       0.0         0.0         0.0         0.0
 -70.45989   -26.79535    70.969  286.72  50.39  0.9100E+12    7.91   1.81  -1  -1   -78.67     1  4   0.0  0   0.0  0
       0.1         0.1         0.1         0.1
 -70.52716   -26.77728    70.969  286.72  50.39  0.9100E+12    7.95   1.81  -1  -1   -90.08     1  4   0.0  0   0.0  0
       0.1         0.1         0.1         0.1
 -70.59443   -26.75922    70.969  286.72  50.39  0.9100E+12    7.89   1.81  -1  -1   -81.59     1  4   0.0  0   0.0  0
       0.1         0.1         0.1         0.1
 -70.66170   -26.74115    70.969  286.72  50.39  0.9100E+12    8.80   1.81  -1  -1   -97.56     2  4   0.0  0   0.0  0
       1.0         0.1         0.1         0.1
 -70.72897   -26.72309    70.969  286.72  50.39  0.9100E+12    9.14   1.81  -1  -1   -96.13     1  4   0.0  0   0.0  0
       0.1         0.1         0.1         0.1
 -70.79623   -26.70502    70.969  286.72  50.39  0.9100E+12    9.14   1.81  -1  -1   -95.38     1  4   0.0  0   0.0  0
       0.4         0.1         0.1         0.1
