2.0
#
# http://equake-rc.info/static/paper/SRF-Description-Graves_2.0.pdf
# RECTANGULAR fault MODEL
#
# All subfaults are   7.0 km long along strike and
#  13.0 km wide along dip
#
# Model length along strike is   63.0 km
#
# Model width along dip is   65.0 km
#
# Corners of the rectangular dislocation model (lat, lon):
#    -26.578   -70.897 : corner 1
#    -26.270   -70.367 : corner 2
#    -26.571   -70.149 : corner 3
#    -26.879   -70.679 : corner 4
#
#
# Number of elementary sliprate
# isoceles triangular functions
# per subfault:   4
#
# Half duration of elementary sliprate
# isoceles triangular functions (s):   1.81
# Triangles are overlapping each other by half
#
# slip rate unit: cm/s
#
#
# Seismic moment is converted into slip
# using a single constant value for the
# shear modulus mu of  0.250E+12 dyne/cm2
# assumed to be constant and characteristic
# of the fault shear zone
#
#
#
# "rake" (degrees) is the slip angle (Aki"s convention,
# e.g. rake=+45 means left-lateral-reverse movement.
#
#
# ************************************************
# Total seismic moment M0=  0.295E+26 dyne.cm
# ************************************************
#
#
PLANE 1
 -70.63200   -26.42400    9    5    63.000    65.000
 57.00  52.00    55.146     0.000    45.500
POINTS   45
 -70.47930   -26.63490    91.000   57.00  52.00  0.9100E+12    0.00   1.81  -1  -1  -130.87    48  4   0.0  0   0.0  0
      20.8         2.7         3.0         0.1
 -70.61229   -26.79769   101.244   57.00  52.00  0.9100E+12    7.82   1.81  -1  -1   -82.75     2  4   0.0  0   0.0  0
       0.7         0.2         0.1         0.1
 -70.55338   -26.76350   101.244   57.00  52.00  0.9100E+12    5.72   1.81  -1  -1   -82.83     2  4   0.0  0   0.0  0
       0.8         0.1         0.1         0.1
 -70.49447   -26.72930   101.244   57.00  52.00  0.9100E+12    7.76   1.81  -1  -1   -81.98     2  4   0.0  0   0.0  0
       0.1         0.5         0.1         0.1
 -70.43556   -26.69511   101.244   57.00  52.00  0.9100E+12    9.02   1.81  -1  -1   -92.44     1  4   0.0  0   0.0  0
       0.1         0.1         0.2         0.1
 -70.37666   -26.66091   101.244   57.00  52.00  0.9100E+12    8.23   1.81  -1  -1   -81.52     1  4   0.0  0   0.0  0
       0.1         0.1         0.4         0.1
 -70.31774   -26.62671   101.244   57.00  52.00  0.9100E+12    8.25   1.81  -1  -1   -90.87     2  4   0.0  0   0.0  0
       0.1         0.1         0.5         0.1
 -70.25883   -26.59252   101.244   57.00  52.00  0.9100E+12    9.10   1.81  -1  -1  -136.39     3  4   0.0  0   0.0  0
       0.1         0.5         0.1         1.2
 -70.19993   -26.55832   101.244   57.00  52.00  0.9100E+12    8.82   1.81  -1  -1  -171.00     0  4   0.0  0   0.0  0
       0.0         0.0         0.0         0.0
 -70.71494   -26.77168    91.000   57.00  52.00  0.9100E+12    8.58   1.81  -1  -1  -122.04     2  4   0.0  0   0.0  0
       0.7         0.1         0.1         0.1
 -70.65603   -26.73749    91.000   57.00  52.00  0.9100E+12    6.44   1.81  -1  -1  -101.63     1  4   0.0  0   0.0  0
       0.3         0.1         0.1         0.1
 -70.59711   -26.70329    91.000   57.00  52.00  0.9100E+12    5.73   1.81  -1  -1   -91.31     1  4   0.0  0   0.0  0
       0.3         0.1         0.1         0.1
 -70.53821   -26.66909    91.000   57.00  52.00  0.9100E+12    2.15   1.81  -1  -1  -100.63     6  4   0.0  0   0.0  0
       3.1         0.3         0.1         0.1
 -70.67120   -26.83189   101.244   57.00  52.00  0.9100E+12    8.91   1.81  -1  -1   -84.21     1  4   0.0  0   0.0  0
       0.1         0.1         0.1         0.1
 -70.42039   -26.60070    91.000   57.00  52.00  0.9100E+12    3.23   1.81  -1  -1  -108.29     5  4   0.0  0   0.0  0
       2.3         0.1         0.1         0.1
 -70.36149   -26.56651    91.000   57.00  52.00  0.9100E+12    9.02   1.81  -1  -1   -95.39     2  4   0.0  0   0.0  0
       0.1         0.1         0.8         0.3
 -70.30257   -26.53231    91.000   57.00  52.00  0.9100E+12    8.50   1.81  -1  -1   -96.98     3  4   0.0  0   0.0  0
       0.1         0.1         0.7         1.0
 -70.24367   -26.49812    91.000   57.00  52.00  0.9100E+12    8.00   1.81  -1  -1  -171.00     0  4   0.0  0   0.0  0
       0.0         0.0         0.0         0.0
 -70.75867   -26.71148    80.756   57.00  52.00  0.9100E+12    9.11   1.81  -1  -1  -118.30     1  4   0.0  0   0.0  0
       0.1         0.1         0.1         0.1
 -70.69977   -26.67728    80.756   57.00  52.00  0.9100E+12    8.84   1.81  -1  -1  -108.22     1  4   0.0  0   0.0  0
       0.1         0.1         0.1         0.1
 -70.64086   -26.64308    80.756   57.00  52.00  0.9100E+12    5.48   1.81  -1  -1  -119.09     3  4   0.0  0   0.0  0
       1.5         0.1         0.1         0.1
 -70.58195   -26.60889    80.756   57.00  52.00  0.9100E+12    4.59   1.81  -1  -1  -138.65    10  4   0.0  0   0.0  0
       5.4         0.2         0.1         0.1
 -70.52304   -26.57469    80.756   57.00  52.00  0.9100E+12    3.81   1.81  -1  -1  -116.45     3  4   0.0  0   0.0  0
       1.4         0.1         0.1         0.1
 -70.46413   -26.54050    80.756   57.00  52.00  0.9100E+12    4.59   1.81  -1  -1  -119.37     2  4   0.0  0   0.0  0
       0.9         0.3         0.1         0.1
 -70.40523   -26.50630    80.756   57.00  52.00  0.9100E+12    9.05   1.81  -1  -1  -116.56     0  4   0.0  0   0.0  0
       0.1         0.1         0.1         0.1
 -70.34631   -26.47211    80.756   57.00  52.00  0.9100E+12    9.11   1.81  -1  -1  -130.07     1  4   0.0  0   0.0  0
       0.1         0.1         0.1         0.4
 -70.28741   -26.43791    80.756   57.00  52.00  0.9100E+12    8.82   1.81  -1  -1  -171.00     0  4   0.0  0   0.0  0
       0.0         0.0         0.0         0.0
 -70.80241   -26.65127    70.512   57.00  52.00  0.9100E+12    9.14   1.81  -1  -1   -93.73     3  4   0.0  0   0.0  0
       1.0         0.3         0.1         0.1
 -70.74351   -26.61707    70.512   57.00  52.00  0.9100E+12    9.14   1.81  -1  -1  -115.19     1  4   0.0  0   0.0  0
       0.3         0.1         0.1         0.1
 -70.68460   -26.58288    70.512   57.00  52.00  0.9100E+12    8.69   1.81  -1  -1   -83.20     1  4   0.0  0   0.0  0
       0.2         0.1         0.1         0.1
 -70.62569   -26.54868    70.512   57.00  52.00  0.9100E+12    7.80   1.81  -1  -1  -104.73     1  4   0.0  0   0.0  0
       0.2         0.1         0.1         0.1
 -70.56678   -26.51449    70.512   57.00  52.00  0.9100E+12    7.72   1.81  -1  -1  -111.72     1  4   0.0  0   0.0  0
       0.2         0.1         0.1         0.1
 -70.50787   -26.48029    70.512   57.00  52.00  0.9100E+12    8.93   1.81  -1  -1  -136.58     1  4   0.0  0   0.0  0
       0.1         0.1         0.1         0.1
 -70.44897   -26.44609    70.512   57.00  52.00  0.9100E+12    8.68   1.81  -1  -1  -168.02     0  4   0.0  0   0.0  0
       0.1         0.1         0.1         0.1
 -70.39006   -26.41190    70.512   57.00  52.00  0.9100E+12    9.14   1.81  -1  -1  -169.38     0  4   0.0  0   0.0  0
       0.1         0.1         0.1         0.1
 -70.33115   -26.37770    70.512   57.00  52.00  0.9100E+12    9.14   1.81  -1  -1  -171.00     0  4   0.0  0   0.0  0
       0.0         0.0         0.0         0.0
 -70.84615   -26.59106    60.268   57.00  52.00  0.9100E+12    9.14   1.81  -1  -1  -114.17    10  4   0.0  0   0.0  0
       3.3         0.2         1.0         0.8
 -70.78725   -26.55687    60.268   57.00  52.00  0.9100E+12    9.14   1.81  -1  -1  -108.13     5  4   0.0  0   0.0  0
       1.9         0.1         0.2         0.7
 -70.72834   -26.52267    60.268   57.00  52.00  0.9100E+12    9.14   1.81  -1  -1   -99.46     1  4   0.0  0   0.0  0
       0.1         0.1         0.1         0.4
 -70.66943   -26.48848    60.268   57.00  52.00  0.9100E+12    9.14   1.81  -1  -1   -93.13     1  4   0.0  0   0.0  0
       0.2         0.1         0.1         0.3
 -70.61052   -26.45428    60.268   57.00  52.00  0.9100E+12    9.14   1.81  -1  -1  -115.77     1  4   0.0  0   0.0  0
       0.1         0.1         0.1         0.1
 -70.55161   -26.42008    60.268   57.00  52.00  0.9100E+12    9.14   1.81  -1  -1  -124.72     0  4   0.0  0   0.0  0
       0.1         0.1         0.1         0.1
 -70.49271   -26.38589    60.268   57.00  52.00  0.9100E+12    9.14   1.81  -1  -1  -146.42     0  4   0.0  0   0.0  0
       0.1         0.1         0.1         0.1
 -70.43380   -26.35169    60.268   57.00  52.00  0.9100E+12    9.14   1.81  -1  -1  -168.77     1  4   0.0  0   0.0  0
       0.1         0.1         0.1         0.1
 -70.37489   -26.31750    60.268   57.00  52.00  0.9100E+12    9.14   1.81  -1  -1  -171.00     0  4   0.0  0   0.0  0
       0.0         0.0         0.0         0.0
