2.0
#
# http://equake-rc.info/static/paper/SRF-Description-Graves_2.0.pdf
# RECTANGULAR fault MODEL
#
# All subfaults are   8.0 km long along strike and
#   4.3 km wide along dip
#
# Model length along strike is   88.0 km
#
# Model width along dip is   21.5 km
#
# Corners of the rectangular dislocation model (lat, lon):
#     38.368    20.359 : corner 1
#     39.157    20.448 : corner 2
#     39.146    20.607 : corner 3
#     38.357    20.518 : corner 4
#
#
# Number of elementary sliprate
# isoceles triangular functions
# per subfault:   4
#
# Half duration of elementary sliprate
# isoceles triangular functions (s):   2.34
# Triangles are overlapping each other by half
#
# slip rate unit: cm/s
#
#
# Seismic moment is converted into slip
# using a single constant value for the
# shear modulus mu of  0.250E+12 dyne/cm2
# assumed to be constant and characteristic
# of the fault shear zone
#
#
#
# "rake" (degrees) is the slip angle (Aki"s convention,
# e.g. rake=+45 means left-lateral-reverse movement.
#
#
# ************************************************
# Total seismic moment M0=  0.225E+27 dyne.cm
# ************************************************
#
#
PLANE 1
  20.40350    38.76250   11    5    88.000    21.500
  5.00  50.00     0.059     0.000     6.453
POINTS   55
  20.45100    38.75900     5.000    5.00  50.00  0.3440E+12    0.00   2.34  -1  -1  -170.74    68  4   0.0  0   0.0  0
      28.3         0.1         0.2         0.7
  20.51417    38.46550    14.882    5.00  50.00  0.3440E+12   12.56   2.34  -1  -1   160.35     1  4   0.0  0   0.0  0
       0.1         0.1         0.2         0.1
  20.52222    38.53725    14.882    5.00  50.00  0.3440E+12   10.76   2.34  -1  -1   137.60    26  4   0.0  0   0.0  0
       0.1         0.6         3.1         7.4
  20.53027    38.60900    14.882    5.00  50.00  0.3440E+12    5.99   2.34  -1  -1   115.52   151  4   0.0  0   0.0  0
      36.4        17.0         4.9         6.2
  20.53832    38.68074    14.882    5.00  50.00  0.3440E+12    4.37   2.34  -1  -1   106.23   167  4   0.0  0   0.0  0
      26.9        32.9        10.5         1.1
  20.54637    38.75249    14.882    5.00  50.00  0.3440E+12    5.62   2.34  -1  -1   110.24    29  4   0.0  0   0.0  0
      11.3         0.2         0.7         0.2
  20.55442    38.82424    14.882    5.00  50.00  0.3440E+12   12.31   2.34  -1  -1   120.67     1  4   0.0  0   0.0  0
       0.1         0.1         0.1         0.1
  20.56247    38.89599    14.882    5.00  50.00  0.3440E+12    5.87   2.34  -1  -1   106.20     0  4   0.0  0   0.0  0
       0.0         0.0         0.0         0.0
  20.57052    38.96774    14.882    5.00  50.00  0.3440E+12    7.78   2.34  -1  -1   106.20     0  4   0.0  0   0.0  0
       0.0         0.0         0.0         0.0
  20.57857    39.03949    14.882    5.00  50.00  0.3440E+12    9.86   2.34  -1  -1   106.20     0  4   0.0  0   0.0  0
       0.0         0.0         0.0         0.0
  20.58662    39.11123    14.882    5.00  50.00  0.3440E+12   12.01   2.34  -1  -1   106.20     0  4   0.0  0   0.0  0
       0.0         0.0         0.0         0.0
  20.47433    38.39592    11.588    5.00  50.00  0.3440E+12   11.69   2.34  -1  -1   106.20     0  4   0.0  0   0.0  0
       0.0         0.0         0.0         0.0
  20.48238    38.46767    11.588    5.00  50.00  0.3440E+12   11.48   2.34  -1  -1  -164.62    12  4   0.0  0   0.0  0
       0.2         0.2         1.5         3.3
  20.49043    38.53942    11.588    5.00  50.00  0.3440E+12   12.62   2.34  -1  -1   176.83     5  4   0.0  0   0.0  0
       0.1         0.1         0.5         1.3
  20.49848    38.61116    11.588    5.00  50.00  0.3440E+12    5.53   2.34  -1  -1   164.52   100  4   0.0  0   0.0  0
      36.1         2.5         0.2         4.0
  20.50653    38.68291    11.588    5.00  50.00  0.3440E+12    3.55   2.34  -1  -1   135.34   108  4   0.0  0   0.0  0
      32.1        13.5         0.4         0.3
  20.51458    38.75466    11.588    5.00  50.00  0.3440E+12    3.11   2.34  -1  -1   106.78    36  4   0.0  0   0.0  0
      15.1         0.2         0.1         0.1
  20.52263    38.82641    11.588    5.00  50.00  0.3440E+12   11.27   2.34  -1  -1   120.07     2  4   0.0  0   0.0  0
       0.2         0.1         0.1         0.2
  20.53068    38.89816    11.588    5.00  50.00  0.3440E+12    5.19   2.34  -1  -1   106.20     0  4   0.0  0   0.0  0
       0.0         0.0         0.0         0.0
  20.53873    38.96991    11.588    5.00  50.00  0.3440E+12    7.28   2.34  -1  -1   106.20     0  4   0.0  0   0.0  0
       0.0         0.0         0.0         0.0
  20.54678    39.04165    11.588    5.00  50.00  0.3440E+12    9.47   2.34  -1  -1   106.20     0  4   0.0  0   0.0  0
       0.0         0.0         0.0         0.0
  20.55483    39.11340    11.588    5.00  50.00  0.3440E+12   11.69   2.34  -1  -1   106.20     0  4   0.0  0   0.0  0
       0.0         0.0         0.0         0.0
  20.44254    38.39809     8.294    5.00  50.00  0.3440E+12   11.49   2.34  -1  -1   106.20     0  4   0.0  0   0.0  0
       0.0         0.0         0.0         0.0
  20.45059    38.46984     8.294    5.00  50.00  0.3440E+12   11.25   2.34  -1  -1  -169.73    17  4   0.0  0   0.0  0
       0.1         0.1         0.2         7.1
  20.45864    38.54158     8.294    5.00  50.00  0.3440E+12   12.58   2.34  -1  -1   150.95     1  4   0.0  0   0.0  0
       0.1         0.2         0.2         0.1
  20.46669    38.61333     8.294    5.00  50.00  0.3440E+12    4.77   2.34  -1  -1  -174.56   173  4   0.0  0   0.0  0
      19.9        39.9         5.3         9.0
  20.47474    38.68508     8.294    5.00  50.00  0.3440E+12    2.80   2.34  -1  -1  -164.20   124  4   0.0  0   0.0  0
      52.3         0.1         0.2         0.4
  20.48279    38.75683     8.294    5.00  50.00  0.3440E+12    1.25   2.34  -1  -1   167.33   123  4   0.0  0   0.0  0
      52.0         0.2         0.1         0.2
  20.49084    38.82858     8.294    5.00  50.00  0.3440E+12    4.84   2.34  -1  -1   114.74     1  4   0.0  0   0.0  0
       0.1         0.1         0.1         0.1
  20.49889    38.90033     8.294    5.00  50.00  0.3440E+12    4.73   2.34  -1  -1   106.20     0  4   0.0  0   0.0  0
       0.0         0.0         0.0         0.0
  20.50694    38.97208     8.294    5.00  50.00  0.3440E+12    6.97   2.34  -1  -1   106.20     0  4   0.0  0   0.0  0
       0.0         0.0         0.0         0.0
  20.51499    39.04382     8.294    5.00  50.00  0.3440E+12    9.23   2.34  -1  -1   106.20     0  4   0.0  0   0.0  0
       0.0         0.0         0.0         0.0
  20.52304    39.11557     8.294    5.00  50.00  0.3440E+12   11.49   2.34  -1  -1   106.20     0  4   0.0  0   0.0  0
       0.0         0.0         0.0         0.0
  20.41075    38.40026     5.000    5.00  50.00  0.3440E+12   11.43   2.34  -1  -1   106.20     0  4   0.0  0   0.0  0
       0.0         0.0         0.0         0.0
  20.41880    38.47201     5.000    5.00  50.00  0.3440E+12   10.50   2.34  -1  -1   106.40   284  4   0.0  0   0.0  0
      59.7        16.2        38.8         6.6
  20.42685    38.54375     5.000    5.00  50.00  0.3440E+12    6.93   2.34  -1  -1   106.36   142  4   0.0  0   0.0  0
      60.1         0.3         0.1         0.1
  20.43490    38.61550     5.000    5.00  50.00  0.3440E+12    5.63   2.34  -1  -1  -165.74   233  4   0.0  0   0.0  0
      60.5        28.9         0.1        10.0
  20.44295    38.68725     5.000    5.00  50.00  0.3440E+12    6.44   2.34  -1  -1  -164.17    99  4   0.0  0   0.0  0
       1.5        21.7        18.9         0.1
  20.50612    38.39375    14.882    5.00  50.00  0.3440E+12   12.01   2.34  -1  -1   106.20     0  4   0.0  0   0.0  0
       0.0         0.0         0.0         0.0
  20.45905    38.83075     5.000    5.00  50.00  0.3440E+12    4.08   2.34  -1  -1   153.07     1  4   0.0  0   0.0  0
       0.2         0.2         0.1         0.1
  20.46710    38.90250     5.000    5.00  50.00  0.3440E+12    4.57   2.34  -1  -1   106.20     0  4   0.0  0   0.0  0
       0.0         0.0         0.0         0.0
  20.47515    38.97424     5.000    5.00  50.00  0.3440E+12    6.86   2.34  -1  -1   106.20     0  4   0.0  0   0.0  0
       0.0         0.0         0.0         0.0
  20.48320    39.04599     5.000    5.00  50.00  0.3440E+12    9.14   2.34  -1  -1   106.20     0  4   0.0  0   0.0  0
       0.0         0.0         0.0         0.0
  20.49125    39.11774     5.000    5.00  50.00  0.3440E+12   11.43   2.34  -1  -1   106.20     0  4   0.0  0   0.0  0
       0.0         0.0         0.0         0.0
  20.37896    38.40243     1.706    5.00  50.00  0.3440E+12   11.49   2.34  -1  -1   106.20     0  4   0.0  0   0.0  0
       0.0         0.0         0.0         0.0
  20.38701    38.47417     1.706    5.00  50.00  0.3440E+12   10.29   2.34  -1  -1   106.41   227  4   0.0  0   0.0  0
      47.9        39.9         0.2         9.2
  20.39506    38.54592     1.706    5.00  50.00  0.3440E+12    8.24   2.34  -1  -1   178.03    55  4   0.0  0   0.0  0
      23.0         0.1         0.1         0.2
  20.40311    38.61767     1.706    5.00  50.00  0.3440E+12    7.71   2.34  -1  -1  -163.91   275  4   0.0  0   0.0  0
      55.0        37.0         0.9        24.5
  20.41116    38.68942     1.706    5.00  50.00  0.3440E+12    4.86   2.34  -1  -1  -163.98   145  4   0.0  0   0.0  0
      34.0        27.5         0.2         0.2
  20.41921    38.76117     1.706    5.00  50.00  0.3440E+12    1.55   2.34  -1  -1   162.51     5  4   0.0  0   0.0  0
       0.2         1.4         0.3         0.1
  20.42726    38.83292     1.706    5.00  50.00  0.3440E+12    8.94   2.34  -1  -1   134.39     1  4   0.0  0   0.0  0
       0.1         0.1         0.2         0.1
  20.43531    38.90466     1.706    5.00  50.00  0.3440E+12    4.73   2.34  -1  -1   106.20     0  4   0.0  0   0.0  0
       0.0         0.0         0.0         0.0
  20.44336    38.97641     1.706    5.00  50.00  0.3440E+12    6.97   2.34  -1  -1   106.20     0  4   0.0  0   0.0  0
       0.0         0.0         0.0         0.0
  20.45141    39.04816     1.706    5.00  50.00  0.3440E+12    9.23   2.34  -1  -1   106.20     0  4   0.0  0   0.0  0
       0.0         0.0         0.0         0.0
  20.45946    39.11991     1.706    5.00  50.00  0.3440E+12   11.49   2.34  -1  -1   106.20     0  4   0.0  0   0.0  0
       0.0         0.0         0.0         0.0
