2.0
#
# http://equake-rc.info/static/paper/SRF-Description-Graves_2.0.pdf
# RECTANGULAR fault MODEL
#
# All subfaults are   5.0 km long along strike and
#   3.7 km wide along dip
#
# Model length along strike is   45.0 km
#
# Model width along dip is   18.5 km
#
# Corners of the rectangular dislocation model (lat, lon):
#     10.048   -70.714 : corner 1
#      9.670   -70.861 : corner 2
#      9.697   -70.932 : corner 3
#     10.075   -70.785 : corner 4
#
#
# Number of elementary sliprate
# isoceles triangular functions
# per subfault:   4
#
# Half duration of elementary sliprate
# isoceles triangular functions (s):   1.55
# Triangles are overlapping each other by half
#
# slip rate unit: cm/s
#
#
# Seismic moment is converted into slip
# using a single constant value for the
# shear modulus mu of  0.250E+12 dyne/cm2
# assumed to be constant and characteristic
# of the fault shear zone
#
#
#
# "rake" (degrees) is the slip angle (Aki"s convention,
# e.g. rake=+45 means left-lateral-reverse movement.
#
#
# ************************************************
# Total seismic moment M0=  0.299E+26 dyne.cm
# ************************************************
#
#
PLANE 1
 -70.78750     9.85900    9    5    45.000    18.500
201.00  63.00     0.055     0.000     5.551
POINTS   45
 -70.80870     9.86730     5.000  201.00  63.00  0.1850E+12    0.00   1.55  -1  -1   107.98     4  4   0.0  0   0.0  0
       0.6         0.6         0.7         0.3
 -70.80258    10.00941    14.890  201.00  63.00  0.1850E+12    6.39   1.55  -1  -1    67.91     2  4   0.0  0   0.0  0
       0.1         0.3         0.2         0.5
 -70.81892     9.96745    14.890  201.00  63.00  0.1850E+12    6.78   1.55  -1  -1    88.86     5  4   0.0  0   0.0  0
       0.1         1.1         1.6         0.2
 -70.83527     9.92549    14.890  201.00  63.00  0.1850E+12    5.07   1.55  -1  -1    86.79    24  4   0.0  0   0.0  0
       0.1         9.1         5.9         0.1
 -70.85162     9.88353    14.890  201.00  63.00  0.1850E+12    5.69   1.55  -1  -1    92.97    30  4   0.0  0   0.0  0
       3.2        15.3         0.4         0.3
 -70.86797     9.84157    14.890  201.00  63.00  0.1850E+12    5.75   1.55  -1  -1    85.26    31  4   0.0  0   0.0  0
       3.1        15.8         0.7         0.3
 -70.88432     9.79962    14.890  201.00  63.00  0.1850E+12    5.57   1.55  -1  -1    76.03    20  4   0.0  0   0.0  0
      11.9         0.5         0.3         0.2
 -70.90067     9.75766    14.890  201.00  63.00  0.1850E+12    5.33   1.55  -1  -1    61.00     0  4   0.0  0   0.0  0
       0.0         0.0         0.0         0.0
 -70.91702     9.71570    14.890  201.00  63.00  0.1850E+12    6.54   1.55  -1  -1    61.00     0  4   0.0  0   0.0  0
       0.0         0.0         0.0         0.0
 -70.77193    10.04595    11.593  201.00  63.00  0.1850E+12    6.09   1.55  -1  -1    61.00     0  4   0.0  0   0.0  0
       0.0         0.0         0.0         0.0
 -70.78827    10.00400    11.593  201.00  63.00  0.1850E+12    6.20   1.55  -1  -1    95.06     9  4   0.0  0   0.0  0
       0.3         4.7         0.7         0.1
 -70.80462     9.96204    11.593  201.00  63.00  0.1850E+12    4.75   1.55  -1  -1   120.45    39  4   0.0  0   0.0  0
       0.8        10.2        13.9         0.2
 -70.82097     9.92008    11.593  201.00  63.00  0.1850E+12    4.72   1.55  -1  -1   113.35    37  4   0.0  0   0.0  0
       1.8        17.2         5.1         0.1
 -70.83732     9.87812    11.593  201.00  63.00  0.1850E+12    4.06   1.55  -1  -1   104.41    30  4   0.0  0   0.0  0
       1.7         9.7         8.0         0.1
 -70.85366     9.83616    11.593  201.00  63.00  0.1850E+12    3.73   1.55  -1  -1    96.84    26  4   0.0  0   0.0  0
       2.6        13.9         0.4         0.1
 -70.87001     9.79421    11.593  201.00  63.00  0.1850E+12    5.51   1.55  -1  -1    83.82    12  4   0.0  0   0.0  0
       5.2         2.3         0.2         0.1
 -70.88636     9.75225    11.593  201.00  63.00  0.1850E+12    4.78   1.55  -1  -1    61.00     0  4   0.0  0   0.0  0
       0.0         0.0         0.0         0.0
 -70.90271     9.71029    11.593  201.00  63.00  0.1850E+12    6.09   1.55  -1  -1    61.00     0  4   0.0  0   0.0  0
       0.0         0.0         0.0         0.0
 -70.75761    10.04054     8.297  201.00  63.00  0.1850E+12    5.81   1.55  -1  -1    61.00     0  4   0.0  0   0.0  0
       0.0         0.0         0.0         0.0
 -70.77396     9.99859     8.297  201.00  63.00  0.1850E+12    4.73   1.55  -1  -1   124.59    15  4   0.0  0   0.0  0
       4.5         2.6         2.2         0.1
 -70.79031     9.95663     8.297  201.00  63.00  0.1850E+12    4.64   1.55  -1  -1   134.77    36  4   0.0  0   0.0  0
      12.4         1.6         8.2         1.4
 -70.80666     9.91467     8.297  201.00  63.00  0.1850E+12    1.80   1.55  -1  -1   130.27    37  4   0.0  0   0.0  0
      16.6         0.4         4.7         1.9
 -70.82301     9.87271     8.297  201.00  63.00  0.1850E+12    1.88   1.55  -1  -1   128.23    31  4   0.0  0   0.0  0
      17.9         0.5         1.4         0.2
 -70.83936     9.83075     8.297  201.00  63.00  0.1850E+12    1.90   1.55  -1  -1   118.59    39  4   0.0  0   0.0  0
      23.8         1.0         0.4         0.1
 -70.85571     9.78879     8.297  201.00  63.00  0.1850E+12    3.22   1.55  -1  -1   101.43    16  4   0.0  0   0.0  0
       9.9         0.5         0.1         0.1
 -70.87206     9.74684     8.297  201.00  63.00  0.1850E+12    4.41   1.55  -1  -1    61.00     0  4   0.0  0   0.0  0
       0.0         0.0         0.0         0.0
 -70.88840     9.70488     8.297  201.00  63.00  0.1850E+12    5.81   1.55  -1  -1    61.00     0  4   0.0  0   0.0  0
       0.0         0.0         0.0         0.0
 -70.74331    10.03513     5.000  201.00  63.00  0.1850E+12    5.71   1.55  -1  -1    61.00     0  4   0.0  0   0.0  0
       0.0         0.0         0.0         0.0
 -70.75966     9.99317     5.000  201.00  63.00  0.1850E+12    4.38   1.55  -1  -1   124.53     2  4   0.0  0   0.0  0
       0.5         0.3         0.1         0.1
 -70.77600     9.95122     5.000  201.00  63.00  0.1850E+12    4.05   1.55  -1  -1   134.31    11  4   0.0  0   0.0  0
       4.3         1.0         1.4         0.1
 -70.79235     9.90926     5.000  201.00  63.00  0.1850E+12    4.16   1.55  -1  -1   119.24    10  4   0.0  0   0.0  0
       4.2         1.2         0.6         0.4
 -70.78623    10.05137    14.890  201.00  63.00  0.1850E+12    6.54   1.55  -1  -1    61.00     0  4   0.0  0   0.0  0
       0.0         0.0         0.0         0.0
 -70.82505     9.82534     5.000  201.00  63.00  0.1850E+12    1.89   1.55  -1  -1   104.00     3  4   0.0  0   0.0  0
       1.5         0.2         0.3         0.2
 -70.84140     9.78338     5.000  201.00  63.00  0.1850E+12    6.79   1.55  -1  -1   108.16     1  4   0.0  0   0.0  0
       0.1         0.1         0.1         0.2
 -70.85774     9.74143     5.000  201.00  63.00  0.1850E+12    4.29   1.55  -1  -1    61.00     0  4   0.0  0   0.0  0
       0.0         0.0         0.0         0.0
 -70.87409     9.69947     5.000  201.00  63.00  0.1850E+12    5.71   1.55  -1  -1    61.00     0  4   0.0  0   0.0  0
       0.0         0.0         0.0         0.0
 -70.72900    10.02972     1.703  201.00  63.00  0.1850E+12    5.81   1.55  -1  -1    61.00     0  4   0.0  0   0.0  0
       0.0         0.0         0.0         0.0
 -70.74535     9.98776     1.703  201.00  63.00  0.1850E+12    5.92   1.55  -1  -1   134.03    11  4   0.0  0   0.0  0
       6.4         0.5         0.1         0.2
 -70.76170     9.94581     1.703  201.00  63.00  0.1850E+12    3.16   1.55  -1  -1   124.39    52  4   0.0  0   0.0  0
      33.3         0.2         0.2         0.1
 -70.77805     9.90385     1.703  201.00  63.00  0.1850E+12    1.78   1.55  -1  -1   102.14    60  4   0.0  0   0.0  0
      38.5         0.3         0.1         0.1
 -70.79440     9.86189     1.703  201.00  63.00  0.1850E+12    1.38   1.55  -1  -1    97.95    43  4   0.0  0   0.0  0
      27.0         0.1         0.2         0.2
 -70.81074     9.81993     1.703  201.00  63.00  0.1850E+12    4.26   1.55  -1  -1   131.24     2  4   0.0  0   0.0  0
       0.9         0.1         0.1         0.1
 -70.82709     9.77797     1.703  201.00  63.00  0.1850E+12    7.04   1.55  -1  -1   129.12    10  4   0.0  0   0.0  0
       0.1         0.1         0.1         6.0
 -70.84344     9.73601     1.703  201.00  63.00  0.1850E+12    4.41   1.55  -1  -1    61.00     0  4   0.0  0   0.0  0
       0.0         0.0         0.0         0.0
 -70.85979     9.69406     1.703  201.00  63.00  0.1850E+12    5.81   1.55  -1  -1    61.00     0  4   0.0  0   0.0  0
       0.0         0.0         0.0         0.0
