2.0
#
# http://equake-rc.info/static/paper/SRF-Description-Graves_2.0.pdf
# RECTANGULAR fault MODEL
#
# All subfaults are   5.0 km long along strike and
#   6.1 km wide along dip
#
# Model length along strike is   45.0 km
#
# Model width along dip is   30.5 km
#
# Corners of the rectangular dislocation model (lat, lon):
#      9.646   -70.885 : corner 1
#     10.043   -70.966 : corner 2
#     10.089   -70.732 : corner 3
#      9.692   -70.652 : corner 4
#
#
# Number of elementary sliprate
# isoceles triangular functions
# per subfault:   4
#
# Half duration of elementary sliprate
# isoceles triangular functions (s):   1.55
# Triangles are overlapping each other by half
#
# slip rate unit: cm/s
#
#
# Seismic moment is converted into slip
# using a single constant value for the
# shear modulus mu of  0.250E+12 dyne/cm2
# assumed to be constant and characteristic
# of the fault shear zone
#
#
#
# "rake" (degrees) is the slip angle (Aki"s convention,
# e.g. rake=+45 means left-lateral-reverse movement.
#
#
# ************************************************
# Total seismic moment M0=  0.314E+26 dyne.cm
# ************************************************
#
#
PLANE 1
 -70.92551     9.84450    9    5    45.000    30.500
348.72  31.08     0.129     0.000    15.250
POINTS   45
 -70.80870     9.86730     8.000  348.72  31.08  0.3050E+12    0.00   1.55  -1  -1    64.86    11  4   0.0  0   0.0  0
       2.5         3.0         0.6         1.3
 -70.68845     9.75344    14.297  348.72  31.08  0.3050E+12    5.52   1.55  -1  -1    16.59     0  4   0.0  0   0.0  0
       0.0         0.0         0.0         0.0
 -70.69736     9.79752    14.297  348.72  31.08  0.3050E+12    4.80   1.55  -1  -1    28.80     1  4   0.0  0   0.0  0
       0.1         0.1         0.2         0.1
 -70.70628     9.84159    14.297  348.72  31.08  0.3050E+12    3.87   1.55  -1  -1    52.77     5  4   0.0  0   0.0  0
       2.7         0.1         0.1         0.1
 -70.71521     9.88567    14.297  348.72  31.08  0.3050E+12    3.72   1.55  -1  -1    77.96    36  4   0.0  0   0.0  0
      19.6         3.6         0.1         0.1
 -70.72413     9.92974    14.297  348.72  31.08  0.3050E+12    4.00   1.55  -1  -1    73.15    10  4   0.0  0   0.0  0
       6.5         0.1         0.1         0.1
 -70.73305     9.97382    14.297  348.72  31.08  0.3050E+12    4.61   1.55  -1  -1    71.46     1  4   0.0  0   0.0  0
       0.2         0.2         0.4         0.1
 -70.74197    10.01789    14.297  348.72  31.08  0.3050E+12    5.88   1.55  -1  -1    65.15     1  4   0.0  0   0.0  0
       0.1         0.1         0.1         0.1
 -70.75089    10.06197    14.297  348.72  31.08  0.3050E+12    6.69   1.55  -1  -1    16.59     0  4   0.0  0   0.0  0
       0.0         0.0         0.0         0.0
 -70.72627     9.70018    11.149  348.72  31.08  0.3050E+12    5.97   1.55  -1  -1    16.59     0  4   0.0  0   0.0  0
       0.0         0.0         0.0         0.0
 -70.73519     9.74426    11.149  348.72  31.08  0.3050E+12    4.63   1.55  -1  -1    16.59     0  4   0.0  0   0.0  0
       0.0         0.0         0.0         0.0
 -70.74411     9.78833    11.149  348.72  31.08  0.3050E+12    3.68   1.55  -1  -1    46.77     1  4   0.0  0   0.0  0
       0.2         0.1         0.1         0.1
 -70.75304     9.83241    11.149  348.72  31.08  0.3050E+12    2.35   1.55  -1  -1    75.64    54  4   0.0  0   0.0  0
      33.8         0.6         0.1         0.1
 -70.76196     9.87648    11.149  348.72  31.08  0.3050E+12    3.74   1.55  -1  -1    76.81    45  4   0.0  0   0.0  0
      14.4         4.9         9.8         0.2
 -70.77087     9.92056    11.149  348.72  31.08  0.3050E+12    3.73   1.55  -1  -1    71.82    24  4   0.0  0   0.0  0
       6.9         7.6         1.2         0.1
 -70.77979     9.96463    11.149  348.72  31.08  0.3050E+12    4.40   1.55  -1  -1    70.43    23  4   0.0  0   0.0  0
       0.4         4.4        10.2         0.1
 -70.78872    10.00871    11.149  348.72  31.08  0.3050E+12    5.58   1.55  -1  -1    72.82     2  4   0.0  0   0.0  0
       0.3         0.3         0.4         0.1
 -70.79764    10.05279    11.149  348.72  31.08  0.3050E+12    5.97   1.55  -1  -1    16.59     0  4   0.0  0   0.0  0
       0.0         0.0         0.0         0.0
 -70.77302     9.69100     8.000  348.72  31.08  0.3050E+12    5.71   1.55  -1  -1    16.59     0  4   0.0  0   0.0  0
       0.0         0.0         0.0         0.0
 -70.78194     9.73507     8.000  348.72  31.08  0.3050E+12    4.29   1.55  -1  -1    16.59     0  4   0.0  0   0.0  0
       0.0         0.0         0.0         0.0
 -70.79086     9.77915     8.000  348.72  31.08  0.3050E+12    6.55   1.55  -1  -1    18.04    20  4   0.0  0   0.0  0
       0.1         0.1         0.1        12.4
 -70.79978     9.82322     8.000  348.72  31.08  0.3050E+12    1.86   1.55  -1  -1    60.73    25  4   0.0  0   0.0  0
      15.2         0.4         0.5         0.1
 -70.67953     9.70936    14.297  348.72  31.08  0.3050E+12    6.69   1.55  -1  -1    16.59     0  4   0.0  0   0.0  0
       0.0         0.0         0.0         0.0
 -70.81762     9.91138     8.000  348.72  31.08  0.3050E+12    4.09   1.55  -1  -1    63.70    20  4   0.0  0   0.0  0
       9.9         0.3         0.8         1.8
 -70.82655     9.95545     8.000  348.72  31.08  0.3050E+12    2.95   1.55  -1  -1    61.94    21  4   0.0  0   0.0  0
       8.4         2.7         2.4         0.1
 -70.83546     9.99953     8.000  348.72  31.08  0.3050E+12    4.41   1.55  -1  -1    63.76    11  4   0.0  0   0.0  0
       3.9         2.6         0.1         0.2
 -70.84438    10.04360     8.000  348.72  31.08  0.3050E+12    5.71   1.55  -1  -1    16.59     0  4   0.0  0   0.0  0
       0.0         0.0         0.0         0.0
 -70.81976     9.68181     4.851  348.72  31.08  0.3050E+12    5.97   1.55  -1  -1    16.59     0  4   0.0  0   0.0  0
       0.0         0.0         0.0         0.0
 -70.82868     9.72589     4.851  348.72  31.08  0.3050E+12    4.63   1.55  -1  -1    16.59     0  4   0.0  0   0.0  0
       0.0         0.0         0.0         0.0
 -70.83761     9.76997     4.851  348.72  31.08  0.3050E+12    3.66   1.55  -1  -1    30.80     1  4   0.0  0   0.0  0
       0.2         0.1         0.1         0.1
 -70.84653     9.81404     4.851  348.72  31.08  0.3050E+12    2.46   1.55  -1  -1    61.62     2  4   0.0  0   0.0  0
       0.7         0.2         0.1         0.1
 -70.85545     9.85812     4.851  348.72  31.08  0.3050E+12    2.06   1.55  -1  -1    55.74    11  4   0.0  0   0.0  0
       6.3         0.2         0.3         0.1
 -70.86436     9.90219     4.851  348.72  31.08  0.3050E+12    2.54   1.55  -1  -1    56.75     1  4   0.0  0   0.0  0
       0.2         0.2         0.2         0.1
 -70.87329     9.94627     4.851  348.72  31.08  0.3050E+12    4.13   1.55  -1  -1    64.78     3  4   0.0  0   0.0  0
       1.0         0.5         0.6         0.1
 -70.88221     9.99034     4.851  348.72  31.08  0.3050E+12    5.79   1.55  -1  -1    64.93     2  4   0.0  0   0.0  0
       0.8         0.4         0.1         0.1
 -70.89113    10.03442     4.851  348.72  31.08  0.3050E+12    5.97   1.55  -1  -1    16.59     0  4   0.0  0   0.0  0
       0.0         0.0         0.0         0.0
 -70.86651     9.67263     1.703  348.72  31.08  0.3050E+12    6.69   1.55  -1  -1    16.59     0  4   0.0  0   0.0  0
       0.0         0.0         0.0         0.0
 -70.87543     9.71671     1.703  348.72  31.08  0.3050E+12    5.52   1.55  -1  -1    16.59     0  4   0.0  0   0.0  0
       0.0         0.0         0.0         0.0
 -70.88435     9.76078     1.703  348.72  31.08  0.3050E+12    7.11   1.55  -1  -1    71.80     0  4   0.0  0   0.0  0
       0.1         0.1         0.1         0.1
 -70.89327     9.80486     1.703  348.72  31.08  0.3050E+12    3.81   1.55  -1  -1    45.68     0  4   0.0  0   0.0  0
       0.1         0.1         0.1         0.1
 -70.90219     9.84893     1.703  348.72  31.08  0.3050E+12    3.69   1.55  -1  -1    31.19     3  4   0.0  0   0.0  0
       1.7         0.3         0.1         0.1
 -70.91112     9.89301     1.703  348.72  31.08  0.3050E+12    3.90   1.55  -1  -1    53.34    12  4   0.0  0   0.0  0
       7.3         0.1         0.1         0.1
 -70.92004     9.93708     1.703  348.72  31.08  0.3050E+12    5.28   1.55  -1  -1    47.72    18  4   0.0  0   0.0  0
      10.9         0.2         0.1         0.2
 -70.92896     9.98116     1.703  348.72  31.08  0.3050E+12    5.57   1.55  -1  -1    57.24    48  4   0.0  0   0.0  0
      30.4         0.5         0.1         0.1
 -70.93787    10.02524     1.703  348.72  31.08  0.3050E+12    6.69   1.55  -1  -1    16.59     0  4   0.0  0   0.0  0
       0.0         0.0         0.0         0.0
