2.0
#
# http://equake-rc.info/static/paper/SRF-Description-Graves_2.0.pdf
# RECTANGULAR fault MODEL
#
# All subfaults are   4.0 km long along strike and
#   7.0 km wide along dip
#
# Model length along strike is   36.0 km
#
# Model width along dip is   35.0 km
#
# Corners of the rectangular dislocation model (lat, lon):
#     17.293   -61.538 : corner 1
#     17.398   -61.217 : corner 2
#     17.291   -61.179 : corner 3
#     17.186   -61.500 : corner 4
#
#
# Number of elementary sliprate
# isoceles triangular functions
# per subfault:   4
#
# Half duration of elementary sliprate
# isoceles triangular functions (s):   1.33
# Triangles are overlapping each other by half
#
# slip rate unit: cm/s
#
#
# Seismic moment is converted into slip
# using a single constant value for the
# shear modulus mu of  0.250E+12 dyne/cm2
# assumed to be constant and characteristic
# of the fault shear zone
#
#
#
# "rake" (degrees) is the slip angle (Aki"s convention,
# e.g. rake=+45 means left-lateral-reverse movement.
#
#
# ************************************************
# Total seismic moment M0=  0.420E+25 dyne.cm
# ************************************************
#
#
PLANE 1
 -61.37750    17.34550    9    5    36.000    35.000
 71.00  69.00    35.662     0.000    17.500
POINTS   45
 -61.35850    17.29210    52.000   71.00  69.00  0.2800E+12    0.00   1.33  -1  -1   156.75    39  4   0.0  0   0.0  0
      24.8         4.2         0.1         0.0
 -61.44998    17.21431    65.070   71.00  69.00  0.2800E+12    5.49   1.33  -1  -1    96.88     0  4   0.0  0   0.0  0
       0.0         0.0         0.0         0.1
 -61.41436    17.22602    65.070   71.00  69.00  0.2800E+12    5.22   1.33  -1  -1    95.73     0  4   0.0  0   0.0  0
       0.0         0.0         0.0         0.0
 -61.37874    17.23773    65.070   71.00  69.00  0.2800E+12    4.80   1.33  -1  -1    97.22     0  4   0.0  0   0.0  0
       0.0         0.0         0.1         0.1
 -61.34312    17.24944    65.070   71.00  69.00  0.2800E+12    5.23   1.33  -1  -1    80.40     0  4   0.0  0   0.0  0
       0.0         0.1         0.0         0.1
 -61.30750    17.26115    65.070   71.00  69.00  0.2800E+12    5.31   1.33  -1  -1    97.72     0  4   0.0  0   0.0  0
       0.0         0.0         0.1         0.1
 -61.27188    17.27286    65.070   71.00  69.00  0.2800E+12    4.61   1.33  -1  -1    80.00     0  4   0.0  0   0.0  0
       0.0         0.0         0.0         0.0
 -61.23626    17.28457    65.070   71.00  69.00  0.2800E+12    5.27   1.33  -1  -1    80.00     0  4   0.0  0   0.0  0
       0.0         0.0         0.0         0.0
 -61.20063    17.29629    65.070   71.00  69.00  0.2800E+12    5.67   1.33  -1  -1    82.45     0  4   0.0  0   0.0  0
       0.0         0.0         0.0         0.0
 -61.49329    17.22393    58.535   71.00  69.00  0.2800E+12    5.36   1.33  -1  -1    81.38     0  4   0.0  0   0.0  0
       0.0         0.0         0.0         0.1
 -61.45767    17.23564    58.535   71.00  69.00  0.2800E+12    5.34   1.33  -1  -1    81.55     0  4   0.0  0   0.0  0
       0.0         0.0         0.0         0.1
 -61.42205    17.24735    58.535   71.00  69.00  0.2800E+12    5.38   1.33  -1  -1    81.30     0  4   0.0  0   0.0  0
       0.1         0.1         0.1         0.0
 -61.38643    17.25906    58.535   71.00  69.00  0.2800E+12    5.32   1.33  -1  -1    97.14     0  4   0.0  0   0.0  0
       0.1         0.1         0.0         0.1
 -61.35081    17.27077    58.535   71.00  69.00  0.2800E+12    5.32   1.33  -1  -1   111.08     0  4   0.0  0   0.0  0
       0.0         0.0         0.1         0.1
 -61.31519    17.28248    58.535   71.00  69.00  0.2800E+12    5.33   1.33  -1  -1    87.89     0  4   0.0  0   0.0  0
       0.1         0.0         0.1         0.1
 -61.27957    17.29419    58.535   71.00  69.00  0.2800E+12    3.04   1.33  -1  -1    80.00     0  4   0.0  0   0.0  0
       0.0         0.0         0.0         0.0
 -61.24395    17.30590    58.535   71.00  69.00  0.2800E+12    3.97   1.33  -1  -1    80.00     0  4   0.0  0   0.0  0
       0.0         0.0         0.0         0.0
 -61.20833    17.31761    58.535   71.00  69.00  0.2800E+12    5.38   1.33  -1  -1   101.82     0  4   0.0  0   0.0  0
       0.0         0.0         0.0         0.0
 -61.50098    17.24526    52.000   71.00  69.00  0.2800E+12    4.94   1.33  -1  -1    95.47     0  4   0.0  0   0.0  0
       0.1         0.0         0.0         0.0
 -61.46536    17.25697    52.000   71.00  69.00  0.2800E+12    3.61   1.33  -1  -1    96.62     0  4   0.0  0   0.0  0
       0.0         0.0         0.1         0.1
 -61.42974    17.26868    52.000   71.00  69.00  0.2800E+12    2.30   1.33  -1  -1    80.66     0  4   0.0  0   0.0  0
       0.1         0.1         0.0         0.0
 -61.39412    17.28039    52.000   71.00  69.00  0.2800E+12    1.16   1.33  -1  -1   128.43     6  4   0.0  0   0.0  0
       4.4         0.1         0.0         0.0
 -61.48560    17.20260    65.070   71.00  69.00  0.2800E+12    5.67   1.33  -1  -1    82.34     0  4   0.0  0   0.0  0
       0.0         0.0         0.1         0.1
 -61.32288    17.30381    52.000   71.00  69.00  0.2800E+12    1.29   1.33  -1  -1    80.65     0  4   0.0  0   0.0  0
       0.0         0.0         0.0         0.0
 -61.28726    17.31552    52.000   71.00  69.00  0.2800E+12    2.29   1.33  -1  -1    80.00     0  4   0.0  0   0.0  0
       0.0         0.0         0.0         0.0
 -61.25164    17.32723    52.000   71.00  69.00  0.2800E+12    3.43   1.33  -1  -1    80.00     0  4   0.0  0   0.0  0
       0.0         0.0         0.0         0.0
 -61.21602    17.33894    52.000   71.00  69.00  0.2800E+12    5.32   1.33  -1  -1    80.54     0  4   0.0  0   0.0  0
       0.0         0.0         0.0         0.1
 -61.50867    17.26659    45.465   71.00  69.00  0.2800E+12    5.12   1.33  -1  -1    80.99     0  4   0.0  0   0.0  0
       0.0         0.1         0.0         0.1
 -61.47306    17.27830    45.465   71.00  69.00  0.2800E+12    4.04   1.33  -1  -1    80.67     0  4   0.0  0   0.0  0
       0.1         0.1         0.1         0.0
 -61.43744    17.29001    45.465   71.00  69.00  0.2800E+12    3.28   1.33  -1  -1    80.38     0  4   0.0  0   0.0  0
       0.1         0.1         0.0         0.0
 -61.40181    17.30172    45.465   71.00  69.00  0.2800E+12    2.43   1.33  -1  -1    80.23     4  4   0.0  0   0.0  0
       2.9         0.0         0.0         0.0
 -61.36619    17.31343    45.465   71.00  69.00  0.2800E+12    2.32   1.33  -1  -1    80.61     0  4   0.0  0   0.0  0
       0.0         0.0         0.0         0.0
 -61.33057    17.32514    45.465   71.00  69.00  0.2800E+12    2.37   1.33  -1  -1    80.33     0  4   0.0  0   0.0  0
       0.0         0.0         0.0         0.0
 -61.29495    17.33685    45.465   71.00  69.00  0.2800E+12    3.04   1.33  -1  -1    80.00     0  4   0.0  0   0.0  0
       0.0         0.0         0.0         0.0
 -61.25933    17.34856    45.465   71.00  69.00  0.2800E+12    3.97   1.33  -1  -1    80.00     0  4   0.0  0   0.0  0
       0.0         0.0         0.0         0.0
 -61.22371    17.36027    45.465   71.00  69.00  0.2800E+12    5.42   1.33  -1  -1    99.64     1  4   0.0  0   0.0  0
       0.0         0.0         0.0         0.8
 -61.51637    17.28792    38.930   71.00  69.00  0.2800E+12    5.67   1.33  -1  -1    80.79     0  4   0.0  0   0.0  0
       0.1         0.0         0.1         0.0
 -61.48075    17.29963    38.930   71.00  69.00  0.2800E+12    5.35   1.33  -1  -1    80.19     1  4   0.0  0   0.0  0
       0.7         0.0         0.0         0.0
 -61.44513    17.31134    38.930   71.00  69.00  0.2800E+12    4.76   1.33  -1  -1    80.79     0  4   0.0  0   0.0  0
       0.1         0.0         0.1         0.0
 -61.40951    17.32305    38.930   71.00  69.00  0.2800E+12    4.53   1.33  -1  -1    81.11     0  4   0.0  0   0.0  0
       0.1         0.0         0.1         0.0
 -61.37389    17.33476    38.930   71.00  69.00  0.2800E+12    4.61   1.33  -1  -1    80.50     0  4   0.0  0   0.0  0
       0.0         0.0         0.0         0.1
 -61.33826    17.34647    38.930   71.00  69.00  0.2800E+12    5.11   1.33  -1  -1    80.43     0  4   0.0  0   0.0  0
       0.0         0.0         0.0         0.0
 -61.30264    17.35818    38.930   71.00  69.00  0.2800E+12    4.61   1.33  -1  -1    80.00     0  4   0.0  0   0.0  0
       0.0         0.0         0.0         0.0
 -61.26702    17.36989    38.930   71.00  69.00  0.2800E+12    5.27   1.33  -1  -1    80.00     0  4   0.0  0   0.0  0
       0.0         0.0         0.0         0.0
 -61.23140    17.38160    38.930   71.00  69.00  0.2800E+12    5.67   1.33  -1  -1   104.68     1  4   0.0  0   0.0  0
       0.0         0.0         0.1         0.6
