2.0
#
# http://equake-rc.info/static/paper/SRF-Description-Graves_2.0.pdf
# RECTANGULAR fault MODEL
#
# All subfaults are   5.0 km long along strike and
#   5.2 km wide along dip
#
# Model length along strike is   45.0 km
#
# Model width along dip is   26.0 km
#
# Corners of the rectangular dislocation model (lat, lon):
#     51.131  -176.478 : corner 1
#     51.339  -175.924 : corner 2
#     51.258  -175.846 : corner 3
#     51.049  -176.400 : corner 4
#
#
# Number of elementary sliprate
# isoceles triangular functions
# per subfault:   4
#
# Half duration of elementary sliprate
# isoceles triangular functions (s):   1.55
# Triangles are overlapping each other by half
#
# slip rate unit: cm/s
#
#
# Seismic moment is converted into slip
# using a single constant value for the
# shear modulus mu of  0.250E+12 dyne/cm2
# assumed to be constant and characteristic
# of the fault shear zone
#
#
#
# "rake" (degrees) is the slip angle (Aki"s convention,
# e.g. rake=+45 means left-lateral-reverse movement.
#
#
# ************************************************
# Total seismic moment M0=  0.155E+26 dyne.cm
# ************************************************
#
#
PLANE 1
-176.20099    51.23500    9    5    45.000    26.000
 59.00  66.00     0.174     0.000    18.200
POINTS   45
-176.14650    51.17780    16.800   59.00  66.00  0.2600E+12    0.00   1.55  -1  -1    71.45    42  4   0.0  0   0.0  0
      26.5         0.1         0.1         0.1
-176.31558    51.09188    21.550   59.00  66.00  0.2600E+12    4.54   1.55  -1  -1    36.00     0  4   0.0  0   0.0  0
       0.0         0.0         0.0         0.0
-176.25401    51.11508    21.550   59.00  66.00  0.2600E+12    4.40   1.55  -1  -1    77.37    11  4   0.0  0   0.0  0
       4.3         1.1         0.6         0.9
-176.19243    51.13827    21.550   59.00  66.00  0.2600E+12    4.40   1.55  -1  -1   108.92    17  4   0.0  0   0.0  0
       2.8         3.7         3.1         1.6
-176.13084    51.16147    21.550   59.00  66.00  0.2600E+12    3.56   1.55  -1  -1   111.00    24  4   0.0  0   0.0  0
       3.5         5.9         5.4         0.7
-176.06927    51.18467    21.550   59.00  66.00  0.2600E+12    3.55   1.55  -1  -1   110.05    20  4   0.0  0   0.0  0
       7.1         1.8         1.5         2.7
-176.00769    51.20786    21.550   59.00  66.00  0.2600E+12    3.77   1.55  -1  -1   109.53     7  4   0.0  0   0.0  0
       2.4         0.6         1.1         0.1
-175.94611    51.23106    21.550   59.00  66.00  0.2600E+12    5.10   1.55  -1  -1   122.00     4  4   0.0  0   0.0  0
       0.1         0.2         1.9         0.1
-175.88452    51.25425    21.550   59.00  66.00  0.2600E+12    6.83   1.55  -1  -1    85.33     6  4   0.0  0   0.0  0
       0.8         2.9         0.1         0.0
-176.39282    51.08501    16.800   59.00  66.00  0.2600E+12    5.71   1.55  -1  -1    36.00     0  4   0.0  0   0.0  0
       0.0         0.0         0.0         0.0
-176.33124    51.10821    16.800   59.00  66.00  0.2600E+12    4.29   1.55  -1  -1    36.00     0  4   0.0  0   0.0  0
       0.0         0.0         0.0         0.0
-176.26965    51.13141    16.800   59.00  66.00  0.2600E+12    2.96   1.55  -1  -1   110.19     5  4   0.0  0   0.0  0
       1.7         0.1         0.4         1.1
-176.20808    51.15460    16.800   59.00  66.00  0.2600E+12    2.10   1.55  -1  -1    84.27     8  4   0.0  0   0.0  0
       3.7         0.4         1.1         0.1
-176.37717    51.06868    21.550   59.00  66.00  0.2600E+12    5.90   1.55  -1  -1    36.00     0  4   0.0  0   0.0  0
       0.0         0.0         0.0         0.0
-176.08492    51.20100    16.800   59.00  66.00  0.2600E+12    2.53   1.55  -1  -1    84.03     4  4   0.0  0   0.0  0
       1.5         0.2         0.6         0.1
-176.02335    51.22419    16.800   59.00  66.00  0.2600E+12    3.76   1.55  -1  -1   102.51     1  4   0.0  0   0.0  0
       0.4         0.1         0.1         0.1
-175.96176    51.24739    16.800   59.00  66.00  0.2600E+12    4.69   1.55  -1  -1    52.21     0  4   0.0  0   0.0  0
       0.1         0.1         0.1         0.1
-175.90018    51.27058    16.800   59.00  66.00  0.2600E+12    6.83   1.55  -1  -1    40.58     1  4   0.0  0   0.0  0
       0.2         0.1         0.0         0.1
-176.40848    51.10135    12.050   59.00  66.00  0.2600E+12    5.90   1.55  -1  -1    36.00     0  4   0.0  0   0.0  0
       0.0         0.0         0.0         0.0
-176.34689    51.12454    12.050   59.00  66.00  0.2600E+12    4.54   1.55  -1  -1    36.00     0  4   0.0  0   0.0  0
       0.0         0.0         0.0         0.0
-176.28531    51.14774    12.050   59.00  66.00  0.2600E+12    3.27   1.55  -1  -1    86.25     8  4   0.0  0   0.0  0
       4.5         0.1         0.1         0.4
-176.22372    51.17093    12.050   59.00  66.00  0.2600E+12    6.26   1.55  -1  -1   125.58     3  4   0.0  0   0.0  0
       0.1         0.6         0.9         0.1
-176.16216    51.19413    12.050   59.00  66.00  0.2600E+12    1.59   1.55  -1  -1    50.55     6  4   0.0  0   0.0  0
       3.4         0.3         0.4         0.1
-176.10057    51.21733    12.050   59.00  66.00  0.2600E+12    2.08   1.55  -1  -1    47.78     1  4   0.0  0   0.0  0
       0.1         0.1         0.1         0.1
-176.03899    51.24052    12.050   59.00  66.00  0.2600E+12    3.76   1.55  -1  -1    86.65     1  4   0.0  0   0.0  0
       0.1         0.4         0.1         0.1
-175.97742    51.26372    12.050   59.00  66.00  0.2600E+12    4.57   1.55  -1  -1    40.40     0  4   0.0  0   0.0  0
       0.1         0.1         0.1         0.1
-175.91583    51.28691    12.050   59.00  66.00  0.2600E+12    6.83   1.55  -1  -1    56.65     4  4   0.0  0   0.0  0
       1.3         1.2         0.0         0.1
-176.42412    51.11768     7.299   59.00  66.00  0.2600E+12    6.44   1.55  -1  -1    36.00     0  4   0.0  0   0.0  0
       0.0         0.0         0.0         0.0
-176.36255    51.14087     7.299   59.00  66.00  0.2600E+12    5.22   1.55  -1  -1    36.00     0  4   0.0  0   0.0  0
       0.0         0.0         0.0         0.0
-176.30096    51.16407     7.299   59.00  66.00  0.2600E+12    5.20   1.55  -1  -1   125.74     1  4   0.0  0   0.0  0
       0.1         0.0         0.1         0.2
-176.23938    51.18726     7.299   59.00  66.00  0.2600E+12    6.27   1.55  -1  -1   106.96     0  4   0.0  0   0.0  0
       0.1         0.1         0.1         0.1
-176.17780    51.21046     7.299   59.00  66.00  0.2600E+12    3.08   1.55  -1  -1    87.40     5  4   0.0  0   0.0  0
       2.9         0.1         0.0         0.1
-176.11623    51.23365     7.299   59.00  66.00  0.2600E+12    3.66   1.55  -1  -1    46.28     1  4   0.0  0   0.0  0
       0.1         0.3         0.1         0.1
-176.05464    51.25685     7.299   59.00  66.00  0.2600E+12    4.17   1.55  -1  -1    41.94     1  4   0.0  0   0.0  0
       0.3         0.1         0.1         0.1
-175.99306    51.28005     7.299   59.00  66.00  0.2600E+12    5.41   1.55  -1  -1    39.19     0  4   0.0  0   0.0  0
       0.1         0.1         0.1         0.1
-175.93149    51.30325     7.299   59.00  66.00  0.2600E+12    6.83   1.55  -1  -1    37.44     5  4   0.0  0   0.0  0
       1.4         1.7         0.1         0.1
-176.43977    51.13401     2.549   59.00  66.00  0.2600E+12    7.19   1.55  -1  -1    36.00     0  4   0.0  0   0.0  0
       0.0         0.0         0.0         0.0
-176.37819    51.15720     2.549   59.00  66.00  0.2600E+12    6.18   1.55  -1  -1    36.00     0  4   0.0  0   0.0  0
       0.0         0.0         0.0         0.0
-176.31662    51.18040     2.549   59.00  66.00  0.2600E+12    6.32   1.55  -1  -1   125.81     9  4   0.0  0   0.0  0
       4.7         1.3         0.1         0.0
-176.25504    51.20359     2.549   59.00  66.00  0.2600E+12    5.80   1.55  -1  -1   120.68     6  4   0.0  0   0.0  0
       3.5         0.1         0.1         0.1
-176.19345    51.22679     2.549   59.00  66.00  0.2600E+12    4.52   1.55  -1  -1   105.29     4  4   0.0  0   0.0  0
       2.5         0.1         0.1         0.1
-176.13188    51.24998     2.549   59.00  66.00  0.2600E+12    5.10   1.55  -1  -1    82.25    21  4   0.0  0   0.0  0
      13.2         0.1         0.1         0.1
-176.07030    51.27318     2.549   59.00  66.00  0.2600E+12    5.52   1.55  -1  -1    38.96     3  4   0.0  0   0.0  0
       1.4         0.2         0.1         0.1
-176.00871    51.29638     2.549   59.00  66.00  0.2600E+12    6.27   1.55  -1  -1    36.29     8  4   0.0  0   0.0  0
       5.0         0.1         0.1         0.1
-175.94713    51.31957     2.549   59.00  66.00  0.2600E+12    7.19   1.55  -1  -1    36.19     3  4   0.0  0   0.0  0
       1.5         0.4         0.1         0.1
