2.0
#
# http://equake-rc.info/static/paper/SRF-Description-Graves_2.0.pdf
# RECTANGULAR fault MODEL
#
# All subfaults are   5.0 km long along strike and
#   9.0 km wide along dip
#
# Model length along strike is   45.0 km
#
# Model width along dip is   45.0 km
#
# Corners of the rectangular dislocation model (lat, lon):
#     50.960  -175.759 : corner 1
#     50.891  -176.396 : corner 2
#     51.252  -176.495 : corner 3
#     51.320  -175.857 : corner 4
#
#
# Number of elementary sliprate
# isoceles triangular functions
# per subfault:   4
#
# Half duration of elementary sliprate
# isoceles triangular functions (s):   1.55
# Triangles are overlapping each other by half
#
# slip rate unit: cm/s
#
#
# Seismic moment is converted into slip
# using a single constant value for the
# shear modulus mu of  0.250E+12 dyne/cm2
# assumed to be constant and characteristic
# of the fault shear zone
#
#
#
# "rake" (degrees) is the slip angle (Aki"s convention,
# e.g. rake=+45 means left-lateral-reverse movement.
#
#
# ************************************************
# Total seismic moment M0=  0.182E+26 dyne.cm
# ************************************************
#
#
PLANE 1
-176.07750    50.92550    9    5    45.000    45.000
260.28  25.54     3.220     0.000    31.496
POINTS   45
-176.14650    51.17780    16.800  260.28  25.54  0.4500E+12    0.00   1.55  -1  -1   119.72    34  4   0.0  0   0.0  0
      19.7         0.8         0.6         1.0
-175.95378    51.27272    20.680  260.28  25.54  0.4500E+12    6.89   1.55  -1  -1    64.71     5  4   0.0  0   0.0  0
       0.0         0.1         1.4         1.8
-176.02458    51.26511    20.680  260.28  25.54  0.4500E+12    6.88   1.55  -1  -1    83.45     4  4   0.0  0   0.0  0
       0.1         0.1         1.2         1.1
-176.09540    51.25750    20.680  260.28  25.54  0.4500E+12    6.46   1.55  -1  -1    91.81     5  4   0.0  0   0.0  0
       0.1         0.1         2.2         0.8
-176.16621    51.24990    20.680  260.28  25.54  0.4500E+12    7.03   1.55  -1  -1    95.82     7  4   0.0  0   0.0  0
       0.0         0.4         1.7         2.1
-176.23701    51.24229    20.680  260.28  25.54  0.4500E+12    7.06   1.55  -1  -1   115.58     7  4   0.0  0   0.0  0
       0.1         0.1         0.9         3.6
-176.30783    51.23468    20.680  260.28  25.54  0.4500E+12    6.71   1.55  -1  -1   142.25     7  4   0.0  0   0.0  0
       0.1         0.1         0.1         4.4
-176.37863    51.22707    20.680  260.28  25.54  0.4500E+12    6.85   1.55  -1  -1   153.06     2  4   0.0  0   0.0  0
       0.0         0.0         0.1         1.1
-176.44945    51.21947    20.680  260.28  25.54  0.4500E+12    6.27   1.55  -1  -1    64.36     0  4   0.0  0   0.0  0
       0.0         0.0         0.0         0.0
-175.86327    51.20823    16.800  260.28  25.54  0.4500E+12    5.71   1.55  -1  -1    64.36     0  4   0.0  0   0.0  0
       0.0         0.0         0.0         0.0
-175.93407    51.20062    16.800  260.28  25.54  0.4500E+12    4.32   1.55  -1  -1    76.57     4  4   0.0  0   0.0  0
       2.0         0.1         0.2         0.1
-176.00488    51.19301    16.800  260.28  25.54  0.4500E+12    3.55   1.55  -1  -1    96.56    11  4   0.0  0   0.0  0
       6.4         0.4         0.1         0.1
-176.07568    51.18541    16.800  260.28  25.54  0.4500E+12    2.53   1.55  -1  -1   114.16    11  4   0.0  0   0.0  0
       5.3         1.3         0.7         0.1
-175.88297    51.28032    20.680  260.28  25.54  0.4500E+12    6.27   1.55  -1  -1    64.36     0  4   0.0  0   0.0  0
       0.0         0.0         0.0         0.0
-176.21732    51.17019    16.800  260.28  25.54  0.4500E+12    2.17   1.55  -1  -1   119.24     3  4   0.0  0   0.0  0
       1.7         0.1         0.1         0.1
-176.28812    51.16259    16.800  260.28  25.54  0.4500E+12    3.12   1.55  -1  -1   129.20     4  4   0.0  0   0.0  0
       1.5         0.9         0.1         0.0
-176.35893    51.15498    16.800  260.28  25.54  0.4500E+12    5.25   1.55  -1  -1   153.83     3  4   0.0  0   0.0  0
       1.0         0.3         0.1         0.3
-176.42973    51.14737    16.800  260.28  25.54  0.4500E+12    5.71   1.55  -1  -1    64.36     0  4   0.0  0   0.0  0
       0.0         0.0         0.0         0.0
-175.84355    51.13613    12.920  260.28  25.54  0.4500E+12    6.27   1.55  -1  -1    64.36     0  4   0.0  0   0.0  0
       0.0         0.0         0.0         0.0
-175.91437    51.12852    12.920  260.28  25.54  0.4500E+12    5.14   1.55  -1  -1    82.14     1  4   0.0  0   0.0  0
       0.3         0.0         0.1         0.1
-175.98517    51.12092    12.920  260.28  25.54  0.4500E+12    4.08   1.55  -1  -1   149.32     3  4   0.0  0   0.0  0
       1.8         0.1         0.1         0.1
-176.05598    51.11331    12.920  260.28  25.54  0.4500E+12    3.06   1.55  -1  -1   124.71     4  4   0.0  0   0.0  0
       1.8         0.3         0.1         0.0
-176.12679    51.10570    12.920  260.28  25.54  0.4500E+12    2.85   1.55  -1  -1   126.10     6  4   0.0  0   0.0  0
       3.8         0.1         0.1         0.1
-176.19760    51.09809    12.920  260.28  25.54  0.4500E+12    3.15   1.55  -1  -1   153.86     9  4   0.0  0   0.0  0
       5.5         0.1         0.1         0.0
-176.26842    51.09049    12.920  260.28  25.54  0.4500E+12    3.86   1.55  -1  -1   143.71     1  4   0.0  0   0.0  0
       0.6         0.1         0.1         0.1
-176.33922    51.08288    12.920  260.28  25.54  0.4500E+12    5.10   1.55  -1  -1   153.20     1  4   0.0  0   0.0  0
       0.4         0.1         0.1         0.1
-176.41003    51.07528    12.920  260.28  25.54  0.4500E+12    6.27   1.55  -1  -1    64.36     0  4   0.0  0   0.0  0
       0.0         0.0         0.0         0.0
-175.82385    51.06403     9.040  260.28  25.54  0.4500E+12    7.19   1.55  -1  -1    64.36     0  4   0.0  0   0.0  0
       0.0         0.0         0.0         0.0
-175.89465    51.05643     9.040  260.28  25.54  0.4500E+12    7.12   1.55  -1  -1   102.19     0  4   0.0  0   0.0  0
       0.0         0.1         0.1         0.1
-175.96547    51.04882     9.040  260.28  25.54  0.4500E+12    6.96   1.55  -1  -1   138.78     0  4   0.0  0   0.0  0
       0.1         0.0         0.1         0.1
-176.03627    51.04121     9.040  260.28  25.54  0.4500E+12    6.94   1.55  -1  -1   134.34     0  4   0.0  0   0.0  0
       0.1         0.1         0.1         0.1
-176.10709    51.03361     9.040  260.28  25.54  0.4500E+12    7.11   1.55  -1  -1   152.86     0  4   0.0  0   0.0  0
       0.0         0.1         0.1         0.1
-176.17789    51.02600     9.040  260.28  25.54  0.4500E+12    7.18   1.55  -1  -1   137.57     0  4   0.0  0   0.0  0
       0.1         0.0         0.1         0.1
-176.24870    51.01839     9.040  260.28  25.54  0.4500E+12    6.68   1.55  -1  -1   153.35     0  4   0.0  0   0.0  0
       0.1         0.0         0.0         0.1
-176.31952    51.01078     9.040  260.28  25.54  0.4500E+12    7.18   1.55  -1  -1   151.00     0  4   0.0  0   0.0  0
       0.1         0.0         0.1         0.1
-176.39032    51.00318     9.040  260.28  25.54  0.4500E+12    7.19   1.55  -1  -1    64.36     0  4   0.0  0   0.0  0
       0.0         0.0         0.0         0.0
-175.80414    50.99194     5.160  260.28  25.54  0.4500E+12    7.19   1.55  -1  -1    64.36     0  4   0.0  0   0.0  0
       0.0         0.0         0.0         0.0
-175.87495    50.98433     5.160  260.28  25.54  0.4500E+12    7.19   1.55  -1  -1   125.67     8  4   0.0  0   0.0  0
       0.1         1.8         0.2         3.3
-175.94576    50.97672     5.160  260.28  25.54  0.4500E+12    7.19   1.55  -1  -1   105.31     6  4   0.0  0   0.0  0
       0.1         2.1         0.3         1.3
-176.01657    50.96912     5.160  260.28  25.54  0.4500E+12    7.19   1.55  -1  -1    97.41     4  4   0.0  0   0.0  0
       0.1         0.8         0.9         0.9
-176.08737    50.96151     5.160  260.28  25.54  0.4500E+12    7.19   1.55  -1  -1   116.75     2  4   0.0  0   0.0  0
       0.1         0.1         0.5         0.5
-176.15819    50.95390     5.160  260.28  25.54  0.4500E+12    7.19   1.55  -1  -1   139.89     1  4   0.0  0   0.0  0
       0.1         0.1         0.1         0.1
-176.22899    50.94630     5.160  260.28  25.54  0.4500E+12    7.19   1.55  -1  -1   153.44     3  4   0.0  0   0.0  0
       0.1         0.3         1.4         0.5
-176.29980    50.93869     5.160  260.28  25.54  0.4500E+12    7.19   1.55  -1  -1   136.98     4  4   0.0  0   0.0  0
       0.1         0.1         0.2         2.2
-176.37062    50.93108     5.160  260.28  25.54  0.4500E+12    7.19   1.55  -1  -1    64.36     0  4   0.0  0   0.0  0
       0.0         0.0         0.0         0.0
