2.0
#
# http://equake-rc.info/static/paper/SRF-Description-Graves_2.0.pdf
# RECTANGULAR fault MODEL
#
# All subfaults are   7.0 km long along strike and
#   3.7 km wide along dip
#
# Model length along strike is   77.0 km
#
# Model width along dip is   18.5 km
#
# Corners of the rectangular dislocation model (lat, lon):
#     16.852   -59.546 : corner 1
#     16.161   -59.596 : corner 2
#     16.166   -59.672 : corner 3
#     16.857   -59.622 : corner 4
#
#
# Number of elementary sliprate
# isoceles triangular functions
# per subfault:   4
#
# Half duration of elementary sliprate
# isoceles triangular functions (s):   1.95
# Triangles are overlapping each other by half
#
# slip rate unit: cm/s
#
#
# Seismic moment is converted into slip
# using a single constant value for the
# shear modulus mu of  0.250E+12 dyne/cm2
# assumed to be constant and characteristic
# of the fault shear zone
#
#
#
# "rake" (degrees) is the slip angle (Aki"s convention,
# e.g. rake=+45 means left-lateral-reverse movement.
#
#
# ************************************************
# Total seismic moment M0=  0.909E+26 dyne.cm
# ************************************************
#
#
PLANE 1
 -59.57100    16.50650   11    5    77.000    18.500
184.00  64.00     0.086     0.000     9.250
POINTS   55
 -59.60920    16.50920     8.400  184.00  64.00  0.2590E+12    0.00   1.95  -1  -1   -48.22    71  4   0.0  0   0.0  0
      35.6         0.1         0.2         0.4
 -59.62123    16.76240    15.051  184.00  64.00  0.2590E+12    9.85   1.95  -1  -1   -98.05    11  4   0.0  0   0.0  0
       4.8         0.5         0.1         0.1
 -59.62581    16.69961    15.051  184.00  64.00  0.2590E+12    7.71   1.95  -1  -1   -97.29    21  4   0.0  0   0.0  0
       6.7         2.5         1.0         0.4
 -59.63039    16.63682    15.051  184.00  64.00  0.2590E+12    4.92   1.95  -1  -1   -99.41    20  4   0.0  0   0.0  0
       1.5         3.6         4.9         0.4
 -59.63497    16.57403    15.051  184.00  64.00  0.2590E+12    5.93   1.95  -1  -1   -87.74    25  4   0.0  0   0.0  0
       0.5         0.9         3.5         7.9
 -59.63955    16.51123    15.051  184.00  64.00  0.2590E+12    7.25   1.95  -1  -1   -79.18    15  4   0.0  0   0.0  0
       2.5         0.9         2.3         2.1
 -59.64413    16.44844    15.051  184.00  64.00  0.2590E+12    7.91   1.95  -1  -1   -57.14    14  4   0.0  0   0.0  0
       2.7         3.3         0.4         0.6
 -59.64871    16.38565    15.051  184.00  64.00  0.2590E+12    7.44   1.95  -1  -1   -47.06    20  4   0.0  0   0.0  0
       2.8         2.7         1.4         3.2
 -59.65329    16.32286    15.051  184.00  64.00  0.2590E+12    7.45   1.95  -1  -1   -35.17    33  4   0.0  0   0.0  0
       3.9         8.8         3.6         0.7
 -59.65787    16.26007    15.051  184.00  64.00  0.2590E+12    9.39   1.95  -1  -1   -30.78    35  4   0.0  0   0.0  0
      10.6         6.0         0.9         0.6
 -59.66245    16.19728    15.051  184.00  64.00  0.2590E+12   10.26   1.95  -1  -1   -39.28    18  4   0.0  0   0.0  0
       6.3         1.6         0.6         0.5
 -59.60147    16.82417    11.726  184.00  64.00  0.2590E+12   10.06   1.95  -1  -1  -116.00     0  4   0.0  0   0.0  0
       0.0         0.0         0.0         0.0
 -59.60606    16.76138    11.726  184.00  64.00  0.2590E+12    9.61   1.95  -1  -1   -98.42     5  4   0.0  0   0.0  0
       0.3         1.3         0.9         0.1
 -59.61064    16.69859    11.726  184.00  64.00  0.2590E+12    9.86   1.95  -1  -1   -93.99     5  4   0.0  0   0.0  0
       1.1         0.7         0.4         0.1
 -59.61522    16.63580    11.726  184.00  64.00  0.2590E+12    6.49   1.95  -1  -1   -97.78     6  4   0.0  0   0.0  0
       1.9         0.6         0.3         0.3
 -59.61980    16.57301    11.726  184.00  64.00  0.2590E+12    5.62   1.95  -1  -1   -96.36    10  4   0.0  0   0.0  0
       1.9         1.5         1.3         0.3
 -59.62437    16.51022    11.726  184.00  64.00  0.2590E+12    1.26   1.95  -1  -1   -58.98    59  4   0.0  0   0.0  0
      29.8         0.3         0.3         0.1
 -59.62896    16.44742    11.726  184.00  64.00  0.2590E+12    6.20   1.95  -1  -1   -62.66     7  4   0.0  0   0.0  0
       1.5         1.8         0.2         0.4
 -59.63353    16.38463    11.726  184.00  64.00  0.2590E+12    4.84   1.95  -1  -1   -44.14     6  4   0.0  0   0.0  0
       0.8         1.2         0.5         0.7
 -59.63811    16.32184    11.726  184.00  64.00  0.2590E+12    6.78   1.95  -1  -1   -39.45    16  4   0.0  0   0.0  0
       6.8         0.3         0.5         0.5
 -59.64269    16.25905    11.726  184.00  64.00  0.2590E+12    8.89   1.95  -1  -1   -34.66    24  4   0.0  0   0.0  0
       9.0         0.6         0.7         2.1
 -59.64727    16.19626    11.726  184.00  64.00  0.2590E+12   10.15   1.95  -1  -1   -60.11     9  4   0.0  0   0.0  0
       1.4         0.3         0.7         2.1
 -59.58630    16.82316     8.400  184.00  64.00  0.2590E+12   10.00   1.95  -1  -1  -116.00     0  4   0.0  0   0.0  0
       0.0         0.0         0.0         0.0
 -59.59088    16.76037     8.400  184.00  64.00  0.2590E+12    8.23   1.95  -1  -1  -102.47    26  4   0.0  0   0.0  0
       0.3         4.9         7.9         0.2
 -59.59546    16.69757     8.400  184.00  64.00  0.2590E+12    7.86   1.95  -1  -1   -89.29    25  4   0.0  0   0.0  0
       0.9         3.8         5.4         2.6
 -59.60004    16.63478     8.400  184.00  64.00  0.2590E+12    4.48   1.95  -1  -1   -97.66    30  4   0.0  0   0.0  0
       7.8         2.0         5.1         0.4
 -59.60462    16.57199     8.400  184.00  64.00  0.2590E+12    4.66   1.95  -1  -1   -98.29    44  4   0.0  0   0.0  0
       9.4         8.5         3.6         1.0
 -59.61665    16.82519    15.051  184.00  64.00  0.2590E+12   10.22   1.95  -1  -1  -116.00     0  4   0.0  0   0.0  0
       0.0         0.0         0.0         0.0
 -59.61378    16.44641     8.400  184.00  64.00  0.2590E+12    5.64   1.95  -1  -1   -65.00    26  4   0.0  0   0.0  0
       4.1         2.2         5.3         1.9
 -59.61836    16.38362     8.400  184.00  64.00  0.2590E+12    9.05   1.95  -1  -1   -57.20    22  4   0.0  0   0.0  0
       0.8         1.4         4.3         4.9
 -59.62294    16.32082     8.400  184.00  64.00  0.2590E+12    6.19   1.95  -1  -1   -47.70    30  4   0.0  0   0.0  0
       7.8         1.6         2.3         3.5
 -59.62752    16.25803     8.400  184.00  64.00  0.2590E+12    9.67   1.95  -1  -1   -62.80    37  4   0.0  0   0.0  0
       0.2         0.3         3.5        14.9
 -59.63210    16.19524     8.400  184.00  64.00  0.2590E+12   10.05   1.95  -1  -1   -62.53    40  4   0.0  0   0.0  0
       0.2         0.2         1.1        19.0
 -59.57113    16.82214     5.074  184.00  64.00  0.2590E+12   10.06   1.95  -1  -1  -116.00     0  4   0.0  0   0.0  0
       0.0         0.0         0.0         0.0
 -59.57571    16.75935     5.074  184.00  64.00  0.2590E+12    9.34   1.95  -1  -1   -82.71    15  4   0.0  0   0.0  0
       0.2         0.3         7.1         0.1
 -59.58028    16.69656     5.074  184.00  64.00  0.2590E+12    7.92   1.95  -1  -1   -89.63    21  4   0.0  0   0.0  0
       1.3         0.4         4.9         4.0
 -59.58487    16.63377     5.074  184.00  64.00  0.2590E+12    9.39   1.95  -1  -1   -86.57    29  4   0.0  0   0.0  0
       0.3         0.6         4.6         9.2
 -59.58944    16.57097     5.074  184.00  64.00  0.2590E+12    3.95   1.95  -1  -1   -80.64    49  4   0.0  0   0.0  0
      17.2         4.7         0.9         2.6
 -59.59402    16.50818     5.074  184.00  64.00  0.2590E+12    1.39   1.95  -1  -1   -56.17    59  4   0.0  0   0.0  0
      24.9         2.8         2.1         0.2
 -59.59860    16.44539     5.074  184.00  64.00  0.2590E+12    3.08   1.95  -1  -1   -65.39    47  4   0.0  0   0.0  0
      10.3        11.9         2.0         0.1
 -59.60318    16.38260     5.074  184.00  64.00  0.2590E+12    5.04   1.95  -1  -1   -55.22    23  4   0.0  0   0.0  0
       9.0         0.6         0.2         1.8
 -59.60776    16.31981     5.074  184.00  64.00  0.2590E+12    9.32   1.95  -1  -1   -55.50    14  4   0.0  0   0.0  0
       2.4         0.7         1.8         2.0
 -59.61234    16.25702     5.074  184.00  64.00  0.2590E+12    8.91   1.95  -1  -1   -50.55    15  4   0.0  0   0.0  0
       0.9         2.4         0.7         3.6
 -59.61692    16.19422     5.074  184.00  64.00  0.2590E+12   10.13   1.95  -1  -1   -51.11    19  4   0.0  0   0.0  0
       0.8         0.2         0.2         8.6
 -59.55595    16.82112     1.749  184.00  64.00  0.2590E+12   10.22   1.95  -1  -1  -116.00     0  4   0.0  0   0.0  0
       0.0         0.0         0.0         0.0
 -59.56053    16.75833     1.749  184.00  64.00  0.2590E+12    9.51   1.95  -1  -1   -90.04    21  4   0.0  0   0.0  0
       4.9         4.1         1.0         0.4
 -59.56511    16.69554     1.749  184.00  64.00  0.2590E+12    7.51   1.95  -1  -1   -90.49    34  4   0.0  0   0.0  0
       5.4         8.4         3.3         0.2
 -59.56969    16.63275     1.749  184.00  64.00  0.2590E+12    7.59   1.95  -1  -1   -92.36    42  4   0.0  0   0.0  0
       8.8         8.1         4.1         0.4
 -59.57427    16.56996     1.749  184.00  64.00  0.2590E+12    6.22   1.95  -1  -1   -83.42    63  4   0.0  0   0.0  0
       9.4        11.5         6.0         5.2
 -59.57885    16.50716     1.749  184.00  64.00  0.2590E+12    2.41   1.95  -1  -1   -77.88    89  4   0.0  0   0.0  0
      32.9         0.5         1.7        10.6
 -59.58343    16.44437     1.749  184.00  64.00  0.2590E+12    3.05   1.95  -1  -1   -72.81    55  4   0.0  0   0.0  0
      10.6        10.4         1.1         6.1
 -59.58801    16.38158     1.749  184.00  64.00  0.2590E+12    7.68   1.95  -1  -1   -68.31    40  4   0.0  0   0.0  0
       7.8         5.9         3.6         3.3
 -59.59259    16.31879     1.749  184.00  64.00  0.2590E+12    7.35   1.95  -1  -1   -64.80    30  4   0.0  0   0.0  0
       3.7         4.6         6.8         0.1
 -59.59717    16.25600     1.749  184.00  64.00  0.2590E+12    9.31   1.95  -1  -1   -67.91    18  4   0.0  0   0.0  0
       3.1         5.5         0.2         0.5
 -59.60175    16.19320     1.749  184.00  64.00  0.2590E+12   10.25   1.95  -1  -1   -46.64    15  4   0.0  0   0.0  0
       4.2         0.5         0.4         2.5
