2.0
#
# http://equake-rc.info/static/paper/SRF-Description-Graves_2.0.pdf
# RECTANGULAR fault MODEL
#
# All subfaults are   5.0 km long along strike and
#   4.7 km wide along dip
#
# Model length along strike is   45.0 km
#
# Model width along dip is   23.5 km
#
# Corners of the rectangular dislocation model (lat, lon):
#     39.081    28.247 : corner 1
#     39.266    27.782 : corner 2
#     39.399    27.870 : corner 3
#     39.214    28.335 : corner 4
#
#
# Number of elementary sliprate
# isoceles triangular functions
# per subfault:   4
#
# Half duration of elementary sliprate
# isoceles triangular functions (s):   1.43
# Triangles are overlapping each other by half
#
# slip rate unit: cm/s
#
#
# Seismic moment is converted into slip
# using a single constant value for the
# shear modulus mu of  0.250E+12 dyne/cm2
# assumed to be constant and characteristic
# of the fault shear zone
#
#
#
# "rake" (degrees) is the slip angle (Aki"s convention,
# e.g. rake=+45 means left-lateral-reverse movement.
#
#
# ************************************************
# Total seismic moment M0=  0.182E+26 dyne.cm
# ************************************************
#
#
PLANE 1
  28.01450    39.17350    9    5    45.000    23.500
297.17  45.03     0.086     0.000    11.750
POINTS   45
  28.05870    39.24030     8.400  297.17  45.03  0.2350E+12    0.00   1.43  -1  -1   -86.67    57  4   0.0  0   0.0  0
      34.7         5.0         0.2         0.1
  28.24908    39.23183    15.051  297.17  45.03  0.2350E+12    5.83   1.43  -1  -1   -92.46     0  4   0.0  0   0.0  0
       0.1         0.1         0.1         0.1
  28.19738    39.25239    15.051  297.17  45.03  0.2350E+12    6.17   1.43  -1  -1   -93.25     1  4   0.0  0   0.0  0
       0.1         0.1         0.1         0.2
  28.14567    39.27295    15.051  297.17  45.03  0.2350E+12    6.26   1.43  -1  -1  -116.00     2  4   0.0  0   0.0  0
       0.6         0.1         0.3         0.1
  28.09396    39.29350    15.051  297.17  45.03  0.2350E+12    3.17   1.43  -1  -1   -83.93     3  4   0.0  0   0.0  0
       1.9         0.0         0.1         0.1
  28.04226    39.31406    15.051  297.17  45.03  0.2350E+12    3.08   1.43  -1  -1   -60.13     4  4   0.0  0   0.0  0
       2.8         0.0         0.1         0.1
  27.99055    39.33462    15.051  297.17  45.03  0.2350E+12    6.13   1.43  -1  -1   -61.04     1  4   0.0  0   0.0  0
       0.1         0.1         0.1         0.2
  27.93884    39.35518    15.051  297.17  45.03  0.2350E+12    5.06   1.43  -1  -1  -137.00     0  4   0.0  0   0.0  0
       0.0         0.0         0.0         0.0
  27.88714    39.37573    15.051  297.17  45.03  0.2350E+12    6.31   1.43  -1  -1  -137.00     0  4   0.0  0   0.0  0
       0.0         0.0         0.0         0.0
  28.28316    39.18467    11.725  297.17  45.03  0.2350E+12    5.87   1.43  -1  -1  -137.00     0  4   0.0  0   0.0  0
       0.0         0.0         0.0         0.0
  28.23145    39.20523    11.725  297.17  45.03  0.2350E+12    4.91   1.43  -1  -1   -88.62     7  4   0.0  0   0.0  0
       4.6         0.1         0.1         0.1
  28.17974    39.22579    11.725  297.17  45.03  0.2350E+12    3.28   1.43  -1  -1   -95.71     6  4   0.0  0   0.0  0
       2.9         0.1         0.5         0.8
  28.12804    39.24635    11.725  297.17  45.03  0.2350E+12    5.30   1.43  -1  -1   -87.43     4  4   0.0  0   0.0  0
       1.2         0.2         1.3         0.2
  28.07633    39.26690    11.725  297.17  45.03  0.2350E+12    1.37   1.43  -1  -1  -100.34    29  4   0.0  0   0.0  0
      19.3         0.8         0.1         0.1
  28.02463    39.28746    11.725  297.17  45.03  0.2350E+12    2.05   1.43  -1  -1   -68.58    15  4   0.0  0   0.0  0
       3.5         3.9         3.1         0.1
  27.97292    39.30801    11.725  297.17  45.03  0.2350E+12    6.36   1.43  -1  -1   -71.21     1  4   0.0  0   0.0  0
       0.5         0.2         0.1         0.1
  27.92121    39.32857    11.725  297.17  45.03  0.2350E+12    4.49   1.43  -1  -1  -137.00     0  4   0.0  0   0.0  0
       0.0         0.0         0.0         0.0
  27.86950    39.34913    11.725  297.17  45.03  0.2350E+12    5.87   1.43  -1  -1  -137.00     0  4   0.0  0   0.0  0
       0.0         0.0         0.0         0.0
  28.26553    39.15807     8.400  297.17  45.03  0.2350E+12    5.71   1.43  -1  -1  -137.00     0  4   0.0  0   0.0  0
       0.0         0.0         0.0         0.0
  28.21382    39.17863     8.400  297.17  45.03  0.2350E+12    4.29   1.43  -1  -1  -131.44    13  4   0.0  0   0.0  0
       8.7         0.1         0.1         0.1
  28.16211    39.19918     8.400  297.17  45.03  0.2350E+12    2.95   1.43  -1  -1  -102.81    24  4   0.0  0   0.0  0
      16.5         0.1         0.1         0.1
  28.11041    39.21974     8.400  297.17  45.03  0.2350E+12    1.78   1.43  -1  -1   -96.30    39  4   0.0  0   0.0  0
      26.6         0.1         0.1         0.1
  28.30079    39.21127    15.051  297.17  45.03  0.2350E+12    6.31   1.43  -1  -1  -137.00     0  4   0.0  0   0.0  0
       0.0         0.0         0.0         0.0
  28.00699    39.26086     8.400  297.17  45.03  0.2350E+12    3.90   1.43  -1  -1   -68.99    26  4   0.0  0   0.0  0
       7.8         4.2         5.7         0.2
  27.95529    39.28141     8.400  297.17  45.03  0.2350E+12    5.00   1.43  -1  -1   -70.00    11  4   0.0  0   0.0  0
       2.4         1.7         3.4         0.1
  27.90358    39.30197     8.400  297.17  45.03  0.2350E+12    4.29   1.43  -1  -1  -137.00     0  4   0.0  0   0.0  0
       0.0         0.0         0.0         0.0
  27.85187    39.32253     8.400  297.17  45.03  0.2350E+12    5.71   1.43  -1  -1  -137.00     0  4   0.0  0   0.0  0
       0.0         0.0         0.0         0.0
  28.24790    39.13147     5.075  297.17  45.03  0.2350E+12    5.87   1.43  -1  -1  -137.00     0  4   0.0  0   0.0  0
       0.0         0.0         0.0         0.0
  28.19619    39.15203     5.075  297.17  45.03  0.2350E+12    4.60   1.43  -1  -1   -77.79     0  4   0.0  0   0.0  0
       0.1         0.1         0.1         0.0
  28.14448    39.17258     5.075  297.17  45.03  0.2350E+12    6.01   1.43  -1  -1   -78.73     1  4   0.0  0   0.0  0
       0.1         0.3         0.4         0.1
  28.09278    39.19314     5.075  297.17  45.03  0.2350E+12    4.20   1.43  -1  -1   -48.00     6  4   0.0  0   0.0  0
       0.1         1.4         1.5         1.1
  28.04107    39.21370     5.075  297.17  45.03  0.2350E+12    2.96   1.43  -1  -1  -104.70     9  4   0.0  0   0.0  0
       3.6         1.9         0.4         0.1
  27.98936    39.23425     5.075  297.17  45.03  0.2350E+12    1.99   1.43  -1  -1   -91.34    23  4   0.0  0   0.0  0
      11.9         3.4         0.6         0.1
  27.93766    39.25481     5.075  297.17  45.03  0.2350E+12    3.35   1.43  -1  -1   -91.27    10  4   0.0  0   0.0  0
       6.5         0.1         0.1         0.1
  27.88595    39.27537     5.075  297.17  45.03  0.2350E+12    4.49   1.43  -1  -1  -137.00     0  4   0.0  0   0.0  0
       0.0         0.0         0.0         0.0
  27.83424    39.29593     5.075  297.17  45.03  0.2350E+12    5.87   1.43  -1  -1  -137.00     0  4   0.0  0   0.0  0
       0.0         0.0         0.0         0.0
  28.23026    39.10487     1.749  297.17  45.03  0.2350E+12    6.31   1.43  -1  -1  -137.00     0  4   0.0  0   0.0  0
       0.0         0.0         0.0         0.0
  28.17856    39.12542     1.749  297.17  45.03  0.2350E+12    5.14   1.43  -1  -1   -48.47     2  4   0.0  0   0.0  0
       0.0         0.4         0.8         0.4
  28.12685    39.14598     1.749  297.17  45.03  0.2350E+12    5.14   1.43  -1  -1   -48.31     6  4   0.0  0   0.0  0
       0.0         0.8         2.3         0.8
  28.07514    39.16654     1.749  297.17  45.03  0.2350E+12    5.48   1.43  -1  -1   -52.64     2  4   0.0  0   0.0  0
       0.1         0.1         0.8         0.8
  28.02344    39.18710     1.749  297.17  45.03  0.2350E+12    2.69   1.43  -1  -1   -71.09     3  4   0.0  0   0.0  0
       1.6         0.1         0.1         0.1
  27.97173    39.20765     1.749  297.17  45.03  0.2350E+12    3.04   1.43  -1  -1   -98.12     6  4   0.0  0   0.0  0
       4.1         0.1         0.1         0.1
  27.92002    39.22821     1.749  297.17  45.03  0.2350E+12    3.92   1.43  -1  -1   -84.15     0  4   0.0  0   0.0  0
       0.1         0.0         0.1         0.0
  27.86832    39.24877     1.749  297.17  45.03  0.2350E+12    5.06   1.43  -1  -1  -137.00     0  4   0.0  0   0.0  0
       0.0         0.0         0.0         0.0
  27.81661    39.26933     1.749  297.17  45.03  0.2350E+12    6.31   1.43  -1  -1  -137.00     0  4   0.0  0   0.0  0
       0.0         0.0         0.0         0.0
