2.0
#
# http://equake-rc.info/static/paper/SRF-Description-Graves_2.0.pdf
# RECTANGULAR fault MODEL
#
# All subfaults are   3.0 km long along strike and
#   5.0 km wide along dip
#
# Model length along strike is   27.0 km
#
# Model width along dip is   25.0 km
#
# Corners of the rectangular dislocation model (lat, lon):
#     23.360   121.776 : corner 1
#     23.188   121.589 : corner 2
#     23.300   121.466 : corner 3
#     23.472   121.653 : corner 4
#
#
# Number of elementary sliprate
# isoceles triangular functions
# per subfault:   4
#
# Half duration of elementary sliprate
# isoceles triangular functions (s):   1.17
# Triangles are overlapping each other by half
#
# slip rate unit: cm/s
#
#
# Seismic moment is converted into slip
# using a single constant value for the
# shear modulus mu of  0.250E+12 dyne/cm2
# assumed to be constant and characteristic
# of the fault shear zone
#
#
#
# "rake" (degrees) is the slip angle (Aki"s convention,
# e.g. rake=+45 means left-lateral-reverse movement.
#
#
# ************************************************
# Total seismic moment M0=  0.386E+25 dyne.cm
# ************************************************
#
#
PLANE 1
 121.68250    23.27400    9    5    27.000    25.000
225.00  45.00    23.661     0.000    12.500
POINTS   45
 121.62100    23.33000    32.500  225.00  45.00  0.1500E+12    0.00   1.17  -1  -1   121.40    20  4   0.0  0   0.0  0
      17.3         0.0         0.0         0.0
 121.63436    23.43223    39.571  225.00  45.00  0.1500E+12    4.17   1.17  -1  -1    92.06     0  4   0.0  0   0.0  0
       0.2         0.0         0.0         0.0
 121.61359    23.41314    39.571  225.00  45.00  0.1500E+12    3.65   1.17  -1  -1    86.19     0  4   0.0  0   0.0  0
       0.0         0.0         0.0         0.0
 121.59280    23.39406    39.571  225.00  45.00  0.1500E+12    3.11   1.17  -1  -1   143.46     9  4   0.0  0   0.0  0
       7.6         0.0         0.0         0.0
 121.57202    23.37498    39.571  225.00  45.00  0.1500E+12    2.98   1.17  -1  -1   146.58     8  4   0.0  0   0.0  0
       7.0         0.2         0.0         0.0
 121.55124    23.35590    39.571  225.00  45.00  0.1500E+12    3.92   1.17  -1  -1   115.31     1  4   0.0  0   0.0  0
       0.2         0.0         0.3         0.0
 121.53046    23.33681    39.571  225.00  45.00  0.1500E+12    3.95   1.17  -1  -1    76.17     2  4   0.0  0   0.0  0
       1.8         0.0         0.0         0.0
 121.50967    23.31773    39.571  225.00  45.00  0.1500E+12    3.96   1.17  -1  -1    64.48     7  4   0.0  0   0.0  0
       5.4         0.0         0.1         0.2
 121.48889    23.29865    39.571  225.00  45.00  0.1500E+12    4.68   1.17  -1  -1    64.56     4  4   0.0  0   0.0  0
       0.1         0.3         0.4         2.8
 121.67963    23.42882    36.036  225.00  45.00  0.1500E+12    3.71   1.17  -1  -1    64.40     0  4   0.0  0   0.0  0
       0.0         0.0         0.0         0.0
 121.65886    23.40974    36.036  225.00  45.00  0.1500E+12    4.58   1.17  -1  -1   117.78     0  4   0.0  0   0.0  0
       0.0         0.0         0.0         0.3
 121.63808    23.39065    36.036  225.00  45.00  0.1500E+12    3.58   1.17  -1  -1   132.68     0  4   0.0  0   0.0  0
       0.1         0.0         0.0         0.0
 121.61729    23.37157    36.036  225.00  45.00  0.1500E+12    1.96   1.17  -1  -1   118.23     5  4   0.0  0   0.0  0
       4.3         0.0         0.0         0.0
 121.59651    23.35249    36.036  225.00  45.00  0.1500E+12    1.46   1.17  -1  -1   132.50     2  4   0.0  0   0.0  0
       1.6         0.0         0.0         0.0
 121.57573    23.33341    36.036  225.00  45.00  0.1500E+12    3.26   1.17  -1  -1    75.82     0  4   0.0  0   0.0  0
       0.0         0.0         0.0         0.0
 121.55495    23.31432    36.036  225.00  45.00  0.1500E+12    3.80   1.17  -1  -1    98.36     0  4   0.0  0   0.0  0
       0.0         0.0         0.0         0.0
 121.53416    23.29524    36.036  225.00  45.00  0.1500E+12    3.97   1.17  -1  -1    66.10     0  4   0.0  0   0.0  0
       0.3         0.0         0.0         0.0
 121.51338    23.27616    36.036  225.00  45.00  0.1500E+12    3.96   1.17  -1  -1    64.44     8  4   0.0  0   0.0  0
       6.6         0.0         0.0         0.0
 121.70413    23.40633    32.500  225.00  45.00  0.1500E+12    3.43   1.17  -1  -1    64.40     0  4   0.0  0   0.0  0
       0.0         0.0         0.0         0.0
 121.68335    23.38725    32.500  225.00  45.00  0.1500E+12    4.54   1.17  -1  -1   132.70     1  4   0.0  0   0.0  0
       0.0         0.0         0.0         0.3
 121.66257    23.36817    32.500  225.00  45.00  0.1500E+12    4.65   1.17  -1  -1   128.18     0  4   0.0  0   0.0  0
       0.0         0.0         0.0         0.0
 121.64178    23.34908    32.500  225.00  45.00  0.1500E+12    0.98   1.17  -1  -1   101.84    19  4   0.0  0   0.0  0
      16.1         0.0         0.0         0.0
 121.65514    23.45131    39.571  225.00  45.00  0.1500E+12    4.46   1.17  -1  -1    64.40     0  4   0.0  0   0.0  0
       0.0         0.0         0.0         0.0
 121.60022    23.31092    32.500  225.00  45.00  0.1500E+12    0.88   1.17  -1  -1    97.36     4  4   0.0  0   0.0  0
       3.3         0.0         0.0         0.0
 121.57944    23.29183    32.500  225.00  45.00  0.1500E+12    4.18   1.17  -1  -1    64.82     0  4   0.0  0   0.0  0
       0.0         0.0         0.0         0.0
 121.55865    23.27275    32.500  225.00  45.00  0.1500E+12    3.10   1.17  -1  -1    65.57     0  4   0.0  0   0.0  0
       0.0         0.0         0.0         0.0
 121.53787    23.25367    32.500  225.00  45.00  0.1500E+12    3.57   1.17  -1  -1    79.25     0  4   0.0  0   0.0  0
       0.0         0.0         0.0         0.0
 121.72862    23.38384    28.964  225.00  45.00  0.1500E+12    3.71   1.17  -1  -1    64.40     0  4   0.0  0   0.0  0
       0.0         0.0         0.0         0.0
 121.70784    23.36476    28.964  225.00  45.00  0.1500E+12    4.65   1.17  -1  -1   134.23     0  4   0.0  0   0.0  0
       0.0         0.0         0.0         0.0
 121.68706    23.34568    28.964  225.00  45.00  0.1500E+12    4.64   1.17  -1  -1   135.29     0  4   0.0  0   0.0  0
       0.0         0.0         0.0         0.0
 121.66628    23.32659    28.964  225.00  45.00  0.1500E+12    4.55   1.17  -1  -1   100.60     0  4   0.0  0   0.0  0
       0.0         0.0         0.0         0.0
 121.64549    23.30751    28.964  225.00  45.00  0.1500E+12    4.53   1.17  -1  -1    83.67     0  4   0.0  0   0.0  0
       0.0         0.0         0.0         0.0
 121.62471    23.28843    28.964  225.00  45.00  0.1500E+12    4.63   1.17  -1  -1    69.69     0  4   0.0  0   0.0  0
       0.0         0.0         0.0         0.0
 121.60393    23.26935    28.964  225.00  45.00  0.1500E+12    3.95   1.17  -1  -1    74.43     0  4   0.0  0   0.0  0
       0.0         0.0         0.0         0.0
 121.58315    23.25026    28.964  225.00  45.00  0.1500E+12    3.12   1.17  -1  -1    68.08     0  4   0.0  0   0.0  0
       0.0         0.0         0.0         0.0
 121.56237    23.23118    28.964  225.00  45.00  0.1500E+12    3.77   1.17  -1  -1    86.78     1  4   0.0  0   0.0  0
       0.4         0.0         0.0         0.0
 121.75311    23.36135    25.429  225.00  45.00  0.1500E+12    4.46   1.17  -1  -1    64.40     0  4   0.0  0   0.0  0
       0.0         0.0         0.0         0.0
 121.73233    23.34227    25.429  225.00  45.00  0.1500E+12    4.66   1.17  -1  -1   110.39     4  4   0.0  0   0.0  0
       0.0         0.0         0.0         3.0
 121.71155    23.32319    25.429  225.00  45.00  0.1500E+12    4.53   1.17  -1  -1   113.49     3  4   0.0  0   0.0  0
       0.0         0.0         0.0         2.4
 121.69077    23.30410    25.429  225.00  45.00  0.1500E+12    4.55   1.17  -1  -1   105.02     1  4   0.0  0   0.0  0
       0.0         0.0         0.0         0.7
 121.66998    23.28502    25.429  225.00  45.00  0.1500E+12    4.63   1.17  -1  -1   106.65     0  4   0.0  0   0.0  0
       0.0         0.0         0.0         0.0
 121.64920    23.26594    25.429  225.00  45.00  0.1500E+12    4.64   1.17  -1  -1    78.26     0  4   0.0  0   0.0  0
       0.0         0.0         0.0         0.0
 121.62842    23.24686    25.429  225.00  45.00  0.1500E+12    4.63   1.17  -1  -1    99.14     0  4   0.0  0   0.0  0
       0.0         0.0         0.0         0.0
 121.60764    23.22777    25.429  225.00  45.00  0.1500E+12    4.57   1.17  -1  -1    85.80     0  4   0.0  0   0.0  0
       0.2         0.0         0.0         0.0
 121.58686    23.20869    25.429  225.00  45.00  0.1500E+12    4.51   1.17  -1  -1   121.89     0  4   0.0  0   0.0  0
       0.0         0.0         0.0         0.0
