2.0
#
# http://equake-rc.info/static/paper/SRF-Description-Graves_2.0.pdf
# RECTANGULAR fault MODEL
#
# All subfaults are   3.0 km long along strike and
#   5.0 km wide along dip
#
# Model length along strike is   27.0 km
#
# Model width along dip is   25.0 km
#
# Corners of the rectangular dislocation model (lat, lon):
#     23.248   121.471 : corner 1
#     23.479   121.555 : corner 2
#     23.431   121.709 : corner 3
#     23.201   121.625 : corner 4
#
#
# Number of elementary sliprate
# isoceles triangular functions
# per subfault:   4
#
# Half duration of elementary sliprate
# isoceles triangular functions (s):   1.17
# Triangles are overlapping each other by half
#
# slip rate unit: cm/s
#
#
# Seismic moment is converted into slip
# using a single constant value for the
# shear modulus mu of  0.250E+12 dyne/cm2
# assumed to be constant and characteristic
# of the fault shear zone
#
#
#
# "rake" (degrees) is the slip angle (Aki"s convention,
# e.g. rake=+45 means left-lateral-reverse movement.
#
#
# ************************************************
# Total seismic moment M0=  0.327E+25 dyne.cm
# ************************************************
#
#
PLANE 1
 121.51300    23.36350    9    5    27.000    25.000
 18.53  48.17    19.461     0.000    17.502
POINTS   45
 121.62100    23.33000    32.500   18.53  48.17  0.1500E+12    0.00   1.17  -1  -1    86.18    10  4   0.0  0   0.0  0
       8.8         0.0         0.0         0.0
 121.62396    23.24370    36.225   18.53  48.17  0.1500E+12    3.97   1.17  -1  -1    43.15     0  4   0.0  0   0.0  0
       0.0         0.0         0.0         0.0
 121.63330    23.26929    36.225   18.53  48.17  0.1500E+12    3.94   1.17  -1  -1    59.96     0  4   0.0  0   0.0  0
       0.2         0.0         0.0         0.1
 121.64264    23.29488    36.225   18.53  48.17  0.1500E+12    2.07   1.17  -1  -1    38.79     1  4   0.0  0   0.0  0
       0.9         0.0         0.0         0.0
 121.65198    23.32047    36.225   18.53  48.17  0.1500E+12    1.96   1.17  -1  -1    75.75     4  4   0.0  0   0.0  0
       2.9         0.1         0.0         0.8
 121.66132    23.34606    36.225   18.53  48.17  0.1500E+12    3.96   1.17  -1  -1    78.38     4  4   0.0  0   0.0  0
       1.5         0.0         0.0         1.5
 121.67065    23.37164    36.225   18.53  48.17  0.1500E+12    4.67   1.17  -1  -1    88.44     1  4   0.0  0   0.0  0
       0.2         0.0         0.0         0.9
 121.67999    23.39723    36.225   18.53  48.17  0.1500E+12    4.66   1.17  -1  -1    62.34     1  4   0.0  0   0.0  0
       0.0         0.0         0.0         1.2
 121.68933    23.42282    36.225   18.53  48.17  0.1500E+12    3.71   1.17  -1  -1    26.62     0  4   0.0  0   0.0  0
       0.0         0.0         0.0         0.0
 121.58365    23.22765    32.500   18.53  48.17  0.1500E+12    3.74   1.17  -1  -1    27.65     1  4   0.0  0   0.0  0
       0.7         0.0         0.0         0.0
 121.59299    23.25323    32.500   18.53  48.17  0.1500E+12    2.79   1.17  -1  -1    30.17     7  4   0.0  0   0.0  0
       5.6         0.0         0.0         0.0
 121.60233    23.27882    32.500   18.53  48.17  0.1500E+12    3.94   1.17  -1  -1    35.24     0  4   0.0  0   0.0  0
       0.0         0.1         0.0         0.0
 121.61166    23.30441    32.500   18.53  48.17  0.1500E+12    0.92   1.17  -1  -1    95.07     4  4   0.0  0   0.0  0
       3.5         0.0         0.0         0.0
 121.61462    23.21811    36.225   18.53  48.17  0.1500E+12    3.96   1.17  -1  -1    28.03     0  4   0.0  0   0.0  0
       0.0         0.0         0.0         0.0
 121.63034    23.35559    32.500   18.53  48.17  0.1500E+12    0.87   1.17  -1  -1    61.42    34  4   0.0  0   0.0  0
      29.0         0.0         0.0         0.0
 121.63968    23.38118    32.500   18.53  48.17  0.1500E+12    1.96   1.17  -1  -1    63.81     2  4   0.0  0   0.0  0
       1.9         0.0         0.0         0.0
 121.64902    23.40676    32.500   18.53  48.17  0.1500E+12    2.78   1.17  -1  -1   115.89     2  4   0.0  0   0.0  0
       1.4         0.1         0.0         0.0
 121.65836    23.43235    32.500   18.53  48.17  0.1500E+12    3.43   1.17  -1  -1    26.62     0  4   0.0  0   0.0  0
       0.0         0.0         0.0         0.0
 121.55267    23.23718    28.775   18.53  48.17  0.1500E+12    3.79   1.17  -1  -1    53.48     1  4   0.0  0   0.0  0
       0.7         0.0         0.0         0.0
 121.56201    23.26277    28.775   18.53  48.17  0.1500E+12    3.11   1.17  -1  -1    63.18     0  4   0.0  0   0.0  0
       0.0         0.0         0.0         0.0
 121.57135    23.28835    28.775   18.53  48.17  0.1500E+12    4.17   1.17  -1  -1    51.28     0  4   0.0  0   0.0  0
       0.0         0.0         0.0         0.0
 121.58069    23.31394    28.775   18.53  48.17  0.1500E+12    1.80   1.17  -1  -1    91.56     0  4   0.0  0   0.0  0
       0.0         0.0         0.0         0.0
 121.59003    23.33953    28.775   18.53  48.17  0.1500E+12    3.97   1.17  -1  -1    59.76     0  4   0.0  0   0.0  0
       0.0         0.0         0.0         0.0
 121.59937    23.36512    28.775   18.53  48.17  0.1500E+12    1.96   1.17  -1  -1    28.03     1  4   0.0  0   0.0  0
       0.6         0.0         0.0         0.0
 121.60870    23.39071    28.775   18.53  48.17  0.1500E+12    2.40   1.17  -1  -1    57.68     0  4   0.0  0   0.0  0
       0.2         0.0         0.0         0.0
 121.61804    23.41630    28.775   18.53  48.17  0.1500E+12    2.97   1.17  -1  -1    37.95     4  4   0.0  0   0.0  0
       3.2         0.0         0.0         0.0
 121.62738    23.44188    28.775   18.53  48.17  0.1500E+12    3.71   1.17  -1  -1    26.62     0  4   0.0  0   0.0  0
       0.0         0.0         0.0         0.0
 121.52170    23.24671    25.049   18.53  48.17  0.1500E+12    4.56   1.17  -1  -1    42.83     0  4   0.0  0   0.0  0
       0.0         0.0         0.0         0.0
 121.53104    23.27230    25.049   18.53  48.17  0.1500E+12    4.09   1.17  -1  -1    27.72     1  4   0.0  0   0.0  0
       0.3         0.0         0.0         0.0
 121.54037    23.29789    25.049   18.53  48.17  0.1500E+12    4.51   1.17  -1  -1    35.73     0  4   0.0  0   0.0  0
       0.0         0.0         0.0         0.0
 121.54971    23.32347    25.049   18.53  48.17  0.1500E+12    4.15   1.17  -1  -1    51.54     0  4   0.0  0   0.0  0
       0.0         0.0         0.0         0.0
 121.55905    23.34906    25.049   18.53  48.17  0.1500E+12    3.95   1.17  -1  -1    78.95     0  4   0.0  0   0.0  0
       0.0         0.0         0.0         0.0
 121.56839    23.37465    25.049   18.53  48.17  0.1500E+12    4.36   1.17  -1  -1   103.68     0  4   0.0  0   0.0  0
       0.0         0.0         0.0         0.0
 121.57773    23.40024    25.049   18.53  48.17  0.1500E+12    3.94   1.17  -1  -1   114.55     0  4   0.0  0   0.0  0
       0.0         0.0         0.0         0.0
 121.58706    23.42583    25.049   18.53  48.17  0.1500E+12    3.95   1.17  -1  -1    97.45     0  4   0.0  0   0.0  0
       0.0         0.0         0.0         0.0
 121.59640    23.45142    25.049   18.53  48.17  0.1500E+12    4.46   1.17  -1  -1    26.62     0  4   0.0  0   0.0  0
       0.0         0.0         0.0         0.0
 121.49072    23.25624    21.324   18.53  48.17  0.1500E+12    4.68   1.17  -1  -1    62.28     4  4   0.0  0   0.0  0
       3.0         0.0         0.0         0.0
 121.50006    23.28183    21.324   18.53  48.17  0.1500E+12    4.68   1.17  -1  -1    57.81     0  4   0.0  0   0.0  0
       0.0         0.0         0.0         0.0
 121.50940    23.30742    21.324   18.53  48.17  0.1500E+12    4.62   1.17  -1  -1    46.44     0  4   0.0  0   0.0  0
       0.0         0.0         0.0         0.1
 121.51873    23.33301    21.324   18.53  48.17  0.1500E+12    4.51   1.17  -1  -1    95.95     0  4   0.0  0   0.0  0
       0.0         0.0         0.0         0.1
 121.52807    23.35859    21.324   18.53  48.17  0.1500E+12    4.66   1.17  -1  -1    92.26     0  4   0.0  0   0.0  0
       0.0         0.0         0.0         0.2
 121.53741    23.38418    21.324   18.53  48.17  0.1500E+12    4.57   1.17  -1  -1    82.21     0  4   0.0  0   0.0  0
       0.0         0.0         0.0         0.0
 121.54675    23.40977    21.324   18.53  48.17  0.1500E+12    4.65   1.17  -1  -1    83.22     0  4   0.0  0   0.0  0
       0.0         0.0         0.0         0.0
 121.55608    23.43536    21.324   18.53  48.17  0.1500E+12    4.68   1.17  -1  -1    65.91     0  4   0.0  0   0.0  0
       0.0         0.0         0.0         0.0
 121.56542    23.46095    21.324   18.53  48.17  0.1500E+12    4.68   1.17  -1  -1    26.62     0  4   0.0  0   0.0  0
       0.0         0.0         0.0         0.0
