2.0
#
# http://equake-rc.info/static/paper/SRF-Description-Graves_2.0.pdf
# RECTANGULAR fault MODEL
#
# All subfaults are   4.0 km long along strike and
#   7.0 km wide along dip
#
# Model length along strike is   36.0 km
#
# Model width along dip is   35.0 km
#
# Corners of the rectangular dislocation model (lat, lon):
#     43.846  -128.154 : corner 1
#     43.704  -127.751 : corner 2
#     43.608  -127.816 : corner 3
#     43.750  -128.219 : corner 4
#
#
# Number of elementary sliprate
# isoceles triangular functions
# per subfault:   4
#
# Half duration of elementary sliprate
# isoceles triangular functions (s):   1.33
# Triangles are overlapping each other by half
#
# slip rate unit: cm/s
#
#
# Seismic moment is converted into slip
# using a single constant value for the
# shear modulus mu of  0.250E+12 dyne/cm2
# assumed to be constant and characteristic
# of the fault shear zone
#
#
#
# "rake" (degrees) is the slip angle (Aki"s convention,
# e.g. rake=+45 means left-lateral-reverse movement.
#
#
# ************************************************
# Total seismic moment M0=  0.114E+26 dyne.cm
# ************************************************
#
#
PLANE 1
-127.95250    43.77500    9    5    36.000    35.000
116.00  70.00     3.055     0.000    17.501
POINTS   45
-127.98500    43.72700    19.500  116.00  70.00  0.2800E+12    0.00   1.33  -1  -1   144.55     0  4   0.0  0   0.0  0
       0.0         0.1         0.1         0.0
-128.14555    43.73562    32.656  116.00  70.00  0.2800E+12    5.41   1.33  -1  -1   142.49     2  4   0.0  0   0.0  0
       0.0         0.1         0.1         1.0
-128.10075    43.71983    32.656  116.00  70.00  0.2800E+12    5.36   1.33  -1  -1   142.30     1  4   0.0  0   0.0  0
       0.1         0.1         0.1         0.7
-128.05595    43.70404    32.656  116.00  70.00  0.2800E+12    5.33   1.33  -1  -1   142.77     1  4   0.0  0   0.0  0
       0.1         0.1         0.1         0.3
-128.01115    43.68825    32.656  116.00  70.00  0.2800E+12    4.96   1.33  -1  -1   142.92     0  4   0.0  0   0.0  0
       0.1         0.1         0.1         0.1
-127.96635    43.67246    32.656  116.00  70.00  0.2800E+12    4.42   1.33  -1  -1   142.23     0  4   0.0  0   0.0  0
       0.1         0.1         0.1         0.1
-127.92155    43.65667    32.656  116.00  70.00  0.2800E+12    5.18   1.33  -1  -1   142.46     0  4   0.0  0   0.0  0
       0.1         0.0         0.1         0.1
-127.87675    43.64088    32.656  116.00  70.00  0.2800E+12    5.30   1.33  -1  -1   144.66     0  4   0.0  0   0.0  0
       0.1         0.0         0.1         0.0
-127.83196    43.62509    32.656  116.00  70.00  0.2800E+12    5.67   1.33  -1  -1   142.00     0  4   0.0  0   0.0  0
       0.0         0.0         0.0         0.0
-128.17728    43.77078    26.078  116.00  70.00  0.2800E+12    5.49   1.33  -1  -1   142.15     4  4   0.0  0   0.0  0
       2.8         0.1         0.1         0.1
-128.13248    43.75499    26.078  116.00  70.00  0.2800E+12    4.23   1.33  -1  -1   142.09     3  4   0.0  0   0.0  0
       1.2         0.4         0.1         0.2
-128.08768    43.73920    26.078  116.00  70.00  0.2800E+12    5.62   1.33  -1  -1   142.40     1  4   0.0  0   0.0  0
       0.4         0.2         0.1         0.1
-128.04288    43.72342    26.078  116.00  70.00  0.2800E+12    2.62   1.33  -1  -1   142.14    17  4   0.0  0   0.0  0
      12.2         0.2         0.1         0.1
-127.99808    43.70762    26.078  116.00  70.00  0.2800E+12    2.67   1.33  -1  -1   142.43    28  4   0.0  0   0.0  0
      21.0         0.0         0.1         0.1
-127.95328    43.69183    26.078  116.00  70.00  0.2800E+12    2.65   1.33  -1  -1   142.16    28  4   0.0  0   0.0  0
      20.6         0.1         0.0         0.1
-127.90848    43.67604    26.078  116.00  70.00  0.2800E+12    4.87   1.33  -1  -1   142.46     0  4   0.0  0   0.0  0
       0.1         0.1         0.1         0.0
-127.86368    43.66026    26.078  116.00  70.00  0.2800E+12    4.66   1.33  -1  -1   142.21     0  4   0.0  0   0.0  0
       0.2         0.1         0.1         0.1
-127.81888    43.64447    26.078  116.00  70.00  0.2800E+12    4.99   1.33  -1  -1   142.00     0  4   0.0  0   0.0  0
       0.0         0.0         0.0         0.0
-128.16420    43.79016    19.500  116.00  70.00  0.2800E+12    5.59   1.33  -1  -1   142.16     6  4   0.0  0   0.0  0
       0.1         0.1         0.1         4.6
-128.11940    43.77437    19.500  116.00  70.00  0.2800E+12    4.89   1.33  -1  -1   143.00     0  4   0.0  0   0.0  0
       0.0         0.1         0.1         0.2
-128.07460    43.75858    19.500  116.00  70.00  0.2800E+12    4.82   1.33  -1  -1   142.92     0  4   0.0  0   0.0  0
       0.1         0.1         0.0         0.1
-128.02980    43.74279    19.500  116.00  70.00  0.2800E+12    2.98   1.33  -1  -1   143.84     0  4   0.0  0   0.0  0
       0.1         0.1         0.0         0.1
-128.19035    43.75141    32.656  116.00  70.00  0.2800E+12    5.67   1.33  -1  -1   147.99    11  4   0.0  0   0.0  0
       0.2         0.0         0.1         7.6
-127.94020    43.71121    19.500  116.00  70.00  0.2800E+12    1.36   1.33  -1  -1   153.69     4  4   0.0  0   0.0  0
       2.1         0.6         0.0         0.1
-127.89540    43.69542    19.500  116.00  70.00  0.2800E+12    2.49   1.33  -1  -1  -169.40    15  4   0.0  0   0.0  0
      11.5         0.1         0.1         0.0
-127.85060    43.67963    19.500  116.00  70.00  0.2800E+12    4.97   1.33  -1  -1   142.59     0  4   0.0  0   0.0  0
       0.1         0.1         0.1         0.0
-127.80580    43.66384    19.500  116.00  70.00  0.2800E+12    4.57   1.33  -1  -1   142.00     0  4   0.0  0   0.0  0
       0.0         0.0         0.0         0.0
-128.15112    43.80954    12.922  116.00  70.00  0.2800E+12    5.56   1.33  -1  -1   142.31     8  4   0.0  0   0.0  0
       0.0         0.1         0.1         5.9
-128.10632    43.79375    12.922  116.00  70.00  0.2800E+12    4.71   1.33  -1  -1   145.05     2  4   0.0  0   0.0  0
       0.1         0.1         0.0         1.2
-128.06152    43.77796    12.922  116.00  70.00  0.2800E+12    5.58   1.33  -1  -1   148.54     0  4   0.0  0   0.0  0
       0.1         0.0         0.1         0.1
-128.01672    43.76217    12.922  116.00  70.00  0.2800E+12    5.25   1.33  -1  -1   143.12     0  4   0.0  0   0.0  0
       0.0         0.0         0.1         0.1
-127.97192    43.74638    12.922  116.00  70.00  0.2800E+12    4.83   1.33  -1  -1   159.68     0  4   0.0  0   0.0  0
       0.0         0.0         0.0         0.0
-127.92712    43.73059    12.922  116.00  70.00  0.2800E+12    2.40   1.33  -1  -1   178.99     0  4   0.0  0   0.0  0
       0.1         0.0         0.0         0.1
-127.88232    43.71480    12.922  116.00  70.00  0.2800E+12    3.89   1.33  -1  -1   161.85     0  4   0.0  0   0.0  0
       0.0         0.0         0.0         0.0
-127.83752    43.69901    12.922  116.00  70.00  0.2800E+12    4.04   1.33  -1  -1  -179.90     0  4   0.0  0   0.0  0
       0.1         0.1         0.0         0.1
-127.79272    43.68322    12.922  116.00  70.00  0.2800E+12    4.99   1.33  -1  -1   142.00     0  4   0.0  0   0.0  0
       0.0         0.0         0.0         0.0
-128.13805    43.82891     6.344  116.00  70.00  0.2800E+12    5.67   1.33  -1  -1   175.28    22  4   0.0  0   0.0  0
       0.1         0.0         0.1        16.3
-128.09325    43.81313     6.344  116.00  70.00  0.2800E+12    5.62   1.33  -1  -1   164.13     0  4   0.0  0   0.0  0
       0.1         0.0         0.1         0.1
-128.04845    43.79733     6.344  116.00  70.00  0.2800E+12    4.68   1.33  -1  -1   174.13     0  4   0.0  0   0.0  0
       0.0         0.1         0.0         0.1
-128.00365    43.78154     6.344  116.00  70.00  0.2800E+12    5.37   1.33  -1  -1  -142.68     0  4   0.0  0   0.0  0
       0.1         0.1         0.1         0.0
-127.95885    43.76575     6.344  116.00  70.00  0.2800E+12    4.94   1.33  -1  -1  -161.53     0  4   0.0  0   0.0  0
       0.1         0.0         0.0         0.1
-127.91405    43.74997     6.344  116.00  70.00  0.2800E+12    4.76   1.33  -1  -1  -147.34     1  4   0.0  0   0.0  0
       0.7         0.1         0.1         0.0
-127.86925    43.73418     6.344  116.00  70.00  0.2800E+12    5.28   1.33  -1  -1  -145.71     2  4   0.0  0   0.0  0
       1.7         0.0         0.0         0.0
-127.82445    43.71838     6.344  116.00  70.00  0.2800E+12    5.54   1.33  -1  -1  -142.84     1  4   0.0  0   0.0  0
       0.6         0.1         0.0         0.1
-127.77965    43.70259     6.344  116.00  70.00  0.2800E+12    5.67   1.33  -1  -1   142.00     0  4   0.0  0   0.0  0
       0.0         0.0         0.0         0.0
