2.0
#
# http://equake-rc.info/static/paper/SRF-Description-Graves_2.0.pdf
# RECTANGULAR fault MODEL
#
# All subfaults are   7.0 km long along strike and
#  11.1 km wide along dip
#
# Model length along strike is   77.0 km
#
# Model width along dip is   55.5 km
#
# Corners of the rectangular dislocation model (lat, lon):
#     16.479   -99.052 : corner 1
#     16.668   -99.748 : corner 2
#     17.137   -99.609 : corner 3
#     16.948   -98.913 : corner 4
#
#
# Number of elementary sliprate
# isoceles triangular functions
# per subfault:   4
#
# Half duration of elementary sliprate
# isoceles triangular functions (s):   1.95
# Triangles are overlapping each other by half
#
# slip rate unit: cm/s
#
#
# Seismic moment is converted into slip
# using a single constant value for the
# shear modulus mu of  0.250E+12 dyne/cm2
# assumed to be constant and characteristic
# of the fault shear zone
#
#
#
# "rake" (degrees) is the slip angle (Aki"s convention,
# e.g. rake=+45 means left-lateral-reverse movement.
#
#
# ************************************************
# Total seismic moment M0=  0.614E+26 dyne.cm
# ************************************************
#
#
PLANE 1
 -99.40000    16.57350   11    5    77.000    55.500
285.85  12.36     0.082     0.000    38.849
POINTS   55
 -99.30260    16.90170     8.400  285.85  12.36  0.7770E+12    0.00   1.95  -1  -1    96.11    61  4   0.0  0   0.0  0
       5.0         6.1        12.5         7.6
 -99.02161    16.92671    10.777  285.85  12.36  0.7770E+12    9.90   1.95  -1  -1    35.68     5  4   0.0  0   0.0  0
       0.1         0.1         0.2         2.3
 -99.08490    16.94391    10.777  285.85  12.36  0.7770E+12    6.79   1.95  -1  -1    31.17     0  4   0.0  0   0.0  0
       0.0         0.0         0.0         0.0
 -99.14819    16.96110    10.777  285.85  12.36  0.7770E+12    5.10   1.95  -1  -1    31.17     0  4   0.0  0   0.0  0
       0.0         0.0         0.0         0.0
 -99.21148    16.97830    10.777  285.85  12.36  0.7770E+12    3.90   1.95  -1  -1   110.60     9  4   0.0  0   0.0  0
       3.2         0.2         0.3         1.2
 -99.27477    16.99549    10.777  285.85  12.36  0.7770E+12    8.95   1.95  -1  -1    90.11     7  4   0.0  0   0.0  0
       0.8         0.1         1.1         1.4
 -99.33805    17.01269    10.777  285.85  12.36  0.7770E+12   10.07   1.95  -1  -1   114.04     6  4   0.0  0   0.0  0
       0.1         0.2         0.6         2.0
 -99.40134    17.02988    10.777  285.85  12.36  0.7770E+12    8.44   1.95  -1  -1    96.58     9  4   0.0  0   0.0  0
       1.0         1.1         2.1         0.6
 -99.46462    17.04708    10.777  285.85  12.36  0.7770E+12    6.85   1.95  -1  -1    85.22     6  4   0.0  0   0.0  0
       0.8         0.4         1.0         0.5
 -99.52791    17.06427    10.777  285.85  12.36  0.7770E+12    8.61   1.95  -1  -1    31.17     0  4   0.0  0   0.0  0
       0.0         0.0         0.0         0.0
 -99.59119    17.08146    10.777  285.85  12.36  0.7770E+12   10.31   1.95  -1  -1    31.17     0  4   0.0  0   0.0  0
       0.0         0.0         0.0         0.0
 -98.98617    16.81573     8.400  285.85  12.36  0.7770E+12   10.28   1.95  -1  -1    55.91     1  4   0.0  0   0.0  0
       0.1         0.1         0.1         0.1
 -99.04945    16.83292     8.400  285.85  12.36  0.7770E+12    9.65   1.95  -1  -1    51.22     1  4   0.0  0   0.0  0
       0.1         0.1         0.1         0.1
 -99.11274    16.85012     8.400  285.85  12.36  0.7770E+12    6.00   1.95  -1  -1    31.17     0  4   0.0  0   0.0  0
       0.0         0.0         0.0         0.0
 -99.17603    16.86731     8.400  285.85  12.36  0.7770E+12    4.00   1.95  -1  -1    31.17     0  4   0.0  0   0.0  0
       0.0         0.0         0.0         0.0
 -99.23931    16.88450     8.400  285.85  12.36  0.7770E+12    2.25   1.95  -1  -1    98.87     7  4   0.0  0   0.0  0
       1.4         0.4         0.8         1.0
 -98.95833    16.90952    10.777  285.85  12.36  0.7770E+12   10.31   1.95  -1  -1    50.51     1  4   0.0  0   0.0  0
       0.1         0.1         0.1         0.4
 -99.36588    16.91889     8.400  285.85  12.36  0.7770E+12    2.72   1.95  -1  -1    78.38    24  4   0.0  0   0.0  0
       7.4         2.2         2.5         0.3
 -99.42917    16.93609     8.400  285.85  12.36  0.7770E+12    4.75   1.95  -1  -1    93.98    17  4   0.0  0   0.0  0
       6.2         1.0         1.2         0.3
 -99.49245    16.95328     8.400  285.85  12.36  0.7770E+12    6.77   1.95  -1  -1   103.86    12  4   0.0  0   0.0  0
       5.0         1.0         0.1         0.1
 -99.55574    16.97048     8.400  285.85  12.36  0.7770E+12    8.00   1.95  -1  -1    31.17     0  4   0.0  0   0.0  0
       0.0         0.0         0.0         0.0
 -99.61903    16.98767     8.400  285.85  12.36  0.7770E+12   10.00   1.95  -1  -1    31.17     0  4   0.0  0   0.0  0
       0.0         0.0         0.0         0.0
 -99.01400    16.72194     6.023  285.85  12.36  0.7770E+12   10.31   1.95  -1  -1   104.02     1  4   0.0  0   0.0  0
       0.1         0.3         0.1         0.1
 -99.07729    16.73913     6.023  285.85  12.36  0.7770E+12    8.62   1.95  -1  -1   120.26     1  4   0.0  0   0.0  0
       0.1         0.1         0.4         0.1
 -99.14057    16.75632     6.023  285.85  12.36  0.7770E+12    6.79   1.95  -1  -1    31.17     0  4   0.0  0   0.0  0
       0.0         0.0         0.0         0.0
 -99.20386    16.77352     6.023  285.85  12.36  0.7770E+12    5.10   1.95  -1  -1    31.17     0  4   0.0  0   0.0  0
       0.0         0.0         0.0         0.0
 -99.26714    16.79071     6.023  285.85  12.36  0.7770E+12    4.02   1.95  -1  -1    83.54    14  4   0.0  0   0.0  0
       6.7         0.3         0.1         0.1
 -99.33043    16.80791     6.023  285.85  12.36  0.7770E+12    4.64   1.95  -1  -1    93.86    15  4   0.0  0   0.0  0
       6.4         0.6         0.3         0.1
 -99.39371    16.82510     6.023  285.85  12.36  0.7770E+12    3.88   1.95  -1  -1    67.62    15  4   0.0  0   0.0  0
       4.2         3.1         0.3         0.1
 -99.45701    16.84229     6.023  285.85  12.36  0.7770E+12    5.70   1.95  -1  -1    72.50     7  4   0.0  0   0.0  0
       2.8         0.6         0.1         0.1
 -99.52029    16.85949     6.023  285.85  12.36  0.7770E+12    6.93   1.95  -1  -1    98.03     4  4   0.0  0   0.0  0
       1.8         0.1         0.2         0.1
 -99.58358    16.87668     6.023  285.85  12.36  0.7770E+12    8.61   1.95  -1  -1    31.17     0  4   0.0  0   0.0  0
       0.0         0.0         0.0         0.0
 -99.64687    16.89388     6.023  285.85  12.36  0.7770E+12   10.31   1.95  -1  -1    31.17     0  4   0.0  0   0.0  0
       0.0         0.0         0.0         0.0
 -99.04184    16.62814     3.647  285.85  12.36  0.7770E+12   10.31   1.95  -1  -1    86.98     2  4   0.0  0   0.0  0
       0.1         0.1         0.1         0.6
 -99.10513    16.64534     3.647  285.85  12.36  0.7770E+12   10.30   1.95  -1  -1    84.71     1  4   0.0  0   0.0  0
       0.1         0.1         0.1         0.3
 -99.16841    16.66253     3.647  285.85  12.36  0.7770E+12    8.73   1.95  -1  -1    31.17     0  4   0.0  0   0.0  0
       0.0         0.0         0.0         0.0
 -99.23170    16.67973     3.647  285.85  12.36  0.7770E+12    7.50   1.95  -1  -1    31.17     0  4   0.0  0   0.0  0
       0.0         0.0         0.0         0.0
 -99.29498    16.69692     3.647  285.85  12.36  0.7770E+12   10.30   1.95  -1  -1    68.56     2  4   0.0  0   0.0  0
       0.1         0.1         0.1         1.0
 -99.35827    16.71412     3.647  285.85  12.36  0.7770E+12    8.70   1.95  -1  -1   100.47     1  4   0.0  0   0.0  0
       0.1         0.1         0.2         0.1
 -99.42155    16.73131     3.647  285.85  12.36  0.7770E+12    8.73   1.95  -1  -1    62.79     2  4   0.0  0   0.0  0
       0.1         0.1         0.2         0.9
 -99.48484    16.74850     3.647  285.85  12.36  0.7770E+12   10.30   1.95  -1  -1    49.50     1  4   0.0  0   0.0  0
       0.1         0.1         0.2         0.1
 -99.54813    16.76570     3.647  285.85  12.36  0.7770E+12    9.41   1.95  -1  -1    44.07     1  4   0.0  0   0.0  0
       0.1         0.1         0.1         0.1
 -99.61141    16.78289     3.647  285.85  12.36  0.7770E+12   10.21   1.95  -1  -1    31.17     0  4   0.0  0   0.0  0
       0.0         0.0         0.0         0.0
 -99.67470    16.80009     3.647  285.85  12.36  0.7770E+12   10.31   1.95  -1  -1    31.17     0  4   0.0  0   0.0  0
       0.0         0.0         0.0         0.0
 -99.06967    16.53435     1.270  285.85  12.36  0.7770E+12   10.31   1.95  -1  -1    75.15    22  4   0.0  0   0.0  0
       0.1         0.1         1.4         9.5
 -99.13296    16.55154     1.270  285.85  12.36  0.7770E+12   10.31   1.95  -1  -1    82.58     5  4   0.0  0   0.0  0
       0.1         0.1         0.7         1.9
 -99.19624    16.56874     1.270  285.85  12.36  0.7770E+12   10.31   1.95  -1  -1    31.17     0  4   0.0  0   0.0  0
       0.0         0.0         0.0         0.0
 -99.25953    16.58593     1.270  285.85  12.36  0.7770E+12   10.31   1.95  -1  -1    31.17     0  4   0.0  0   0.0  0
       0.0         0.0         0.0         0.0
 -99.32281    16.60313     1.270  285.85  12.36  0.7770E+12   10.17   1.95  -1  -1    33.35    14  4   0.0  0   0.0  0
       0.1         0.1         0.1         7.1
 -99.38610    16.62032     1.270  285.85  12.36  0.7770E+12   10.21   1.95  -1  -1    33.29    10  4   0.0  0   0.0  0
       0.1         0.2         0.1         4.6
 -99.44939    16.63752     1.270  285.85  12.36  0.7770E+12    9.99   1.95  -1  -1    33.21     9  4   0.0  0   0.0  0
       0.1         0.1         0.2         4.2
 -99.51267    16.65471     1.270  285.85  12.36  0.7770E+12   10.31   1.95  -1  -1    32.52     6  4   0.0  0   0.0  0
       0.1         0.1         1.4         1.6
 -99.57596    16.67191     1.270  285.85  12.36  0.7770E+12   10.31   1.95  -1  -1    68.52    18  4   0.0  0   0.0  0
       0.1         0.1         0.1         8.9
 -99.63925    16.68910     1.270  285.85  12.36  0.7770E+12   10.31   1.95  -1  -1    31.17     0  4   0.0  0   0.0  0
       0.0         0.0         0.0         0.0
 -99.70254    16.70630     1.270  285.85  12.36  0.7770E+12   10.31   1.95  -1  -1    31.17     0  4   0.0  0   0.0  0
       0.0         0.0         0.0         0.0
