2.0
#
# http://equake-rc.info/static/paper/SRF-Description-Graves_2.0.pdf
# RECTANGULAR fault MODEL
#
# All subfaults are   6.0 km long along strike and
#   9.6 km wide along dip
#
# Model length along strike is   54.0 km
#
# Model width along dip is   48.0 km
#
# Corners of the rectangular dislocation model (lat, lon):
#    -27.724  -177.795 : corner 1
#    -27.952  -178.279 : corner 2
#    -27.912  -178.302 : corner 3
#    -27.685  -177.819 : corner 4
#
#
# Number of elementary sliprate
# isoceles triangular functions
# per subfault:   4
#
# Half duration of elementary sliprate
# isoceles triangular functions (s):   1.67
# Triangles are overlapping each other by half
#
# slip rate unit: cm/s
#
#
# Seismic moment is converted into slip
# using a single constant value for the
# shear modulus mu of  0.250E+12 dyne/cm2
# assumed to be constant and characteristic
# of the fault shear zone
#
#
#
# "rake" (degrees) is the slip angle (Aki"s convention,
# e.g. rake=+45 means left-lateral-reverse movement.
#
#
# ************************************************
# Total seismic moment M0=  0.437E+26 dyne.cm
# ************************************************
#
#
PLANE 1
-178.03700   -27.83800    9    5    54.000    48.000
242.00  84.00     0.131     0.000    24.001
POINTS   45
-178.04871   -27.81810    24.000  242.00  84.00  0.5760E+12    0.00   1.67  -1  -1    49.94    82  4   0.0  0   0.0  0
      42.2         6.7         0.1         0.1
-177.89709   -27.72642    43.095  242.00  84.00  0.5760E+12    8.01   1.67  -1  -1   -38.37     0  4   0.0  0   0.0  0
       0.1         0.0         0.1         0.1
-177.95082   -27.75168    43.095  242.00  84.00  0.5760E+12    6.47   1.67  -1  -1   -38.37    11  4   0.0  0   0.0  0
       6.3         0.1         0.1         0.1
-178.00453   -27.77694    43.095  242.00  84.00  0.5760E+12    6.43   1.67  -1  -1   -11.49     2  4   0.0  0   0.0  0
       0.8         0.1         0.1         0.1
-178.05826   -27.80221    43.095  242.00  84.00  0.5760E+12    6.47   1.67  -1  -1   -23.02     1  4   0.0  0   0.0  0
       0.1         0.1         0.1         0.1
-178.11198   -27.82747    43.095  242.00  84.00  0.5760E+12    6.45   1.67  -1  -1     5.69     8  4   0.0  0   0.0  0
       0.1         4.7         0.1         0.1
-178.16571   -27.85274    43.095  242.00  84.00  0.5760E+12    6.73   1.67  -1  -1    13.89     2  4   0.0  0   0.0  0
       0.1         0.8         0.1         0.1
-178.21944   -27.87800    43.095  242.00  84.00  0.5760E+12    7.72   1.67  -1  -1    28.72     3  4   0.0  0   0.0  0
       0.2         1.3         0.1         0.1
-178.27315   -27.90326    43.095  242.00  84.00  0.5760E+12    8.11   1.67  -1  -1    21.00    25  4   0.0  0   0.0  0
       0.1        14.9         0.1         0.1
-177.83859   -27.70910    33.547  242.00  84.00  0.5760E+12    7.90   1.67  -1  -1   -38.87     0  4   0.0  0   0.0  0
       0.1         0.1         0.1         0.1
-177.89232   -27.73436    33.547  242.00  84.00  0.5760E+12    5.98   1.67  -1  -1   -18.89     0  4   0.0  0   0.0  0
       0.1         0.1         0.1         0.1
-177.94604   -27.75963    33.547  242.00  84.00  0.5760E+12    5.21   1.67  -1  -1    -9.11     0  4   0.0  0   0.0  0
       0.1         0.1         0.1         0.1
-177.99976   -27.78489    33.547  242.00  84.00  0.5760E+12    5.21   1.67  -1  -1    13.27     0  4   0.0  0   0.0  0
       0.1         0.1         0.1         0.1
-178.05348   -27.81015    33.547  242.00  84.00  0.5760E+12    5.16   1.67  -1  -1    44.74     0  4   0.0  0   0.0  0
       0.1         0.1         0.1         0.1
-178.10721   -27.83542    33.547  242.00  84.00  0.5760E+12    6.47   1.67  -1  -1    48.83     0  4   0.0  0   0.0  0
       0.1         0.1         0.1         0.1
-178.16093   -27.86068    33.547  242.00  84.00  0.5760E+12    6.49   1.67  -1  -1    48.10     0  4   0.0  0   0.0  0
       0.1         0.1         0.1         0.1
-178.21465   -27.88594    33.547  242.00  84.00  0.5760E+12    6.47   1.67  -1  -1    37.42     0  4   0.0  0   0.0  0
       0.1         0.1         0.1         0.1
-178.26837   -27.91121    33.547  242.00  84.00  0.5760E+12    7.74   1.67  -1  -1    48.48     0  4   0.0  0   0.0  0
       0.1         0.1         0.1         0.1
-177.83382   -27.71704    24.000  242.00  84.00  0.5760E+12    7.87   1.67  -1  -1   -38.11     0  4   0.0  0   0.0  0
       0.1         0.1         0.1         0.1
-177.88754   -27.74231    24.000  242.00  84.00  0.5760E+12    5.20   1.67  -1  -1   -37.95     0  4   0.0  0   0.0  0
       0.1         0.1         0.1         0.1
-177.94125   -27.76757    24.000  242.00  84.00  0.5760E+12    3.74   1.67  -1  -1    44.20     0  4   0.0  0   0.0  0
       0.1         0.1         0.1         0.1
-177.99498   -27.79284    24.000  242.00  84.00  0.5760E+12    1.93   1.67  -1  -1    47.18     0  4   0.0  0   0.0  0
       0.1         0.1         0.0         0.1
-177.84337   -27.70115    43.095  242.00  84.00  0.5760E+12    8.11   1.67  -1  -1   -37.22     0  4   0.0  0   0.0  0
       0.1         0.1         0.1         0.1
-178.10243   -27.84336    24.000  242.00  84.00  0.5760E+12    1.76   1.67  -1  -1    49.85    71  4   0.0  0   0.0  0
      42.2         0.1         0.1         0.1
-178.15616   -27.86863    24.000  242.00  84.00  0.5760E+12    6.42   1.67  -1  -1    49.24     0  4   0.0  0   0.0  0
       0.1         0.1         0.1         0.1
-178.20987   -27.89389    24.000  242.00  84.00  0.5760E+12    6.20   1.67  -1  -1    48.39     0  4   0.0  0   0.0  0
       0.1         0.0         0.1         0.1
-178.26360   -27.91916    24.000  242.00  84.00  0.5760E+12    7.30   1.67  -1  -1    48.31     0  4   0.0  0   0.0  0
       0.1         0.1         0.1         0.1
-177.82904   -27.72499    14.453  242.00  84.00  0.5760E+12    7.85   1.67  -1  -1   -39.07     1  4   0.0  0   0.0  0
       0.1         0.1         0.1         0.4
-177.88277   -27.75026    14.453  242.00  84.00  0.5760E+12    7.91   1.67  -1  -1   -38.70     0  4   0.0  0   0.0  0
       0.1         0.1         0.1         0.1
-177.93648   -27.77552    14.453  242.00  84.00  0.5760E+12    6.66   1.67  -1  -1    -5.11     0  4   0.0  0   0.0  0
       0.1         0.1         0.1         0.1
-177.99020   -27.80078    14.453  242.00  84.00  0.5760E+12    7.69   1.67  -1  -1    -6.86     0  4   0.0  0   0.0  0
       0.1         0.1         0.1         0.1
-178.04393   -27.82605    14.453  242.00  84.00  0.5760E+12    6.40   1.67  -1  -1    13.66     1  4   0.0  0   0.0  0
       0.1         0.1         0.1         0.1
-178.09766   -27.85131    14.453  242.00  84.00  0.5760E+12    7.69   1.67  -1  -1    -4.21     1  4   0.0  0   0.0  0
       0.3         0.1         0.1         0.1
-178.15137   -27.87657    14.453  242.00  84.00  0.5760E+12    7.76   1.67  -1  -1    -0.01     0  4   0.0  0   0.0  0
       0.1         0.1         0.1         0.1
-178.20509   -27.90184    14.453  242.00  84.00  0.5760E+12    7.69   1.67  -1  -1    49.10     0  4   0.0  0   0.0  0
       0.0         0.1         0.1         0.1
-178.25882   -27.92710    14.453  242.00  84.00  0.5760E+12    8.02   1.67  -1  -1    47.51     0  4   0.0  0   0.0  0
       0.0         0.1         0.1         0.1
-177.82426   -27.73294     4.905  242.00  84.00  0.5760E+12    8.11   1.67  -1  -1   -39.86    39  4   0.0  0   0.0  0
       0.1         0.1         0.1        23.0
-177.87798   -27.75820     4.905  242.00  84.00  0.5760E+12    7.89   1.67  -1  -1   -21.99     0  4   0.0  0   0.0  0
       0.1         0.1         0.1         0.1
-177.93170   -27.78346     4.905  242.00  84.00  0.5760E+12    6.82   1.67  -1  -1   -31.65     0  4   0.0  0   0.0  0
       0.1         0.1         0.1         0.1
-177.98543   -27.80873     4.905  242.00  84.00  0.5760E+12    6.43   1.67  -1  -1   -15.78     0  4   0.0  0   0.0  0
       0.1         0.1         0.1         0.1
-178.03915   -27.83399     4.905  242.00  84.00  0.5760E+12    7.73   1.67  -1  -1    -8.28    10  4   0.0  0   0.0  0
       0.1         4.7         1.0         0.1
-178.09288   -27.85926     4.905  242.00  84.00  0.5760E+12    7.70   1.67  -1  -1   -10.76     5  4   0.0  0   0.0  0
       0.1         0.1         2.8         0.1
-178.14659   -27.88452     4.905  242.00  84.00  0.5760E+12    7.73   1.67  -1  -1     1.18     9  4   0.0  0   0.0  0
       0.1         0.1         5.2         0.1
-178.20032   -27.90978     4.905  242.00  84.00  0.5760E+12    7.69   1.67  -1  -1     4.34    19  4   0.0  0   0.0  0
       0.1         0.1         0.1        11.1
-178.25404   -27.93505     4.905  242.00  84.00  0.5760E+12    8.11   1.67  -1  -1    30.33     4  4   0.0  0   0.0  0
       0.1         0.1         0.1         2.5
