2.0
#
# http://equake-rc.info/static/paper/SRF-Description-Graves_2.0.pdf
# RECTANGULAR fault MODEL
#
# All subfaults are   5.0 km long along strike and
#   9.0 km wide along dip
#
# Model length along strike is   45.0 km
#
# Model width along dip is   45.0 km
#
# Corners of the rectangular dislocation model (lat, lon):
#     54.804  -160.336 : corner 1
#     54.806  -159.634 : corner 2
#     54.648  -159.633 : corner 3
#     54.646  -160.334 : corner 4
#
#
# Number of elementary sliprate
# isoceles triangular functions
# per subfault:   4
#
# Half duration of elementary sliprate
# isoceles triangular functions (s):   1.55
# Triangles are overlapping each other by half
#
# slip rate unit: cm/s
#
#
# Seismic moment is converted into slip
# using a single constant value for the
# shear modulus mu of  0.250E+12 dyne/cm2
# assumed to be constant and characteristic
# of the fault shear zone
#
#
#
# "rake" (degrees) is the slip angle (Aki"s convention,
# e.g. rake=+45 means left-lateral-reverse movement.
#
#
# ************************************************
# Total seismic moment M0=  0.828E+25 dyne.cm
# ************************************************
#
#
PLANE 1
-159.98500    54.80500    9    5    45.000    45.000
 89.70  67.10    14.274     0.000    22.499
POINTS   45
-159.98421    54.72630    35.000   89.70  67.10  0.4500E+12    0.00   1.55  -1  -1    37.09    21  4   0.0  0   0.0  0
      11.6         0.5         1.4         0.1
-160.21764    54.66250    51.581   89.70  67.10  0.4500E+12    6.69   1.55  -1  -1   -11.01     0  4   0.0  0   0.0  0
       0.0         0.0         0.0         0.0
-160.13965    54.66273    51.581   89.70  67.10  0.4500E+12    6.11   1.55  -1  -1    42.75     2  4   0.0  0   0.0  0
       0.9         0.3         0.1         0.1
-160.06165    54.66296    51.581   89.70  67.10  0.4500E+12    7.13   1.55  -1  -1    77.62     1  4   0.0  0   0.0  0
       0.1         0.1         0.1         0.1
-159.98364    54.66320    51.581   89.70  67.10  0.4500E+12    7.15   1.55  -1  -1    74.85     3  4   0.0  0   0.0  0
       0.2         0.6         0.7         0.3
-159.90564    54.66343    51.581   89.70  67.10  0.4500E+12    6.40   1.55  -1  -1    78.53     2  4   0.0  0   0.0  0
       0.6         0.3         0.3         0.3
-159.82765    54.66366    51.581   89.70  67.10  0.4500E+12    6.13   1.55  -1  -1    78.90     2  4   0.0  0   0.0  0
       0.7         0.2         0.1         0.2
-159.74965    54.66389    51.581   89.70  67.10  0.4500E+12    7.01   1.55  -1  -1    77.16     0  4   0.0  0   0.0  0
       0.1         0.1         0.1         0.1
-159.67165    54.66413    51.581   89.70  67.10  0.4500E+12    7.19   1.55  -1  -1   -11.01     0  4   0.0  0   0.0  0
       0.0         0.0         0.0         0.0
-160.29591    54.69382    43.291   89.70  67.10  0.4500E+12    6.27   1.55  -1  -1   -11.01     0  4   0.0  0   0.0  0
       0.0         0.0         0.0         0.0
-160.21793    54.69405    43.291   89.70  67.10  0.4500E+12    5.00   1.55  -1  -1   -11.01     0  4   0.0  0   0.0  0
       0.0         0.0         0.0         0.0
-160.13992    54.69428    43.291   89.70  67.10  0.4500E+12    7.15   1.55  -1  -1    70.11     1  4   0.0  0   0.0  0
       0.1         0.1         0.1         0.1
-160.06192    54.69452    43.291   89.70  67.10  0.4500E+12    7.10   1.55  -1  -1    60.61     1  4   0.0  0   0.0  0
       0.3         0.2         0.2         0.2
-159.98393    54.69475    43.291   89.70  67.10  0.4500E+12    6.42   1.55  -1  -1    65.50     2  4   0.0  0   0.0  0
       0.4         0.1         0.1         0.7
-159.90593    54.69498    43.291   89.70  67.10  0.4500E+12    3.01   1.55  -1  -1    39.23     7  4   0.0  0   0.0  0
       4.3         0.1         0.2         0.1
-159.82793    54.69521    43.291   89.70  67.10  0.4500E+12    3.85   1.55  -1  -1    49.27     5  4   0.0  0   0.0  0
       3.0         0.1         0.1         0.2
-159.74992    54.69545    43.291   89.70  67.10  0.4500E+12    6.46   1.55  -1  -1    78.15     1  4   0.0  0   0.0  0
       0.1         0.2         0.1         0.1
-159.67194    54.69568    43.291   89.70  67.10  0.4500E+12    6.27   1.55  -1  -1   -11.01     0  4   0.0  0   0.0  0
       0.0         0.0         0.0         0.0
-160.29620    54.72537    35.000   89.70  67.10  0.4500E+12    5.71   1.55  -1  -1   -11.01     0  4   0.0  0   0.0  0
       0.0         0.0         0.0         0.0
-160.21820    54.72560    35.000   89.70  67.10  0.4500E+12    4.29   1.55  -1  -1   -11.01     0  4   0.0  0   0.0  0
       0.0         0.0         0.0         0.0
-160.14020    54.72583    35.000   89.70  67.10  0.4500E+12    6.80   1.55  -1  -1    78.32     1  4   0.0  0   0.0  0
       0.1         0.1         0.1         0.4
-160.06221    54.72607    35.000   89.70  67.10  0.4500E+12    1.43   1.55  -1  -1    65.49    10  4   0.0  0   0.0  0
       6.3         0.0         0.1         0.1
-160.29564    54.66227    51.581   89.70  67.10  0.4500E+12    7.19   1.55  -1  -1   -11.01     0  4   0.0  0   0.0  0
       0.0         0.0         0.0         0.0
-159.90620    54.72653    35.000   89.70  67.10  0.4500E+12    1.74   1.55  -1  -1     7.26     2  4   0.0  0   0.0  0
       0.7         0.4         0.1         0.0
-159.82822    54.72676    35.000   89.70  67.10  0.4500E+12    3.73   1.55  -1  -1    10.36     3  4   0.0  0   0.0  0
       2.0         0.1         0.1         0.0
-159.75021    54.72700    35.000   89.70  67.10  0.4500E+12    6.97   1.55  -1  -1    62.08     0  4   0.0  0   0.0  0
       0.1         0.1         0.1         0.1
-159.67221    54.72723    35.000   89.70  67.10  0.4500E+12    5.71   1.55  -1  -1   -11.01     0  4   0.0  0   0.0  0
       0.0         0.0         0.0         0.0
-160.29648    54.75692    26.709   89.70  67.10  0.4500E+12    6.27   1.55  -1  -1   -11.01     0  4   0.0  0   0.0  0
       0.0         0.0         0.0         0.0
-160.21849    54.75715    26.709   89.70  67.10  0.4500E+12    5.00   1.55  -1  -1   -11.01     0  4   0.0  0   0.0  0
       0.0         0.0         0.0         0.0
-160.14049    54.75739    26.709   89.70  67.10  0.4500E+12    6.95   1.55  -1  -1    78.69     1  4   0.0  0   0.0  0
       0.1         0.0         0.1         0.2
-160.06248    54.75762    26.709   89.70  67.10  0.4500E+12    7.06   1.55  -1  -1    24.99     1  4   0.0  0   0.0  0
       0.1         0.0         0.1         0.4
-159.98448    54.75785    26.709   89.70  67.10  0.4500E+12    7.06   1.55  -1  -1    22.98     1  4   0.0  0   0.0  0
       0.1         0.0         0.1         0.6
-159.90649    54.75808    26.709   89.70  67.10  0.4500E+12    7.19   1.55  -1  -1    43.67     1  4   0.0  0   0.0  0
       0.0         0.1         0.1         0.3
-159.82849    54.75832    26.709   89.70  67.10  0.4500E+12    7.19   1.55  -1  -1    25.41     1  4   0.0  0   0.0  0
       0.1         0.1         0.1         0.2
-159.75049    54.75855    26.709   89.70  67.10  0.4500E+12    7.16   1.55  -1  -1    25.57     0  4   0.0  0   0.0  0
       0.0         0.1         0.1         0.1
-159.67250    54.75878    26.709   89.70  67.10  0.4500E+12    6.27   1.55  -1  -1   -11.01     0  4   0.0  0   0.0  0
       0.0         0.0         0.0         0.0
-160.29677    54.78847    18.419   89.70  67.10  0.4500E+12    7.19   1.55  -1  -1   -11.01     0  4   0.0  0   0.0  0
       0.0         0.0         0.0         0.0
-160.21877    54.78870    18.419   89.70  67.10  0.4500E+12    6.69   1.55  -1  -1   -11.01     0  4   0.0  0   0.0  0
       0.0         0.0         0.0         0.0
-160.14076    54.78894    18.419   89.70  67.10  0.4500E+12    6.93   1.55  -1  -1    78.04     0  4   0.0  0   0.0  0
       0.1         0.1         0.1         0.1
-160.06277    54.78917    18.419   89.70  67.10  0.4500E+12    7.07   1.55  -1  -1    78.62     0  4   0.0  0   0.0  0
       0.0         0.1         0.1         0.1
-159.98477    54.78940    18.419   89.70  67.10  0.4500E+12    7.11   1.55  -1  -1    77.81     1  4   0.0  0   0.0  0
       0.1         0.1         0.1         0.2
-159.90677    54.78963    18.419   89.70  67.10  0.4500E+12    7.19   1.55  -1  -1    42.31     1  4   0.0  0   0.0  0
       0.0         0.0         0.0         0.6
-159.82877    54.78987    18.419   89.70  67.10  0.4500E+12    6.09   1.55  -1  -1   -10.47     0  4   0.0  0   0.0  0
       0.1         0.1         0.1         0.1
-159.75078    54.79010    18.419   89.70  67.10  0.4500E+12    7.05   1.55  -1  -1    60.87     2  4   0.0  0   0.0  0
       0.0         0.1         0.1         0.8
-159.67278    54.79033    18.419   89.70  67.10  0.4500E+12    7.19   1.55  -1  -1   -11.01     0  4   0.0  0   0.0  0
       0.0         0.0         0.0         0.0
