2.0
#
# http://equake-rc.info/static/paper/SRF-Description-Graves_2.0.pdf
# RECTANGULAR fault MODEL
#
# All subfaults are   4.0 km long along strike and
#   3.6 km wide along dip
#
# Model length along strike is   36.0 km
#
# Model width along dip is   18.0 km
#
# Corners of the rectangular dislocation model (lat, lon):
#    -22.268   170.120 : corner 1
#    -22.444   170.413 : corner 2
#    -22.511   170.366 : corner 3
#    -22.335   170.073 : corner 4
#
#
# Number of elementary sliprate
# isoceles triangular functions
# per subfault:   4
#
# Half duration of elementary sliprate
# isoceles triangular functions (s):   1.33
# Triangles are overlapping each other by half
#
# slip rate unit: cm/s
#
#
# Seismic moment is converted into slip
# using a single constant value for the
# shear modulus mu of  0.250E+12 dyne/cm2
# assumed to be constant and characteristic
# of the fault shear zone
#
#
#
# "rake" (degrees) is the slip angle (Aki"s convention,
# e.g. rake=+45 means left-lateral-reverse movement.
#
#
# ************************************************
# Total seismic moment M0=  0.112E+26 dyne.cm
# ************************************************
#
#
PLANE 1
 170.26649   -22.35600    9    5    36.000    18.000
123.00  60.00     0.288     0.000    12.602
POINTS   45
 170.23331   -22.40310    11.200  123.00  60.00  0.1440E+12    0.00   1.33  -1  -1    55.58    14  4   0.0  0   0.0  0
       0.4         7.5         0.5         2.2
 170.12613   -22.35801    14.318  123.00  60.00  0.1440E+12    3.58   1.33  -1  -1    48.00     0  4   0.0  0   0.0  0
       0.0         0.0         0.0         0.0
 170.15869   -22.37755    14.318  123.00  60.00  0.1440E+12    3.83   1.33  -1  -1    78.57     0  4   0.0  0   0.0  0
       0.1         0.1         0.1         0.1
 170.19124   -22.39710    14.318  123.00  60.00  0.1440E+12    1.81   1.33  -1  -1    84.73     1  4   0.0  0   0.0  0
       0.1         0.3         0.1         0.2
 170.22380   -22.41664    14.318  123.00  60.00  0.1440E+12    1.52   1.33  -1  -1    50.96    12  4   0.0  0   0.0  0
       1.3         6.1         1.5         0.2
 170.25635   -22.43619    14.318  123.00  60.00  0.1440E+12    1.68   1.33  -1  -1    99.46    14  4   0.0  0   0.0  0
       2.9         3.3         0.5         3.5
 170.28889   -22.45573    14.318  123.00  60.00  0.1440E+12    4.41   1.33  -1  -1   106.59    16  4   0.0  0   0.0  0
       3.1         3.9         0.3         5.0
 170.32146   -22.47528    14.318  123.00  60.00  0.1440E+12    4.25   1.33  -1  -1   109.98    24  4   0.0  0   0.0  0
       7.6         4.6         0.4         5.1
 170.35400   -22.49482    14.318  123.00  60.00  0.1440E+12    5.19   1.33  -1  -1   119.84    22  4   0.0  0   0.0  0
       0.9        11.5         1.9         2.1
 170.10309   -22.32492    11.200  123.00  60.00  0.1440E+12    4.57   1.33  -1  -1    48.00     0  4   0.0  0   0.0  0
       0.0         0.0         0.0         0.0
 170.13565   -22.34446    11.200  123.00  60.00  0.1440E+12    3.43   1.33  -1  -1    48.00     0  4   0.0  0   0.0  0
       0.0         0.0         0.0         0.0
 170.16820   -22.36401    11.200  123.00  60.00  0.1440E+12    4.51   1.33  -1  -1   105.50     1  4   0.0  0   0.0  0
       0.3         0.3         0.1         0.1
 170.20076   -22.38355    11.200  123.00  60.00  0.1440E+12    1.54   1.33  -1  -1    66.06     1  4   0.0  0   0.0  0
       0.5         0.1         0.1         0.1
 170.09358   -22.33846    14.318  123.00  60.00  0.1440E+12    4.69   1.33  -1  -1    48.00     0  4   0.0  0   0.0  0
       0.0         0.0         0.0         0.0
 170.26585   -22.42264    11.200  123.00  60.00  0.1440E+12    1.48   1.33  -1  -1    66.07     7  4   0.0  0   0.0  0
       5.0         0.4         0.1         0.1
 170.29842   -22.44219    11.200  123.00  60.00  0.1440E+12    2.88   1.33  -1  -1    88.73     4  4   0.0  0   0.0  0
       2.3         0.5         0.1         0.1
 170.33096   -22.46173    11.200  123.00  60.00  0.1440E+12    4.14   1.33  -1  -1    94.70     2  4   0.0  0   0.0  0
       1.0         0.1         0.1         0.3
 170.36353   -22.48128    11.200  123.00  60.00  0.1440E+12    5.06   1.33  -1  -1    70.72     6  4   0.0  0   0.0  0
       0.2         0.1         0.4         4.1
 170.11261   -22.31137     8.082  123.00  60.00  0.1440E+12    4.69   1.33  -1  -1    48.00     0  4   0.0  0   0.0  0
       0.0         0.0         0.0         0.0
 170.14516   -22.33092     8.082  123.00  60.00  0.1440E+12    3.58   1.33  -1  -1    48.00     0  4   0.0  0   0.0  0
       0.0         0.0         0.0         0.0
 170.17772   -22.35047     8.082  123.00  60.00  0.1440E+12    2.62   1.33  -1  -1    66.18    22  4   0.0  0   0.0  0
      16.3         0.1         0.1         0.1
 170.21027   -22.37001     8.082  123.00  60.00  0.1440E+12    1.54   1.33  -1  -1    80.86    31  4   0.0  0   0.0  0
      23.5         0.0         0.1         0.1
 170.24281   -22.38955     8.082  123.00  60.00  0.1440E+12    1.55   1.33  -1  -1    88.75    15  4   0.0  0   0.0  0
      11.3         0.1         0.1         0.1
 170.27538   -22.40910     8.082  123.00  60.00  0.1440E+12    1.56   1.33  -1  -1   103.39     4  4   0.0  0   0.0  0
       2.6         0.1         0.1         0.0
 170.30792   -22.42865     8.082  123.00  60.00  0.1440E+12    2.53   1.33  -1  -1    87.65     2  4   0.0  0   0.0  0
       0.1         0.0         0.1         1.2
 170.34048   -22.44819     8.082  123.00  60.00  0.1440E+12    4.12   1.33  -1  -1    72.33     2  4   0.0  0   0.0  0
       0.1         0.1         0.1         1.6
 170.37303   -22.46774     8.082  123.00  60.00  0.1440E+12    5.23   1.33  -1  -1    60.99     9  4   0.0  0   0.0  0
       0.1         0.1         0.3         6.3
 170.12212   -22.29783     4.965  123.00  60.00  0.1440E+12    5.01   1.33  -1  -1    48.00     0  4   0.0  0   0.0  0
       0.0         0.0         0.0         0.0
 170.15468   -22.31738     4.965  123.00  60.00  0.1440E+12    4.00   1.33  -1  -1    48.00     0  4   0.0  0   0.0  0
       0.0         0.0         0.0         0.0
 170.18723   -22.33692     4.965  123.00  60.00  0.1440E+12    4.35   1.33  -1  -1   134.98     1  4   0.0  0   0.0  0
       0.4         0.1         0.1         0.1
 170.21977   -22.35647     4.965  123.00  60.00  0.1440E+12    2.48   1.33  -1  -1   112.17     2  4   0.0  0   0.0  0
       1.2         0.1         0.1         0.1
 170.25233   -22.37601     4.965  123.00  60.00  0.1440E+12    2.22   1.33  -1  -1    95.94     7  4   0.0  0   0.0  0
       5.0         0.1         0.1         0.1
 170.28488   -22.39556     4.965  123.00  60.00  0.1440E+12    4.79   1.33  -1  -1   122.13     0  4   0.0  0   0.0  0
       0.1         0.1         0.1         0.0
 170.31744   -22.41510     4.965  123.00  60.00  0.1440E+12    5.48   1.33  -1  -1   120.61     0  4   0.0  0   0.0  0
       0.1         0.1         0.1         0.1
 170.34999   -22.43465     4.965  123.00  60.00  0.1440E+12    5.48   1.33  -1  -1    61.27     4  4   0.0  0   0.0  0
       0.0         0.1         0.1         2.8
 170.38255   -22.45419     4.965  123.00  60.00  0.1440E+12    5.44   1.33  -1  -1    58.39     6  4   0.0  0   0.0  0
       0.1         0.1         0.1         4.0
 170.13164   -22.28429     1.847  123.00  60.00  0.1440E+12    5.52   1.33  -1  -1    48.00     0  4   0.0  0   0.0  0
       0.0         0.0         0.0         0.0
 170.16418   -22.30383     1.847  123.00  60.00  0.1440E+12    4.61   1.33  -1  -1    48.00     0  4   0.0  0   0.0  0
       0.0         0.0         0.0         0.0
 170.19675   -22.32338     1.847  123.00  60.00  0.1440E+12    3.92   1.33  -1  -1   137.80    49  4   0.0  0   0.0  0
      32.8         3.8         0.1         0.1
 170.22929   -22.34292     1.847  123.00  60.00  0.1440E+12    3.68   1.33  -1  -1   137.31     8  4   0.0  0   0.0  0
       5.4         0.4         0.1         0.1
 170.26184   -22.36247     1.847  123.00  60.00  0.1440E+12    3.84   1.33  -1  -1   132.88     0  4   0.0  0   0.0  0
       0.1         0.1         0.1         0.0
 170.29440   -22.38201     1.847  123.00  60.00  0.1440E+12    4.14   1.33  -1  -1   117.42     0  4   0.0  0   0.0  0
       0.1         0.1         0.1         0.1
 170.32695   -22.40156     1.847  123.00  60.00  0.1440E+12    5.18   1.33  -1  -1    84.94     0  4   0.0  0   0.0  0
       0.1         0.0         0.1         0.1
 170.35951   -22.42110     1.847  123.00  60.00  0.1440E+12    5.33   1.33  -1  -1    49.23     5  4   0.0  0   0.0  0
       0.0         0.0         0.1         3.4
 170.39206   -22.44065     1.847  123.00  60.00  0.1440E+12    5.54   1.33  -1  -1    48.14    19  4   0.0  0   0.0  0
       0.1         0.2         0.1        13.6
