2.0
#
# http://equake-rc.info/static/paper/SRF-Description-Graves_2.0.pdf
# RECTANGULAR fault MODEL
#
# All subfaults are   5.0 km long along strike and
#   5.2 km wide along dip
#
# Model length along strike is   45.0 km
#
# Model width along dip is   26.0 km
#
# Corners of the rectangular dislocation model (lat, lon):
#     51.131  -176.478 : corner 1
#     51.339  -175.924 : corner 2
#     51.258  -175.846 : corner 3
#     51.049  -176.400 : corner 4
#
#
# Number of elementary sliprate
# isoceles triangular functions
# per subfault:   4
#
# Half duration of elementary sliprate
# isoceles triangular functions (s):   1.55
# Triangles are overlapping each other by half
#
# slip rate unit: cm/s
#
#
# Seismic moment is converted into slip
# using a single constant value for the
# shear modulus mu of  0.250E+12 dyne/cm2
# assumed to be constant and characteristic
# of the fault shear zone
#
#
#
# "rake" (degrees) is the slip angle (Aki"s convention,
# e.g. rake=+45 means left-lateral-reverse movement.
#
#
# ************************************************
# Total seismic moment M0=  0.155E+26 dyne.cm
# ************************************************
#
#
PLANE 1
-176.20099    51.23500    9    5    45.000    26.000
 59.00  66.00     0.174     0.000    18.200
POINTS   45
-176.14650    51.17780    16.800   59.00  66.00  0.2600E+12    0.00   1.55  -1  -1    70.32    41  4   0.0  0   0.0  0
      26.2         0.1         0.1         0.1
-176.31558    51.09188    21.550   59.00  66.00  0.2600E+12    4.54   1.55  -1  -1    51.06     6  4   0.0  0   0.0  0
       1.1         0.9         1.5         0.0
-176.25401    51.11508    21.550   59.00  66.00  0.2600E+12    3.54   1.55  -1  -1    83.55    12  4   0.0  0   0.0  0
       3.6         2.6         0.8         0.5
-176.19243    51.13827    21.550   59.00  66.00  0.2600E+12    4.32   1.55  -1  -1   102.03    18  4   0.0  0   0.0  0
       2.3         4.1         2.3         3.2
-176.13084    51.16147    21.550   59.00  66.00  0.2600E+12    3.56   1.55  -1  -1   102.09    23  4   0.0  0   0.0  0
       2.8         7.3         2.4         2.1
-176.06927    51.18467    21.550   59.00  66.00  0.2600E+12    4.31   1.55  -1  -1   117.57    15  4   0.0  0   0.0  0
       2.0         5.6         1.7         0.4
-176.00769    51.20786    21.550   59.00  66.00  0.2600E+12    3.74   1.55  -1  -1    94.11     9  4   0.0  0   0.0  0
       2.2         0.9         2.3         0.2
-175.94611    51.23106    21.550   59.00  66.00  0.2600E+12    5.28   1.55  -1  -1    87.66    10  4   0.0  0   0.0  0
       1.7         1.9         2.9         0.1
-175.88452    51.25425    21.550   59.00  66.00  0.2600E+12    5.90   1.55  -1  -1    36.00     0  4   0.0  0   0.0  0
       0.0         0.0         0.0         0.0
-176.39282    51.08501    16.800   59.00  66.00  0.2600E+12    5.71   1.55  -1  -1    36.00     0  4   0.0  0   0.0  0
       0.0         0.0         0.0         0.0
-176.33124    51.10821    16.800   59.00  66.00  0.2600E+12    5.55   1.55  -1  -1   112.43     1  4   0.0  0   0.0  0
       0.1         0.1         0.1         0.1
-176.26965    51.13141    16.800   59.00  66.00  0.2600E+12    2.93   1.55  -1  -1   105.84     6  4   0.0  0   0.0  0
       2.6         0.1         0.9         0.1
-176.20808    51.15460    16.800   59.00  66.00  0.2600E+12    1.43   1.55  -1  -1    95.50    10  4   0.0  0   0.0  0
       3.9         1.2         1.0         0.2
-176.37717    51.06868    21.550   59.00  66.00  0.2600E+12    5.90   1.55  -1  -1    36.00     0  4   0.0  0   0.0  0
       0.0         0.0         0.0         0.0
-176.08492    51.20100    16.800   59.00  66.00  0.2600E+12    2.01   1.55  -1  -1    90.09     1  4   0.0  0   0.0  0
       0.1         0.1         0.2         0.1
-176.02335    51.22419    16.800   59.00  66.00  0.2600E+12    3.54   1.55  -1  -1    65.04     1  4   0.0  0   0.0  0
       0.1         0.1         0.1         0.1
-175.96176    51.24739    16.800   59.00  66.00  0.2600E+12    4.33   1.55  -1  -1    61.64     3  4   0.0  0   0.0  0
       1.4         0.4         0.2         0.1
-175.90018    51.27058    16.800   59.00  66.00  0.2600E+12    5.71   1.55  -1  -1    36.00     0  4   0.0  0   0.0  0
       0.0         0.0         0.0         0.0
-176.40848    51.10135    12.050   59.00  66.00  0.2600E+12    5.90   1.55  -1  -1    36.00     0  4   0.0  0   0.0  0
       0.0         0.0         0.0         0.0
-176.34689    51.12454    12.050   59.00  66.00  0.2600E+12    4.72   1.55  -1  -1    91.48     0  4   0.0  0   0.0  0
       0.1         0.1         0.1         0.1
-176.28531    51.14774    12.050   59.00  66.00  0.2600E+12    4.20   1.55  -1  -1   113.20     3  4   0.0  0   0.0  0
       1.3         0.1         0.5         0.2
-176.22372    51.17093    12.050   59.00  66.00  0.2600E+12    2.11   1.55  -1  -1    70.96     9  4   0.0  0   0.0  0
       5.8         0.1         0.1         0.1
-176.16216    51.19413    12.050   59.00  66.00  0.2600E+12    1.49   1.55  -1  -1    62.94     5  4   0.0  0   0.0  0
       2.9         0.1         0.1         0.1
-176.10057    51.21733    12.050   59.00  66.00  0.2600E+12    2.07   1.55  -1  -1    78.08     1  4   0.0  0   0.0  0
       0.1         0.2         0.1         0.1
-176.03899    51.24052    12.050   59.00  66.00  0.2600E+12    3.56   1.55  -1  -1    86.57     0  4   0.0  0   0.0  0
       0.1         0.1         0.1         0.1
-175.97742    51.26372    12.050   59.00  66.00  0.2600E+12    5.20   1.55  -1  -1    54.68     3  4   0.0  0   0.0  0
       0.6         1.3         0.1         0.1
-175.91583    51.28691    12.050   59.00  66.00  0.2600E+12    5.90   1.55  -1  -1    36.00     0  4   0.0  0   0.0  0
       0.0         0.0         0.0         0.0
-176.42412    51.11768     7.299   59.00  66.00  0.2600E+12    6.44   1.55  -1  -1    36.00     0  4   0.0  0   0.0  0
       0.0         0.0         0.0         0.0
-176.36255    51.14087     7.299   59.00  66.00  0.2600E+12    5.73   1.55  -1  -1   111.79     0  4   0.0  0   0.0  0
       0.1         0.1         0.1         0.1
-176.30096    51.16407     7.299   59.00  66.00  0.2600E+12    4.15   1.55  -1  -1    96.20     2  4   0.0  0   0.0  0
       1.0         0.0         0.1         0.1
-176.23938    51.18726     7.299   59.00  66.00  0.2600E+12    4.15   1.55  -1  -1    92.43     1  4   0.0  0   0.0  0
       0.5         0.1         0.1         0.1
-176.17780    51.21046     7.299   59.00  66.00  0.2600E+12    2.97   1.55  -1  -1   104.08     1  4   0.0  0   0.0  0
       0.5         0.1         0.1         0.0
-176.11623    51.23365     7.299   59.00  66.00  0.2600E+12    3.48   1.55  -1  -1    79.96     0  4   0.0  0   0.0  0
       0.1         0.1         0.1         0.1
-176.05464    51.25685     7.299   59.00  66.00  0.2600E+12    4.19   1.55  -1  -1    42.71     0  4   0.0  0   0.0  0
       0.0         0.1         0.1         0.1
-175.99306    51.28005     7.299   59.00  66.00  0.2600E+12    6.20   1.55  -1  -1    36.54     3  4   0.0  0   0.0  0
       0.8         1.0         0.1         0.1
-175.93149    51.30325     7.299   59.00  66.00  0.2600E+12    6.44   1.55  -1  -1    36.00     0  4   0.0  0   0.0  0
       0.0         0.0         0.0         0.0
-176.43977    51.13401     2.549   59.00  66.00  0.2600E+12    7.19   1.55  -1  -1    36.00     0  4   0.0  0   0.0  0
       0.0         0.0         0.0         0.0
-176.37819    51.15720     2.549   59.00  66.00  0.2600E+12    6.32   1.55  -1  -1   125.92     8  4   0.0  0   0.0  0
       4.9         0.1         0.1         0.1
-176.31662    51.18040     2.549   59.00  66.00  0.2600E+12    5.85   1.55  -1  -1   125.72     5  4   0.0  0   0.0  0
       2.8         0.2         0.1         0.1
-176.25504    51.20359     2.549   59.00  66.00  0.2600E+12    5.83   1.55  -1  -1   125.26     7  4   0.0  0   0.0  0
       3.7         0.7         0.1         0.1
-176.19345    51.22679     2.549   59.00  66.00  0.2600E+12    4.49   1.55  -1  -1    83.90     5  4   0.0  0   0.0  0
       3.3         0.1         0.1         0.0
-176.13188    51.24998     2.549   59.00  66.00  0.2600E+12    4.93   1.55  -1  -1    88.26    19  4   0.0  0   0.0  0
      12.1         0.1         0.1         0.1
-176.07030    51.27318     2.549   59.00  66.00  0.2600E+12    5.30   1.55  -1  -1    52.10     2  4   0.0  0   0.0  0
       1.0         0.1         0.1         0.1
-176.00871    51.29638     2.549   59.00  66.00  0.2600E+12    6.28   1.55  -1  -1    36.49     9  4   0.0  0   0.0  0
       5.4         0.1         0.1         0.0
-175.94713    51.31957     2.549   59.00  66.00  0.2600E+12    7.19   1.55  -1  -1    36.00     0  4   0.0  0   0.0  0
       0.0         0.0         0.0         0.0
