2.0
#
# http://equake-rc.info/static/paper/SRF-Description-Graves_2.0.pdf
# RECTANGULAR fault MODEL
#
# All subfaults are  12.0 km long along strike and
#  13.3 km wide along dip
#
# Model length along strike is  156.0 km
#
# Model width along dip is   66.5 km
#
# Corners of the rectangular dislocation model (lat, lon):
#     54.021  -160.470 : corner 1
#     55.365  -161.182 : corner 2
#     55.461  -160.642 : corner 3
#     54.117  -159.930 : corner 4
#
#
# Number of elementary sliprate
# isoceles triangular functions
# per subfault:   4
#
# Half duration of elementary sliprate
# isoceles triangular functions (s):   3.34
# Triangles are overlapping each other by half
#
# slip rate unit: cm/s
#
#
# Seismic moment is converted into slip
# using a single constant value for the
# shear modulus mu of  0.250E+12 dyne/cm2
# assumed to be constant and characteristic
# of the fault shear zone
#
#
#
# "rake" (degrees) is the slip angle (Aki"s convention,
# e.g. rake=+45 means left-lateral-reverse movement.
#
#
# ************************************************
# Total seismic moment M0=  0.530E+27 dyne.cm
# ************************************************
#
#
PLANE 1
-160.82600    54.69300   13    5   156.000    66.500
343.00  57.00     0.114     0.000    33.249
POINTS   65
-160.55600    54.74100    28.000  343.00  57.00  0.1596E+13    0.00   3.34  -1  -1   163.25   111  4   0.0  0   0.0  0
      29.9         3.2         0.1         0.1
-160.06604    54.26225    50.309  343.00  57.00  0.1596E+13   20.07   3.34  -1  -1   106.20    46  4   0.0  0   0.0  0
       0.1         0.1         0.1        13.4
-160.12079    54.36563    50.309  343.00  57.00  0.1596E+13   19.46   3.34  -1  -1   106.23     2  4   0.0  0   0.0  0
       0.2         0.1         0.1         0.2
-160.17554    54.46902    50.309  343.00  57.00  0.1596E+13   15.20   3.34  -1  -1   106.05    25  4   0.0  0   0.0  0
       2.7         0.1         0.2         4.4
-160.23029    54.57240    50.309  343.00  57.00  0.1596E+13   19.28   3.34  -1  -1   123.66    22  4   0.0  0   0.0  0
       1.5         0.2         0.3         4.8
-160.28503    54.67578    50.309  343.00  57.00  0.1596E+13   10.67   3.34  -1  -1   168.53    29  4   0.0  0   0.0  0
       0.2         3.0         3.2         2.3
-160.33980    54.77916    50.309  343.00  57.00  0.1596E+13   16.16   3.34  -1  -1   122.45    22  4   0.0  0   0.0  0
       3.8         0.3         0.9         1.6
-160.39455    54.88254    50.309  343.00  57.00  0.1596E+13   17.15   3.34  -1  -1   140.31    40  4   0.0  0   0.0  0
       2.8         4.6         2.4         2.0
-160.44930    54.98592    50.309  343.00  57.00  0.1596E+13   10.24   3.34  -1  -1   106.00     0  4   0.0  0   0.0  0
       0.0         0.0         0.0         0.0
-160.50404    55.08930    50.309  343.00  57.00  0.1596E+13   12.79   3.34  -1  -1   106.00     0  4   0.0  0   0.0  0
       0.0         0.0         0.0         0.0
-160.55881    55.19268    50.309  343.00  57.00  0.1596E+13   15.68   3.34  -1  -1   106.00     0  4   0.0  0   0.0  0
       0.0         0.0         0.0         0.0
-160.61356    55.29607    50.309  343.00  57.00  0.1596E+13   18.75   3.34  -1  -1   106.00     0  4   0.0  0   0.0  0
       0.0         0.0         0.0         0.0
-160.66830    55.39944    50.309  343.00  57.00  0.1596E+13   20.08   3.34  -1  -1   106.00     0  4   0.0  0   0.0  0
       0.0         0.0         0.0         0.0
-160.11938    54.13979    39.154  343.00  57.00  0.1596E+13   20.08   3.34  -1  -1   106.00     0  4   0.0  0   0.0  0
       0.0         0.0         0.0         0.0
-160.17413    54.24318    39.154  343.00  57.00  0.1596E+13   18.82   3.34  -1  -1   124.55     2  4   0.0  0   0.0  0
       0.1         0.1         0.1         0.1
-160.22890    54.34656    39.154  343.00  57.00  0.1596E+13   14.44   3.34  -1  -1   123.29     8  4   0.0  0   0.0  0
       2.0         0.1         0.1         0.1
-160.28365    54.44994    39.154  343.00  57.00  0.1596E+13   10.97   3.34  -1  -1   139.72   179  4   0.0  0   0.0  0
      53.2         0.1         0.1         0.1
-160.33839    54.55332    39.154  343.00  57.00  0.1596E+13    7.87   3.34  -1  -1   160.76   226  4   0.0  0   0.0  0
      67.4         0.1         0.1         0.1
-160.39314    54.65670    39.154  343.00  57.00  0.1596E+13    6.44   3.34  -1  -1   153.89   134  4   0.0  0   0.0  0
      39.4         0.3         0.1         0.2
-160.44789    54.76008    39.154  343.00  57.00  0.1596E+13    6.42   3.34  -1  -1   116.77    75  4   0.0  0   0.0  0
      21.9         0.1         0.1         0.1
-160.50266    54.86346    39.154  343.00  57.00  0.1596E+13   14.22   3.34  -1  -1   114.09    30  4   0.0  0   0.0  0
       1.9         5.0         1.6         0.5
-160.55740    54.96684    39.154  343.00  57.00  0.1596E+13    7.84   3.34  -1  -1   106.00     0  4   0.0  0   0.0  0
       0.0         0.0         0.0         0.0
-160.61215    55.07022    39.154  343.00  57.00  0.1596E+13   10.97   3.34  -1  -1   106.00     0  4   0.0  0   0.0  0
       0.0         0.0         0.0         0.0
-160.66690    55.17360    39.154  343.00  57.00  0.1596E+13   14.23   3.34  -1  -1   106.00     0  4   0.0  0   0.0  0
       0.0         0.0         0.0         0.0
-160.72165    55.27699    39.154  343.00  57.00  0.1596E+13   17.56   3.34  -1  -1   106.00     0  4   0.0  0   0.0  0
       0.0         0.0         0.0         0.0
-160.77641    55.38037    39.154  343.00  57.00  0.1596E+13   20.08   3.34  -1  -1   106.00     0  4   0.0  0   0.0  0
       0.0         0.0         0.0         0.0
-160.22749    54.12072    28.000  343.00  57.00  0.1596E+13   20.08   3.34  -1  -1   106.00     0  4   0.0  0   0.0  0
       0.0         0.0         0.0         0.0
-160.28224    54.22409    28.000  343.00  57.00  0.1596E+13   18.60   3.34  -1  -1   107.33     7  4   0.0  0   0.0  0
       1.8         0.1         0.1         0.1
-160.33699    54.32748    28.000  343.00  57.00  0.1596E+13   16.41   3.34  -1  -1   115.89    37  4   0.0  0   0.0  0
       9.8         1.1         0.1         0.1
-160.39174    54.43086    28.000  343.00  57.00  0.1596E+13   11.18   3.34  -1  -1   134.97    51  4   0.0  0   0.0  0
       7.8         5.5         1.9         0.2
-160.44650    54.53424    28.000  343.00  57.00  0.1596E+13    7.70   3.34  -1  -1   141.13    28  4   0.0  0   0.0  0
       6.4         1.6         0.2         0.2
-160.50125    54.63762    28.000  343.00  57.00  0.1596E+13    4.30   3.34  -1  -1   134.65    27  4   0.0  0   0.0  0
       6.3         0.9         0.2         0.8
-160.01128    54.15887    50.309  343.00  57.00  0.1596E+13   20.08   3.34  -1  -1   106.00     0  4   0.0  0   0.0  0
       0.0         0.0         0.0         0.0
-160.61075    54.84438    28.000  343.00  57.00  0.1596E+13   10.94   3.34  -1  -1   128.97    33  4   0.0  0   0.0  0
       1.5         3.2         2.8         2.4
-160.66550    54.94776    28.000  343.00  57.00  0.1596E+13    6.86   3.34  -1  -1   106.00     0  4   0.0  0   0.0  0
       0.0         0.0         0.0         0.0
-160.72026    55.05114    28.000  343.00  57.00  0.1596E+13   10.29   3.34  -1  -1   106.00     0  4   0.0  0   0.0  0
       0.0         0.0         0.0         0.0
-160.77501    55.15453    28.000  343.00  57.00  0.1596E+13   13.71   3.34  -1  -1   106.00     0  4   0.0  0   0.0  0
       0.0         0.0         0.0         0.0
-160.82976    55.25791    28.000  343.00  57.00  0.1596E+13   17.14   3.34  -1  -1   106.00     0  4   0.0  0   0.0  0
       0.0         0.0         0.0         0.0
-160.88451    55.36129    28.000  343.00  57.00  0.1596E+13   20.08   3.34  -1  -1   106.00     0  4   0.0  0   0.0  0
       0.0         0.0         0.0         0.0
-160.33559    54.10163    16.846  343.00  57.00  0.1596E+13   20.08   3.34  -1  -1   106.00     0  4   0.0  0   0.0  0
       0.0         0.0         0.0         0.0
-160.39035    54.20502    16.846  343.00  57.00  0.1596E+13   17.67   3.34  -1  -1   151.01    10  4   0.0  0   0.0  0
       2.7         0.1         0.1         0.1
-160.44510    54.30840    16.846  343.00  57.00  0.1596E+13   14.41   3.34  -1  -1   122.35    22  4   0.0  0   0.0  0
       2.1         2.8         1.5         0.1
-160.49985    54.41178    16.846  343.00  57.00  0.1596E+13   13.88   3.34  -1  -1   121.03    12  4   0.0  0   0.0  0
       0.5         0.5         1.3         1.4
-160.55460    54.51516    16.846  343.00  57.00  0.1596E+13   11.15   3.34  -1  -1   134.66     4  4   0.0  0   0.0  0
       0.5         0.3         0.1         0.2
-160.60934    54.61854    16.846  343.00  57.00  0.1596E+13   14.80   3.34  -1  -1   167.36    15  4   0.0  0   0.0  0
       0.1         0.1         2.3         1.9
-160.66411    54.72192    16.846  343.00  57.00  0.1596E+13   12.81   3.34  -1  -1   141.73     5  4   0.0  0   0.0  0
       0.7         0.2         0.2         0.4
-160.71886    54.82530    16.846  343.00  57.00  0.1596E+13    9.48   3.34  -1  -1   147.31     6  4   0.0  0   0.0  0
       0.1         1.0         0.1         0.4
-160.77361    54.92868    16.846  343.00  57.00  0.1596E+13    7.84   3.34  -1  -1   106.00     0  4   0.0  0   0.0  0
       0.0         0.0         0.0         0.0
-160.82835    55.03207    16.846  343.00  57.00  0.1596E+13   10.97   3.34  -1  -1   106.00     0  4   0.0  0   0.0  0
       0.0         0.0         0.0         0.0
-160.88310    55.13544    16.846  343.00  57.00  0.1596E+13   14.23   3.34  -1  -1   106.00     0  4   0.0  0   0.0  0
       0.0         0.0         0.0         0.0
-160.93787    55.23883    16.846  343.00  57.00  0.1596E+13   17.56   3.34  -1  -1   106.00     0  4   0.0  0   0.0  0
       0.0         0.0         0.0         0.0
-160.99261    55.34221    16.846  343.00  57.00  0.1596E+13   20.08   3.34  -1  -1   106.00     0  4   0.0  0   0.0  0
       0.0         0.0         0.0         0.0
-160.44370    54.08256     5.691  343.00  57.00  0.1596E+13   20.08   3.34  -1  -1   106.00     0  4   0.0  0   0.0  0
       0.0         0.0         0.0         0.0
-160.49844    54.18594     5.691  343.00  57.00  0.1596E+13   19.28   3.34  -1  -1  -166.46    31  4   0.0  0   0.0  0
       5.1         3.1         0.8         0.2
-160.55319    54.28932     5.691  343.00  57.00  0.1596E+13   16.03   3.34  -1  -1   165.59    20  4   0.0  0   0.0  0
       1.3         2.4         1.9         0.4
-160.60796    54.39270     5.691  343.00  57.00  0.1596E+13   19.25   3.34  -1  -1   172.69    12  4   0.0  0   0.0  0
       1.2         0.6         0.2         1.6
-160.66270    54.49608     5.691  343.00  57.00  0.1596E+13   18.25   3.34  -1  -1   168.00    15  4   0.0  0   0.0  0
       0.2         0.2         0.3         3.9
-160.71745    54.59946     5.691  343.00  57.00  0.1596E+13   12.73   3.34  -1  -1   114.06     9  4   0.0  0   0.0  0
       2.1         0.1         0.1         0.3
-160.77220    54.70284     5.691  343.00  57.00  0.1596E+13   14.84   3.34  -1  -1   145.05    16  4   0.0  0   0.0  0
       2.9         0.2         0.1         1.5
-160.82697    54.80622     5.691  343.00  57.00  0.1596E+13   19.25   3.34  -1  -1   163.55    18  4   0.0  0   0.0  0
       1.1         0.5         0.8         3.0
-160.88171    54.90960     5.691  343.00  57.00  0.1596E+13   10.24   3.34  -1  -1   106.00     0  4   0.0  0   0.0  0
       0.0         0.0         0.0         0.0
-160.93646    55.01299     5.691  343.00  57.00  0.1596E+13   12.79   3.34  -1  -1   106.00     0  4   0.0  0   0.0  0
       0.0         0.0         0.0         0.0
-160.99121    55.11637     5.691  343.00  57.00  0.1596E+13   15.68   3.34  -1  -1   106.00     0  4   0.0  0   0.0  0
       0.0         0.0         0.0         0.0
-161.04596    55.21975     5.691  343.00  57.00  0.1596E+13   18.75   3.34  -1  -1   106.00     0  4   0.0  0   0.0  0
       0.0         0.0         0.0         0.0
-161.10072    55.32313     5.691  343.00  57.00  0.1596E+13   20.08   3.34  -1  -1   106.00     0  4   0.0  0   0.0  0
       0.0         0.0         0.0         0.0
