2.0
#
# http://equake-rc.info/static/paper/SRF-Description-Graves_2.0.pdf
# RECTANGULAR fault MODEL
#
# All subfaults are   7.0 km long along strike and
#   2.9 km wide along dip
#
# Model length along strike is   77.0 km
#
# Model width along dip is   14.5 km
#
# Corners of the rectangular dislocation model (lat, lon):
#     42.583    13.388 : corner 1
#     43.057    12.697 : corner 2
#     43.117    12.774 : corner 3
#     42.643    13.465 : corner 4
#
#
# Number of elementary sliprate
# isoceles triangular functions
# per subfault:   4
#
# Half duration of elementary sliprate
# isoceles triangular functions (s):   2.11
# Triangles are overlapping each other by half
#
# slip rate unit: cm/s
#
#
# Seismic moment is converted into slip
# using a single constant value for the
# shear modulus mu of  0.250E+12 dyne/cm2
# assumed to be constant and characteristic
# of the fault shear zone
#
#
#
# "rake" (degrees) is the slip angle (Aki"s convention,
# e.g. rake=+45 means left-lateral-reverse movement.
#
#
# ************************************************
# Total seismic moment M0=  0.898E+26 dyne.cm
# ************************************************
#
#
PLANE 1
  13.04250    42.82000   11    5    77.000    14.500
313.08  50.78     0.137     0.000    10.147
POINTS   55
  13.09600    42.86200     8.000  313.08  50.78  0.2030E+12    0.00   2.11  -1  -1  -105.48   104  4   0.0  0   0.0  0
      48.7         0.2         0.3         0.1
  13.36261    42.70185    10.247  313.08  50.78  0.2030E+12    8.04   2.11  -1  -1  -154.26     0  4   0.0  0   0.0  0
       0.0         0.0         0.0         0.0
  13.29980    42.74490    10.247  313.08  50.78  0.2030E+12    6.85   2.11  -1  -1  -116.93     2  4   0.0  0   0.0  0
       0.1         0.3         0.4         0.2
  13.23700    42.78795    10.247  313.08  50.78  0.2030E+12    4.73   2.11  -1  -1   -81.51    52  4   0.0  0   0.0  0
      24.0         0.5         0.3         0.1
  13.17419    42.83101    10.247  313.08  50.78  0.2030E+12    2.19   2.11  -1  -1  -112.45    76  4   0.0  0   0.0  0
      35.7         0.2         0.1         0.1
  13.11139    42.87406    10.247  313.08  50.78  0.2030E+12    1.80   2.11  -1  -1  -150.65    63  4   0.0  0   0.0  0
      29.4         0.1         0.1         0.2
  13.04858    42.91711    10.247  313.08  50.78  0.2030E+12    2.76   2.11  -1  -1  -153.25    33  4   0.0  0   0.0  0
      15.3         0.2         0.2         0.1
  12.98577    42.96017    10.247  313.08  50.78  0.2030E+12    8.91   2.11  -1  -1  -132.40     5  4   0.0  0   0.0  0
       0.8         0.1         0.4         1.2
  12.92297    43.00322    10.247  313.08  50.78  0.2030E+12    6.06   2.11  -1  -1  -154.26     0  4   0.0  0   0.0  0
       0.0         0.0         0.0         0.0
  12.86016    43.04627    10.247  313.08  50.78  0.2030E+12    8.04   2.11  -1  -1  -154.26     0  4   0.0  0   0.0  0
       0.0         0.0         0.0         0.0
  12.79736    43.08932    10.247  313.08  50.78  0.2030E+12   10.03   2.11  -1  -1  -154.26     0  4   0.0  0   0.0  0
       0.0         0.0         0.0         0.0
  13.41003    42.64673     8.000  313.08  50.78  0.2030E+12   10.00   2.11  -1  -1  -154.26     0  4   0.0  0   0.0  0
       0.0         0.0         0.0         0.0
  13.34722    42.68979     8.000  313.08  50.78  0.2030E+12    8.00   2.11  -1  -1  -154.26     0  4   0.0  0   0.0  0
       0.0         0.0         0.0         0.0
  13.28442    42.73284     8.000  313.08  50.78  0.2030E+12   10.64   2.11  -1  -1   -78.06    16  4   0.0  0   0.0  0
       0.3         0.2         0.2         6.7
  13.22161    42.77589     8.000  313.08  50.78  0.2030E+12    4.74   2.11  -1  -1   -74.81    20  4   0.0  0   0.0  0
       8.9         0.1         0.1         0.1
  13.15881    42.81895     8.000  313.08  50.78  0.2030E+12    2.06   2.11  -1  -1  -115.11   115  4   0.0  0   0.0  0
      53.7         0.3         0.2         0.2
  13.42542    42.65879    10.247  313.08  50.78  0.2030E+12   10.03   2.11  -1  -1  -154.26     0  4   0.0  0   0.0  0
       0.0         0.0         0.0         0.0
  13.03319    42.90505     8.000  313.08  50.78  0.2030E+12    2.83   2.11  -1  -1  -154.04    76  4   0.0  0   0.0  0
      35.3         0.6         0.1         0.1
  12.97039    42.94810     8.000  313.08  50.78  0.2030E+12   10.22   2.11  -1  -1  -120.63     3  4   0.0  0   0.0  0
       0.2         0.2         1.0         0.3
  12.90758    42.99116     8.000  313.08  50.78  0.2030E+12    6.00   2.11  -1  -1  -154.26     0  4   0.0  0   0.0  0
       0.0         0.0         0.0         0.0
  12.84478    43.03421     8.000  313.08  50.78  0.2030E+12    8.00   2.11  -1  -1  -154.26     0  4   0.0  0   0.0  0
       0.0         0.0         0.0         0.0
  12.78197    43.07727     8.000  313.08  50.78  0.2030E+12   10.00   2.11  -1  -1  -154.26     0  4   0.0  0   0.0  0
       0.0         0.0         0.0         0.0
  13.39464    42.63467     5.753  313.08  50.78  0.2030E+12   10.03   2.11  -1  -1  -154.26     0  4   0.0  0   0.0  0
       0.0         0.0         0.0         0.0
  13.33184    42.67773     5.753  313.08  50.78  0.2030E+12    8.04   2.11  -1  -1  -154.26     0  4   0.0  0   0.0  0
       0.0         0.0         0.0         0.0
  13.26903    42.72078     5.753  313.08  50.78  0.2030E+12    7.64   2.11  -1  -1   -88.11    27  4   0.0  0   0.0  0
       0.8         0.5         1.6        10.1
  13.20622    42.76383     5.753  313.08  50.78  0.2030E+12    4.74   2.11  -1  -1   -80.48    19  4   0.0  0   0.0  0
       2.8         5.8         0.1         0.1
  13.14342    42.80688     5.753  313.08  50.78  0.2030E+12    3.71   2.11  -1  -1   -74.36    56  4   0.0  0   0.0  0
      26.1         0.1         0.1         0.3
  13.08061    42.84994     5.753  313.08  50.78  0.2030E+12    0.89   2.11  -1  -1  -114.54    76  4   0.0  0   0.0  0
      35.8         0.1         0.2         0.1
  13.01781    42.89299     5.753  313.08  50.78  0.2030E+12    4.86   2.11  -1  -1  -151.08     9  4   0.0  0   0.0  0
       2.2         1.2         0.4         0.1
  12.95500    42.93605     5.753  313.08  50.78  0.2030E+12    6.40   2.11  -1  -1  -144.20     7  4   0.0  0   0.0  0
       1.5         0.2         1.3         0.1
  12.89219    42.97910     5.753  313.08  50.78  0.2030E+12    6.06   2.11  -1  -1  -154.26     0  4   0.0  0   0.0  0
       0.0         0.0         0.0         0.0
  12.82939    43.02215     5.753  313.08  50.78  0.2030E+12    8.04   2.11  -1  -1  -154.26     0  4   0.0  0   0.0  0
       0.0         0.0         0.0         0.0
  12.76658    43.06520     5.753  313.08  50.78  0.2030E+12   10.03   2.11  -1  -1  -154.26     0  4   0.0  0   0.0  0
       0.0         0.0         0.0         0.0
  13.37926    42.62261     3.507  313.08  50.78  0.2030E+12   10.14   2.11  -1  -1  -154.26     0  4   0.0  0   0.0  0
       0.0         0.0         0.0         0.0
  13.31645    42.66566     3.507  313.08  50.78  0.2030E+12    8.17   2.11  -1  -1  -154.26     0  4   0.0  0   0.0  0
       0.0         0.0         0.0         0.0
  13.25364    42.70872     3.507  313.08  50.78  0.2030E+12    7.63   2.11  -1  -1  -104.00    57  4   0.0  0   0.0  0
      10.0         3.8         4.7         8.6
  13.19084    42.75177     3.507  313.08  50.78  0.2030E+12    6.14   2.11  -1  -1  -134.83    56  4   0.0  0   0.0  0
      25.9         0.4         0.1         0.1
  13.12803    42.79483     3.507  313.08  50.78  0.2030E+12    2.69   2.11  -1  -1  -142.45    46  4   0.0  0   0.0  0
      13.6         4.4         1.2         2.6
  13.06523    42.83788     3.507  313.08  50.78  0.2030E+12    1.79   2.11  -1  -1  -110.12    92  4   0.0  0   0.0  0
      38.9         4.0         0.5         0.2
  13.00242    42.88093     3.507  313.08  50.78  0.2030E+12    5.30   2.11  -1  -1  -153.14    25  4   0.0  0   0.0  0
       9.9         1.4         0.2         0.5
  12.93961    42.92398     3.507  313.08  50.78  0.2030E+12    5.46   2.11  -1  -1  -150.07    15  4   0.0  0   0.0  0
       5.0         1.6         0.4         0.2
  12.87681    42.96704     3.507  313.08  50.78  0.2030E+12    6.22   2.11  -1  -1  -154.26     0  4   0.0  0   0.0  0
       0.0         0.0         0.0         0.0
  12.81400    43.01009     3.507  313.08  50.78  0.2030E+12    8.17   2.11  -1  -1  -154.26     0  4   0.0  0   0.0  0
       0.0         0.0         0.0         0.0
  12.75119    43.05315     3.507  313.08  50.78  0.2030E+12   10.14   2.11  -1  -1  -154.26     0  4   0.0  0   0.0  0
       0.0         0.0         0.0         0.0
  13.36387    42.61055     1.260  313.08  50.78  0.2030E+12   10.30   2.11  -1  -1  -154.26     0  4   0.0  0   0.0  0
       0.0         0.0         0.0         0.0
  13.30106    42.65361     1.260  313.08  50.78  0.2030E+12    8.38   2.11  -1  -1  -154.26     0  4   0.0  0   0.0  0
       0.0         0.0         0.0         0.0
  13.23826    42.69666     1.260  313.08  50.78  0.2030E+12    7.86   2.11  -1  -1  -123.82   103  4   0.0  0   0.0  0
      28.0        20.3         0.2         0.4
  13.17545    42.73971     1.260  313.08  50.78  0.2030E+12    5.12   2.11  -1  -1  -152.88   114  4   0.0  0   0.0  0
      53.7         0.1         0.1         0.1
  13.11264    42.78276     1.260  313.08  50.78  0.2030E+12    5.04   2.11  -1  -1  -106.07   287  4   0.0  0   0.0  0
      37.0        43.5        47.8         8.0
  13.04984    42.82582     1.260  313.08  50.78  0.2030E+12    2.76   2.11  -1  -1   -79.22   117  4   0.0  0   0.0  0
      53.6         0.4         1.2         0.2
  12.98703    42.86887     1.260  313.08  50.78  0.2030E+12    3.89   2.11  -1  -1  -142.95    52  4   0.0  0   0.0  0
      19.7         3.8         1.0         0.3
  12.92423    42.91193     1.260  313.08  50.78  0.2030E+12    5.95   2.11  -1  -1  -151.82    45  4   0.0  0   0.0  0
       5.0        12.3         2.2         1.8
  12.86142    42.95498     1.260  313.08  50.78  0.2030E+12    6.49   2.11  -1  -1  -154.26     0  4   0.0  0   0.0  0
       0.0         0.0         0.0         0.0
  12.79861    42.99803     1.260  313.08  50.78  0.2030E+12    8.38   2.11  -1  -1  -154.26     0  4   0.0  0   0.0  0
       0.0         0.0         0.0         0.0
  12.73581    43.04108     1.260  313.08  50.78  0.2030E+12   10.30   2.11  -1  -1  -154.26     0  4   0.0  0   0.0  0
       0.0         0.0         0.0         0.0
