2.0
#
# http://equake-rc.info/static/paper/SRF-Description-Graves_2.0.pdf
# RECTANGULAR fault MODEL
#
# All subfaults are   7.0 km long along strike and
#   4.6 km wide along dip
#
# Model length along strike is   77.0 km
#
# Model width along dip is   23.0 km
#
# Corners of the rectangular dislocation model (lat, lon):
#     43.215    13.048 : corner 1
#     42.556    13.340 : corner 2
#     42.509    13.144 : corner 3
#     43.168    12.852 : corner 4
#
#
# Number of elementary sliprate
# isoceles triangular functions
# per subfault:   4
#
# Half duration of elementary sliprate
# isoceles triangular functions (s):   2.11
# Triangles are overlapping each other by half
#
# slip rate unit: cm/s
#
#
# Seismic moment is converted into slip
# using a single constant value for the
# shear modulus mu of  0.250E+12 dyne/cm2
# assumed to be constant and characteristic
# of the fault shear zone
#
#
#
# "rake" (degrees) is the slip angle (Aki"s convention,
# e.g. rake=+45 means left-lateral-reverse movement.
#
#
# ************************************************
# Total seismic moment M0=  0.961E+26 dyne.cm
# ************************************************
#
#
PLANE 1
  13.19400    42.88550   11    5    77.000    23.000
162.00  43.00     0.157     0.000    11.500
POINTS   55
  13.09600    42.86200     8.000  162.00  43.00  0.3220E+12    0.00   2.11  -1  -1   -45.94    76  4   0.0  0   0.0  0
      35.6         0.3         0.1         0.1
  12.91110    43.08306    14.274  162.00  43.00  0.3220E+12    8.42   2.11  -1  -1  -113.00     0  4   0.0  0   0.0  0
       0.0         0.0         0.0         0.0
  12.93767    43.02312    14.274  162.00  43.00  0.3220E+12    6.55   2.11  -1  -1  -113.00     0  4   0.0  0   0.0  0
       0.0         0.0         0.0         0.0
  12.96424    42.96317    14.274  162.00  43.00  0.3220E+12    4.79   2.11  -1  -1  -113.00     0  4   0.0  0   0.0  0
       0.0         0.0         0.0         0.0
  12.99082    42.90322    14.274  162.00  43.00  0.3220E+12   10.16   2.11  -1  -1  -105.46    11  4   0.0  0   0.0  0
       0.3         1.9         0.1         2.9
  13.01739    42.84328    14.274  162.00  43.00  0.3220E+12    9.19   2.11  -1  -1  -112.97    35  4   0.0  0   0.0  0
       3.4         1.1         1.6        10.6
  13.04396    42.78333    14.274  162.00  43.00  0.3220E+12   10.66   2.11  -1  -1   -93.26    13  4   0.0  0   0.0  0
       0.2         0.3         2.2         3.7
  13.07053    42.72338    14.274  162.00  43.00  0.3220E+12    7.35   2.11  -1  -1   -87.00     6  4   0.0  0   0.0  0
       1.3         1.1         0.1         0.2
  13.09711    42.66344    14.274  162.00  43.00  0.3220E+12    9.44   2.11  -1  -1   -77.74     2  4   0.0  0   0.0  0
       0.3         0.3         0.1         0.1
  13.12368    42.60349    14.274  162.00  43.00  0.3220E+12    9.68   2.11  -1  -1   -74.57     5  4   0.0  0   0.0  0
       1.0         1.2         0.1         0.1
  13.15025    42.54354    14.274  162.00  43.00  0.3220E+12   10.34   2.11  -1  -1  -113.00     0  4   0.0  0   0.0  0
       0.0         0.0         0.0         0.0
  12.92383    43.15237    11.137  162.00  43.00  0.3220E+12   10.09   2.11  -1  -1  -113.00     0  4   0.0  0   0.0  0
       0.0         0.0         0.0         0.0
  12.95040    43.09242    11.137  162.00  43.00  0.3220E+12    8.11   2.11  -1  -1  -113.00     0  4   0.0  0   0.0  0
       0.0         0.0         0.0         0.0
  12.97698    43.03248    11.137  162.00  43.00  0.3220E+12    6.14   2.11  -1  -1  -113.00     0  4   0.0  0   0.0  0
       0.0         0.0         0.0         0.0
  13.00355    42.97253    11.137  162.00  43.00  0.3220E+12    4.21   2.11  -1  -1  -113.00     0  4   0.0  0   0.0  0
       0.0         0.0         0.0         0.0
  13.03012    42.91259    11.137  162.00  43.00  0.3220E+12    4.18   2.11  -1  -1  -112.48    23  4   0.0  0   0.0  0
       4.3         0.1         1.2         5.1
  13.05669    42.85264    11.137  162.00  43.00  0.3220E+12    3.12   2.11  -1  -1  -103.12    14  4   0.0  0   0.0  0
       0.2         0.1         0.2         5.9
  13.08327    42.79269    11.137  162.00  43.00  0.3220E+12    5.92   2.11  -1  -1   -68.42     1  4   0.0  0   0.0  0
       0.1         0.2         0.1         0.1
  13.10984    42.73275    11.137  162.00  43.00  0.3220E+12    4.50   2.11  -1  -1   -89.08     1  4   0.0  0   0.0  0
       0.1         0.1         0.1         0.1
  13.13641    42.67280    11.137  162.00  43.00  0.3220E+12    8.99   2.11  -1  -1   -25.14    24  4   0.0  0   0.0  0
       1.3         5.5         2.4         2.0
  13.16299    42.61285    11.137  162.00  43.00  0.3220E+12    9.89   2.11  -1  -1   -35.74     3  4   0.0  0   0.0  0
       0.4         0.2         0.1         1.0
  13.18956    42.55291    11.137  162.00  43.00  0.3220E+12   10.09   2.11  -1  -1  -113.00     0  4   0.0  0   0.0  0
       0.0         0.0         0.0         0.0
  12.96314    43.16173     8.000  162.00  43.00  0.3220E+12   10.00   2.11  -1  -1  -113.00     0  4   0.0  0   0.0  0
       0.0         0.0         0.0         0.0
  12.98971    43.10178     8.000  162.00  43.00  0.3220E+12    8.00   2.11  -1  -1  -113.00     0  4   0.0  0   0.0  0
       0.0         0.0         0.0         0.0
  13.01628    43.04184     8.000  162.00  43.00  0.3220E+12    6.00   2.11  -1  -1  -113.00     0  4   0.0  0   0.0  0
       0.0         0.0         0.0         0.0
  13.04285    42.98189     8.000  162.00  43.00  0.3220E+12    4.00   2.11  -1  -1  -113.00     0  4   0.0  0   0.0  0
       0.0         0.0         0.0         0.0
  13.06943    42.92195     8.000  162.00  43.00  0.3220E+12    3.35   2.11  -1  -1  -111.13    13  4   0.0  0   0.0  0
       1.4         4.3         0.3         0.2
  12.88453    43.14301    14.274  162.00  43.00  0.3220E+12   10.34   2.11  -1  -1  -113.00     0  4   0.0  0   0.0  0
       0.0         0.0         0.0         0.0
  13.12257    42.80205     8.000  162.00  43.00  0.3220E+12    2.01   2.11  -1  -1   -94.30    68  4   0.0  0   0.0  0
      29.3         2.3         0.3         0.1
  13.14915    42.74211     8.000  162.00  43.00  0.3220E+12    4.91   2.11  -1  -1   -75.74     9  4   0.0  0   0.0  0
       2.0         0.2         1.9         0.1
  13.17572    42.68216     8.000  162.00  43.00  0.3220E+12    7.98   2.11  -1  -1   -23.77    61  4   0.0  0   0.0  0
      12.3         7.6         4.9         3.9
  13.20229    42.62222     8.000  162.00  43.00  0.3220E+12    9.86   2.11  -1  -1   -24.00    14  4   0.0  0   0.0  0
       0.2         0.5         0.3         5.6
  13.22886    42.56227     8.000  162.00  43.00  0.3220E+12   10.00   2.11  -1  -1  -113.00     0  4   0.0  0   0.0  0
       0.0         0.0         0.0         0.0
  13.00244    43.17109     4.863  162.00  43.00  0.3220E+12   10.09   2.11  -1  -1  -113.00     0  4   0.0  0   0.0  0
       0.0         0.0         0.0         0.0
  13.02901    43.11115     4.863  162.00  43.00  0.3220E+12    8.11   2.11  -1  -1  -113.00     0  4   0.0  0   0.0  0
       0.0         0.0         0.0         0.0
  13.05559    43.05120     4.863  162.00  43.00  0.3220E+12    6.14   2.11  -1  -1  -113.00     0  4   0.0  0   0.0  0
       0.0         0.0         0.0         0.0
  13.08216    42.99125     4.863  162.00  43.00  0.3220E+12    4.21   2.11  -1  -1  -113.00     0  4   0.0  0   0.0  0
       0.0         0.0         0.0         0.0
  13.10873    42.93131     4.863  162.00  43.00  0.3220E+12    4.59   2.11  -1  -1   -99.78    10  4   0.0  0   0.0  0
       1.2         3.3         0.2         0.1
  13.13530    42.87136     4.863  162.00  43.00  0.3220E+12    1.35   2.11  -1  -1   -39.28   110  4   0.0  0   0.0  0
      44.5         7.4         0.1         0.1
  13.16188    42.81141     4.863  162.00  43.00  0.3220E+12    2.75   2.11  -1  -1  -110.42   113  4   0.0  0   0.0  0
      51.8         0.2         1.1         0.5
  13.18845    42.75147     4.863  162.00  43.00  0.3220E+12    5.87   2.11  -1  -1   -99.62   124  4   0.0  0   0.0  0
      42.3        16.4         0.1         0.1
  13.21502    42.69152     4.863  162.00  43.00  0.3220E+12   10.08   2.11  -1  -1   -26.34    47  4   0.0  0   0.0  0
       2.4         4.2         7.4         8.3
  13.24160    42.63158     4.863  162.00  43.00  0.3220E+12    8.56   2.11  -1  -1   -45.96     1  4   0.0  0   0.0  0
       0.1         0.1         0.1         0.1
  13.26817    42.57163     4.863  162.00  43.00  0.3220E+12   10.09   2.11  -1  -1  -113.00     0  4   0.0  0   0.0  0
       0.0         0.0         0.0         0.0
  13.04175    43.18045     1.726  162.00  43.00  0.3220E+12   10.34   2.11  -1  -1  -113.00     0  4   0.0  0   0.0  0
       0.0         0.0         0.0         0.0
  13.06832    43.12051     1.726  162.00  43.00  0.3220E+12    8.42   2.11  -1  -1  -113.00     0  4   0.0  0   0.0  0
       0.0         0.0         0.0         0.0
  13.09489    43.06056     1.726  162.00  43.00  0.3220E+12    6.55   2.11  -1  -1  -113.00     0  4   0.0  0   0.0  0
       0.0         0.0         0.0         0.0
  13.12146    43.00061     1.726  162.00  43.00  0.3220E+12    4.79   2.11  -1  -1  -113.00     0  4   0.0  0   0.0  0
       0.0         0.0         0.0         0.0
  13.14804    42.94067     1.726  162.00  43.00  0.3220E+12    5.27   2.11  -1  -1  -102.93    38  4   0.0  0   0.0  0
      13.4         4.5         0.1         0.1
  13.17461    42.88072     1.726  162.00  43.00  0.3220E+12    2.68   2.11  -1  -1   -69.96   115  4   0.0  0   0.0  0
      53.8         0.3         0.1         0.1
  13.20118    42.82077     1.726  162.00  43.00  0.3220E+12    3.31   2.11  -1  -1   -78.03   114  4   0.0  0   0.0  0
      53.8         0.1         0.2         0.1
  13.22776    42.76083     1.726  162.00  43.00  0.3220E+12    5.90   2.11  -1  -1   -76.58    78  4   0.0  0   0.0  0
      29.4         7.4         0.1         0.1
  13.25433    42.70088     1.726  162.00  43.00  0.3220E+12    7.71   2.11  -1  -1   -97.84    37  4   0.0  0   0.0  0
      10.6         6.4         0.1         0.4
  13.28090    42.64094     1.726  162.00  43.00  0.3220E+12   10.67   2.11  -1  -1   -23.12    28  4   0.0  0   0.0  0
       0.3         2.3         0.1        10.5
  13.30747    42.58099     1.726  162.00  43.00  0.3220E+12   10.34   2.11  -1  -1  -113.00     0  4   0.0  0   0.0  0
       0.0         0.0         0.0         0.0
