2.0
#
# http://equake-rc.info/static/paper/SRF-Description-Graves_2.0.pdf
# RECTANGULAR fault MODEL
#
# All subfaults are  10.0 km long along strike and
#   6.7 km wide along dip
#
# Model length along strike is  130.0 km
#
# Model width along dip is   33.5 km
#
# Corners of the rectangular dislocation model (lat, lon):
#     38.008    26.050 : corner 1
#     37.932    27.530 : corner 2
#     37.786    27.518 : corner 3
#     37.862    26.038 : corner 4
#
#
# Number of elementary sliprate
# isoceles triangular functions
# per subfault:   4
#
# Half duration of elementary sliprate
# isoceles triangular functions (s):   2.86
# Triangles are overlapping each other by half
#
# slip rate unit: cm/s
#
#
# Seismic moment is converted into slip
# using a single constant value for the
# shear modulus mu of  0.250E+12 dyne/cm2
# assumed to be constant and characteristic
# of the fault shear zone
#
#
#
# "rake" (degrees) is the slip angle (Aki"s convention,
# e.g. rake=+45 means left-lateral-reverse movement.
#
#
# ************************************************
# Total seismic moment M0=  0.476E+27 dyne.cm
# ************************************************
#
#
PLANE 1
  26.79000    37.97000   13    5   130.000    33.500
 93.71  61.02     0.047     0.000    16.751
POINTS   65
  26.78400    37.89700    14.700   93.71  61.02  0.6700E+12    0.00   2.86  -1  -1  -109.84    39  4   0.0  0   0.0  0
      11.6         1.3         0.5         0.2
  26.20999    37.86783    26.422   93.71  61.02  0.6700E+12   15.91   2.86  -1  -1   -52.42    26  4   0.0  0   0.0  0
       2.8         0.6         0.4         5.4
  26.32383    37.86200    26.422   93.71  61.02  0.6700E+12   12.24   2.86  -1  -1   -46.38    47  4   0.0  0   0.0  0
      15.7         0.2         0.2         0.3
  26.43768    37.85617    26.422   93.71  61.02  0.6700E+12   14.05   2.86  -1  -1   -78.24    13  4   0.0  0   0.0  0
       4.0         0.2         0.3         0.2
  26.55152    37.85033    26.422   93.71  61.02  0.6700E+12   14.71   2.86  -1  -1   -92.78     5  4   0.0  0   0.0  0
       0.7         0.2         0.6         0.3
  26.66536    37.84451    26.422   93.71  61.02  0.6700E+12   15.93   2.86  -1  -1   -97.38    19  4   0.0  0   0.0  0
       0.9         0.7         3.6         1.4
  26.77920    37.83867    26.422   93.71  61.02  0.6700E+12   13.13   2.86  -1  -1   -98.29    19  4   0.0  0   0.0  0
       0.1         0.2         0.2         6.1
  26.89305    37.83284    26.422   93.71  61.02  0.6700E+12   15.86   2.86  -1  -1  -135.05    83  4   0.0  0   0.0  0
       0.2         0.6        13.1        15.2
  27.00689    37.82701    26.422   93.71  61.02  0.6700E+12   14.67   2.86  -1  -1  -123.41    17  4   0.0  0   0.0  0
       1.2         0.4         0.9         3.4
  27.12073    37.82118    26.422   93.71  61.02  0.6700E+12   11.81   2.86  -1  -1  -133.46    43  4   0.0  0   0.0  0
       5.2         5.2         3.1         1.8
  27.23457    37.81535    26.422   93.71  61.02  0.6700E+12   14.66   2.86  -1  -1  -131.94    70  4   0.0  0   0.0  0
      20.3         2.4         0.9         0.8
  27.34842    37.80952    26.422   93.71  61.02  0.6700E+12   17.26   2.86  -1  -1  -135.08    73  4   0.0  0   0.0  0
       0.3         0.1         0.2        24.8
  27.46226    37.80369    26.422   93.71  61.02  0.6700E+12   17.32   2.86  -1  -1  -136.11     0  4   0.0  0   0.0  0
       0.0         0.0         0.0         0.0
  26.09855    37.90282    20.561   93.71  61.02  0.6700E+12   17.25   2.86  -1  -1  -136.11     0  4   0.0  0   0.0  0
       0.0         0.0         0.0         0.0
  26.21239    37.89699    20.561   93.71  61.02  0.6700E+12   17.20   2.86  -1  -1   -60.55    17  4   0.0  0   0.0  0
       0.5         0.1         1.4         4.0
  26.32623    37.89116    20.561   93.71  61.02  0.6700E+12   15.90   2.86  -1  -1   -68.49    12  4   0.0  0   0.0  0
       1.9         0.2         0.3         1.8
  26.44007    37.88533    20.561   93.71  61.02  0.6700E+12    9.66   2.86  -1  -1   -63.56    17  4   0.0  0   0.0  0
       5.1         0.4         0.1         0.3
  26.55392    37.87950    20.561   93.71  61.02  0.6700E+12    7.03   2.86  -1  -1   -85.13    12  4   0.0  0   0.0  0
       3.5         0.5         0.1         0.2
  26.66776    37.87367    20.561   93.71  61.02  0.6700E+12   11.21   2.86  -1  -1   -72.71    17  4   0.0  0   0.0  0
       4.7         0.9         0.3         0.2
  26.78160    37.86784    20.561   93.71  61.02  0.6700E+12    6.61   2.86  -1  -1   -46.31     8  4   0.0  0   0.0  0
       1.5         0.2         0.3         0.8
  26.89544    37.86201    20.561   93.71  61.02  0.6700E+12    8.37   2.86  -1  -1   -78.14     2  4   0.0  0   0.0  0
       0.1         0.1         0.1         0.2
  27.00929    37.85617    20.561   93.71  61.02  0.6700E+12   17.17   2.86  -1  -1  -121.13    19  4   0.0  0   0.0  0
       0.1         0.1         0.2         6.1
  27.12313    37.85035    20.561   93.71  61.02  0.6700E+12   10.96   2.86  -1  -1  -135.46    55  4   0.0  0   0.0  0
      18.5         0.6         0.1         0.2
  27.23697    37.84451    20.561   93.71  61.02  0.6700E+12   11.84   2.86  -1  -1  -117.77    38  4   0.0  0   0.0  0
      12.8         0.2         0.1         0.2
  27.35081    37.83868    20.561   93.71  61.02  0.6700E+12   15.91   2.86  -1  -1   -89.49     8  4   0.0  0   0.0  0
       0.4         0.4         0.2         1.7
  27.46466    37.83285    20.561   93.71  61.02  0.6700E+12   17.25   2.86  -1  -1  -136.11     0  4   0.0  0   0.0  0
       0.0         0.0         0.0         0.0
  26.10094    37.93198    14.700   93.71  61.02  0.6700E+12   17.14   2.86  -1  -1  -136.11     0  4   0.0  0   0.0  0
       0.0         0.0         0.0         0.0
  26.21479    37.92616    14.700   93.71  61.02  0.6700E+12   17.12   2.86  -1  -1   -93.87    18  4   0.0  0   0.0  0
       3.3         0.2         0.1         2.6
  26.32863    37.92032    14.700   93.71  61.02  0.6700E+12   11.47   2.86  -1  -1  -105.33    21  4   0.0  0   0.0  0
       3.8         3.2         0.2         0.1
  26.44247    37.91449    14.700   93.71  61.02  0.6700E+12   14.68   2.86  -1  -1  -113.63    15  4   0.0  0   0.0  0
       1.1         3.2         1.0         0.1
  26.55631    37.90866    14.700   93.71  61.02  0.6700E+12    9.98   2.86  -1  -1   -46.56    39  4   0.0  0   0.0  0
       8.7         3.5         1.1         0.1
  26.67016    37.90283    14.700   93.71  61.02  0.6700E+12    3.49   2.86  -1  -1   -82.03    55  4   0.0  0   0.0  0
      15.1         3.7         0.4         0.2
  26.09615    37.87366    26.422   93.71  61.02  0.6700E+12   17.32   2.86  -1  -1  -136.11     0  4   0.0  0   0.0  0
       0.0         0.0         0.0         0.0
  26.89784    37.89117    14.700   93.71  61.02  0.6700E+12    8.60   2.86  -1  -1   -66.38     5  4   0.0  0   0.0  0
       0.7         0.6         0.2         0.2
  27.01169    37.88534    14.700   93.71  61.02  0.6700E+12   11.26   2.86  -1  -1  -118.82     4  4   0.0  0   0.0  0
       0.2         0.3         0.4         0.5
  27.12553    37.87951    14.700   93.71  61.02  0.6700E+12   16.62   2.86  -1  -1  -112.77    12  4   0.0  0   0.0  0
       2.7         0.2         0.1         1.3
  27.23937    37.87368    14.700   93.71  61.02  0.6700E+12   15.37   2.86  -1  -1   -98.52     9  4   0.0  0   0.0  0
       2.6         0.2         0.2         0.3
  27.35321    37.86784    14.700   93.71  61.02  0.6700E+12   14.73   2.86  -1  -1   -92.57     2  4   0.0  0   0.0  0
       0.2         0.2         0.2         0.2
  27.46706    37.86201    14.700   93.71  61.02  0.6700E+12   17.14   2.86  -1  -1  -136.11     0  4   0.0  0   0.0  0
       0.0         0.0         0.0         0.0
  26.10334    37.96115     8.839   93.71  61.02  0.6700E+12   17.25   2.86  -1  -1  -136.11     0  4   0.0  0   0.0  0
       0.0         0.0         0.0         0.0
  26.21719    37.95531     8.839   93.71  61.02  0.6700E+12   17.11   2.86  -1  -1   -50.37    16  4   0.0  0   0.0  0
       0.1         2.0         2.5         0.8
  26.33103    37.94949     8.839   93.71  61.02  0.6700E+12   13.46   2.86  -1  -1   -94.03    74  4   0.0  0   0.0  0
      19.1         4.2         1.8         0.7
  26.44487    37.94365     8.839   93.71  61.02  0.6700E+12    9.36   2.86  -1  -1   -84.58   155  4   0.0  0   0.0  0
      28.0        23.3         2.3         0.4
  26.55871    37.93782     8.839   93.71  61.02  0.6700E+12    8.25   2.86  -1  -1   -60.09   109  4   0.0  0   0.0  0
      16.0        15.5         5.2         1.4
  26.67256    37.93199     8.839   93.71  61.02  0.6700E+12    3.46   2.86  -1  -1   -81.57   121  4   0.0  0   0.0  0
      13.1        11.4        17.5         0.1
  26.78640    37.92616     8.839   93.71  61.02  0.6700E+12    4.09   2.86  -1  -1   -97.57   177  4   0.0  0   0.0  0
      45.8         9.5         6.4         0.3
  26.90024    37.92033     8.839   93.71  61.02  0.6700E+12    8.07   2.86  -1  -1   -85.57   115  4   0.0  0   0.0  0
      21.0        17.5         1.6         0.2
  27.01408    37.91450     8.839   93.71  61.02  0.6700E+12    6.32   2.86  -1  -1   -95.41    68  4   0.0  0   0.0  0
      12.8         7.9         2.4         0.8
  27.12793    37.90867     8.839   93.71  61.02  0.6700E+12   11.89   2.86  -1  -1  -112.09    51  4   0.0  0   0.0  0
      12.5         4.5         0.6         0.1
  27.24177    37.90284     8.839   93.71  61.02  0.6700E+12   15.46   2.86  -1  -1   -80.56    11  4   0.0  0   0.0  0
       2.6         1.1         0.1         0.1
  27.35561    37.89701     8.839   93.71  61.02  0.6700E+12   15.90   2.86  -1  -1   -74.02     3  4   0.0  0   0.0  0
       0.2         0.1         0.1         0.5
  27.46946    37.89118     8.839   93.71  61.02  0.6700E+12   17.25   2.86  -1  -1  -136.11     0  4   0.0  0   0.0  0
       0.0         0.0         0.0         0.0
  26.10574    37.99031     2.978   93.71  61.02  0.6700E+12   17.32   2.86  -1  -1  -136.11     0  4   0.0  0   0.0  0
       0.0         0.0         0.0         0.0
  26.21958    37.98448     2.978   93.71  61.02  0.6700E+12   15.26   2.86  -1  -1  -116.90   116  4   0.0  0   0.0  0
      33.2         3.7         3.6         0.2
  26.33343    37.97865     2.978   93.71  61.02  0.6700E+12   13.10   2.86  -1  -1  -103.73   211  4   0.0  0   0.0  0
      59.7        11.3         1.8         0.8
  26.44727    37.97282     2.978   93.71  61.02  0.6700E+12   10.46   2.86  -1  -1  -100.28   147  4   0.0  0   0.0  0
      18.7        15.5        12.8         4.3
  26.56111    37.96699     2.978   93.71  61.02  0.6700E+12    8.85   2.86  -1  -1   -95.09   160  4   0.0  0   0.0  0
      27.3        13.8        12.7         2.2
  26.67496    37.96115     2.978   93.71  61.02  0.6700E+12    7.39   2.86  -1  -1   -94.79   115  4   0.0  0   0.0  0
      21.4        14.8         3.1         0.8
  26.78880    37.95533     2.978   93.71  61.02  0.6700E+12    4.60   2.86  -1  -1   -91.58   127  4   0.0  0   0.0  0
      27.5        14.3         1.9         0.6
  26.90264    37.94949     2.978   93.71  61.02  0.6700E+12    4.82   2.86  -1  -1   -90.93   113  4   0.0  0   0.0  0
      23.7         9.9         5.8         0.3
  27.01648    37.94366     2.978   93.71  61.02  0.6700E+12    9.82   2.86  -1  -1  -122.57    57  4   0.0  0   0.0  0
      11.0         5.7         1.4         1.9
  27.13033    37.93783     2.978   93.71  61.02  0.6700E+12    9.60   2.86  -1  -1   -80.01    25  4   0.0  0   0.0  0
       3.3         1.2         4.2         0.1
  27.24417    37.93200     2.978   93.71  61.02  0.6700E+12   15.21   2.86  -1  -1   -79.61    28  4   0.0  0   0.0  0
       5.9         3.2         0.3         0.4
  27.35801    37.92617     2.978   93.71  61.02  0.6700E+12   16.73   2.86  -1  -1   -94.53     3  4   0.0  0   0.0  0
       0.6         0.1         0.1         0.2
  27.47186    37.92034     2.978   93.71  61.02  0.6700E+12   17.32   2.86  -1  -1  -136.11     0  4   0.0  0   0.0  0
       0.0         0.0         0.0         0.0
