2.0
#
# http://equake-rc.info/static/paper/SRF-Description-Graves_2.0.pdf
# RECTANGULAR fault MODEL
#
# All subfaults are  10.0 km long along strike and
#  17.0 km wide along dip
#
# Model length along strike is  130.0 km
#
# Model width along dip is   85.0 km
#
# Corners of the rectangular dislocation model (lat, lon):
#     37.636    27.495 : corner 1
#     37.758    26.020 : corner 2
#     38.424    26.109 : corner 3
#     38.302    27.583 : corner 4
#
#
# Number of elementary sliprate
# isoceles triangular functions
# per subfault:   4
#
# Half duration of elementary sliprate
# isoceles triangular functions (s):   2.86
# Triangles are overlapping each other by half
#
# slip rate unit: cm/s
#
#
# Seismic moment is converted into slip
# using a single constant value for the
# shear modulus mu of  0.250E+12 dyne/cm2
# assumed to be constant and characteristic
# of the fault shear zone
#
#
#
# "rake" (degrees) is the slip angle (Aki"s convention,
# e.g. rake=+45 means left-lateral-reverse movement.
#
#
# ************************************************
# Total seismic moment M0=  0.475E+27 dyne.cm
# ************************************************
#
#
PLANE 1
  26.75750    37.69700   13    5   130.000    85.000
276.00  29.00     2.337     0.000    25.500
POINTS   65
  26.78400    37.89700    14.700  276.00  29.00  0.1700E+13    0.00   2.86  -1  -1   -53.78    62  4   0.0  0   0.0  0
       0.2        10.4         4.9         6.3
  27.40448    38.24931    39.425  276.00  29.00  0.1700E+13   17.32   2.86  -1  -1   -88.48     8  4   0.0  0   0.0  0
       0.1         0.1         0.1         2.5
  27.29102    38.25872    39.425  276.00  29.00  0.1700E+13   17.32   2.86  -1  -1   -74.29     7  4   0.0  0   0.0  0
       0.1         0.1         0.1         2.2
  27.17756    38.26813    39.425  276.00  29.00  0.1700E+13   17.05   2.86  -1  -1   -83.71     7  4   0.0  0   0.0  0
       0.1         0.1         0.1         2.3
  27.06411    38.27754    39.425  276.00  29.00  0.1700E+13   16.34   2.86  -1  -1  -132.88    41  4   0.0  0   0.0  0
      13.7         0.1         0.1         0.5
  26.95065    38.28695    39.425  276.00  29.00  0.1700E+13   15.18   2.86  -1  -1  -132.97    65  4   0.0  0   0.0  0
      22.5         0.1         0.1         0.1
  26.83719    38.29636    39.425  276.00  29.00  0.1700E+13   16.90   2.86  -1  -1  -132.91     2  4   0.0  0   0.0  0
       0.3         0.1         0.1         0.1
  26.72373    38.30577    39.425  276.00  29.00  0.1700E+13   17.16   2.86  -1  -1  -132.64     1  4   0.0  0   0.0  0
       0.1         0.1         0.1         0.1
  26.61028    38.31518    39.425  276.00  29.00  0.1700E+13   17.06   2.86  -1  -1   -44.69     1  4   0.0  0   0.0  0
       0.1         0.1         0.1         0.1
  26.49682    38.32459    39.425  276.00  29.00  0.1700E+13   17.02   2.86  -1  -1   -43.76     1  4   0.0  0   0.0  0
       0.1         0.1         0.1         0.1
  26.38336    38.33400    39.425  276.00  29.00  0.1700E+13   17.32   2.86  -1  -1   -62.14     6  4   0.0  0   0.0  0
       1.1         0.1         0.1         0.6
  26.26991    38.34341    39.425  276.00  29.00  0.1700E+13   17.32   2.86  -1  -1   -72.83    13  4   0.0  0   0.0  0
       1.7         0.1         0.1         2.7
  26.15645    38.35282    39.425  276.00  29.00  0.1700E+13   17.32   2.86  -1  -1  -133.00     0  4   0.0  0   0.0  0
       0.0         0.0         0.0         0.0
  27.50021    38.10678    31.184  276.00  29.00  0.1700E+13   17.32   2.86  -1  -1  -133.00     0  4   0.0  0   0.0  0
       0.0         0.0         0.0         0.0
  27.38675    38.11619    31.184  276.00  29.00  0.1700E+13   17.32   2.86  -1  -1  -130.57    16  4   0.0  0   0.0  0
       0.1         0.1         0.1         5.5
  27.27329    38.12560    31.184  276.00  29.00  0.1700E+13   17.13   2.86  -1  -1  -110.34     1  4   0.0  0   0.0  0
       0.1         0.1         0.1         0.2
  27.15983    38.13501    31.184  276.00  29.00  0.1700E+13   17.09   2.86  -1  -1  -102.07     2  4   0.0  0   0.0  0
       0.3         0.1         0.1         0.1
  27.04638    38.14442    31.184  276.00  29.00  0.1700E+13   12.23   2.86  -1  -1  -132.40    10  4   0.0  0   0.0  0
       3.0         0.1         0.1         0.1
  26.93292    38.15383    31.184  276.00  29.00  0.1700E+13   17.05   2.86  -1  -1  -132.66     1  4   0.0  0   0.0  0
       0.1         0.1         0.1         0.1
  26.81946    38.16324    31.184  276.00  29.00  0.1700E+13    9.76   2.86  -1  -1  -131.49     8  4   0.0  0   0.0  0
       2.5         0.1         0.1         0.1
  26.70600    38.17265    31.184  276.00  29.00  0.1700E+13   10.31   2.86  -1  -1  -128.48    25  4   0.0  0   0.0  0
       7.3         0.1         0.1         1.2
  26.59255    38.18206    31.184  276.00  29.00  0.1700E+13   15.18   2.86  -1  -1   -97.18     9  4   0.0  0   0.0  0
       2.3         0.1         0.1         0.6
  26.47909    38.19147    31.184  276.00  29.00  0.1700E+13   13.46   2.86  -1  -1   -63.94     6  4   0.0  0   0.0  0
       1.5         0.1         0.1         0.3
  26.36563    38.20088    31.184  276.00  29.00  0.1700E+13   17.12   2.86  -1  -1   -85.43     7  4   0.0  0   0.0  0
       0.1         0.1         0.5         1.8
  26.25217    38.21029    31.184  276.00  29.00  0.1700E+13   17.28   2.86  -1  -1   -96.07    12  4   0.0  0   0.0  0
       0.1         0.1         0.5         3.5
  26.13872    38.21970    31.184  276.00  29.00  0.1700E+13   17.32   2.86  -1  -1  -133.00     0  4   0.0  0   0.0  0
       0.0         0.0         0.0         0.0
  27.48248    37.97366    22.942  276.00  29.00  0.1700E+13   17.32   2.86  -1  -1  -133.00     0  4   0.0  0   0.0  0
       0.0         0.0         0.0         0.0
  27.36902    37.98307    22.942  276.00  29.00  0.1700E+13   17.13   2.86  -1  -1  -107.03     1  4   0.0  0   0.0  0
       0.1         0.1         0.1         0.1
  27.25556    37.99248    22.942  276.00  29.00  0.1700E+13   14.04   2.86  -1  -1  -104.99     2  4   0.0  0   0.0  0
       0.5         0.1         0.1         0.1
  27.14210    38.00189    22.942  276.00  29.00  0.1700E+13   12.95   2.86  -1  -1   -99.04    25  4   0.0  0   0.0  0
       8.3         0.1         0.2         0.1
  27.02865    38.01130    22.942  276.00  29.00  0.1700E+13   16.98   2.86  -1  -1  -121.11    11  4   0.0  0   0.0  0
       1.8         1.8         0.1         0.1
  26.91519    38.02071    22.942  276.00  29.00  0.1700E+13    8.94   2.86  -1  -1   -90.16     7  4   0.0  0   0.0  0
       2.2         0.1         0.1         0.1
  26.80173    38.03012    22.942  276.00  29.00  0.1700E+13    5.13   2.86  -1  -1   -85.50    16  4   0.0  0   0.0  0
       4.7         0.5         0.2         0.1
  26.68827    38.03953    22.942  276.00  29.00  0.1700E+13    5.77   2.86  -1  -1   -62.26    23  4   0.0  0   0.0  0
       5.3         1.8         0.9         0.1
  26.57482    38.04894    22.942  276.00  29.00  0.1700E+13    8.82   2.86  -1  -1   -60.17    33  4   0.0  0   0.0  0
       7.8         3.4         0.1         0.1
  26.46136    38.05835    22.942  276.00  29.00  0.1700E+13   10.49   2.86  -1  -1   -79.70    27  4   0.0  0   0.0  0
       6.9         2.1         0.2         0.1
  26.34790    38.06776    22.942  276.00  29.00  0.1700E+13   14.00   2.86  -1  -1   -55.53    18  4   0.0  0   0.0  0
       5.9         0.1         0.1         0.1
  26.23444    38.07717    22.942  276.00  29.00  0.1700E+13   17.12   2.86  -1  -1   -78.26     4  4   0.0  0   0.0  0
       0.1         0.1         0.1         1.2
  26.12099    38.08658    22.942  276.00  29.00  0.1700E+13   17.32   2.86  -1  -1  -133.00     0  4   0.0  0   0.0  0
       0.0         0.0         0.0         0.0
  27.46474    37.84054    14.700  276.00  29.00  0.1700E+13   17.14   2.86  -1  -1  -133.00     0  4   0.0  0   0.0  0
       0.0         0.0         0.0         0.0
  27.35129    37.84995    14.700  276.00  29.00  0.1700E+13   14.61   2.86  -1  -1  -116.15     2  4   0.0  0   0.0  0
       0.1         0.1         0.1         0.5
  27.23783    37.85936    14.700  276.00  29.00  0.1700E+13   12.30   2.86  -1  -1  -100.97    28  4   0.0  0   0.0  0
       8.9         0.7         0.1         0.1
  27.12437    37.86877    14.700  276.00  29.00  0.1700E+13   11.17   2.86  -1  -1   -85.81    25  4   0.0  0   0.0  0
       2.0         4.6         1.5         0.6
  27.01092    37.87818    14.700  276.00  29.00  0.1700E+13    6.83   2.86  -1  -1   -63.66    64  4   0.0  0   0.0  0
      11.8         4.6         4.3         1.6
  26.89746    37.88759    14.700  276.00  29.00  0.1700E+13    7.84   2.86  -1  -1   -44.59    58  4   0.0  0   0.0  0
       6.2         7.3         4.5         2.3
  27.51794    38.23990    39.425  276.00  29.00  0.1700E+13   17.32   2.86  -1  -1  -133.00     0  4   0.0  0   0.0  0
       0.0         0.0         0.0         0.0
  26.67054    37.90641    14.700  276.00  29.00  0.1700E+13    4.13   2.86  -1  -1   -72.31    44  4   0.0  0   0.0  0
       3.2         5.1         4.4         2.7
  26.55709    37.91582    14.700  276.00  29.00  0.1700E+13    6.29   2.86  -1  -1   -69.75    20  4   0.0  0   0.0  0
       0.7         2.4         3.7         0.3
  26.44363    37.92523    14.700  276.00  29.00  0.1700E+13    8.86   2.86  -1  -1   -79.10    15  4   0.0  0   0.0  0
       2.8         2.1         0.2         0.2
  26.33017    37.93464    14.700  276.00  29.00  0.1700E+13   17.20   2.86  -1  -1   -72.91    10  4   0.0  0   0.0  0
       0.8         1.3         1.1         0.1
  26.21671    37.94405    14.700  276.00  29.00  0.1700E+13   16.60   2.86  -1  -1   -49.85     6  4   0.0  0   0.0  0
       1.1         0.3         0.1         0.4
  26.10326    37.95346    14.700  276.00  29.00  0.1700E+13   17.14   2.86  -1  -1  -133.00     0  4   0.0  0   0.0  0
       0.0         0.0         0.0         0.0
  27.44701    37.70742     6.458  276.00  29.00  0.1700E+13   17.32   2.86  -1  -1  -133.00     0  4   0.0  0   0.0  0
       0.0         0.0         0.0         0.0
  27.33356    37.71683     6.458  276.00  29.00  0.1700E+13   15.35   2.86  -1  -1  -128.48    31  4   0.0  0   0.0  0
       7.5         0.8         0.5         1.9
  27.22010    37.72624     6.458  276.00  29.00  0.1700E+13   15.01   2.86  -1  -1  -101.89    26  4   0.0  0   0.0  0
       5.8         1.8         1.6         0.1
  27.10664    37.73565     6.458  276.00  29.00  0.1700E+13   11.33   2.86  -1  -1   -93.74    38  4   0.0  0   0.0  0
       3.5         5.1         1.6         3.1
  26.99319    37.74506     6.458  276.00  29.00  0.1700E+13   12.29   2.86  -1  -1   -77.58    52  4   0.0  0   0.0  0
       7.0         5.9         5.2         0.2
  26.87973    37.75447     6.458  276.00  29.00  0.1700E+13    7.56   2.86  -1  -1   -58.44    59  4   0.0  0   0.0  0
       6.0         5.7         7.2         1.8
  26.76627    37.76388     6.458  276.00  29.00  0.1700E+13    8.69   2.86  -1  -1   -75.53    40  4   0.0  0   0.0  0
       6.9         4.9         1.2         1.0
  26.65281    37.77329     6.458  276.00  29.00  0.1700E+13    5.82   2.86  -1  -1   -60.26    71  4   0.0  0   0.0  0
      13.4         6.3         2.3         2.9
  26.53935    37.78270     6.458  276.00  29.00  0.1700E+13    9.32   2.86  -1  -1   -73.11    19  4   0.0  0   0.0  0
       4.2         0.6         1.3         0.6
  26.42590    37.79211     6.458  276.00  29.00  0.1700E+13   16.38   2.86  -1  -1   -51.97     7  4   0.0  0   0.0  0
       1.2         1.1         0.2         0.2
  26.31244    37.80152     6.458  276.00  29.00  0.1700E+13   15.85   2.86  -1  -1   -62.59    11  4   0.0  0   0.0  0
       0.7         1.0         0.6         1.4
  26.19898    37.81093     6.458  276.00  29.00  0.1700E+13   16.26   2.86  -1  -1   -61.52    12  4   0.0  0   0.0  0
       0.3         3.3         0.4         0.1
  26.08553    37.82034     6.458  276.00  29.00  0.1700E+13   17.32   2.86  -1  -1  -133.00     0  4   0.0  0   0.0  0
       0.0         0.0         0.0         0.0
