2.0
#
# http://equake-rc.info/static/paper/SRF-Description-Graves_2.0.pdf
# RECTANGULAR fault MODEL
#
# All subfaults are   5.0 km long along strike and
#   7.3 km wide along dip
#
# Model length along strike is   45.0 km
#
# Model width along dip is   36.5 km
#
# Corners of the rectangular dislocation model (lat, lon):
#      9.712   -70.862 : corner 1
#     10.106   -70.769 : corner 2
#     10.040   -70.480 : corner 3
#      9.646   -70.572 : corner 4
#
#
# Number of elementary sliprate
# isoceles triangular functions
# per subfault:   4
#
# Half duration of elementary sliprate
# isoceles triangular functions (s):   1.55
# Triangles are overlapping each other by half
#
# slip rate unit: cm/s
#
#
# Seismic moment is converted into slip
# using a single constant value for the
# shear modulus mu of  0.250E+12 dyne/cm2
# assumed to be constant and characteristic
# of the fault shear zone
#
#
#
# "rake" (degrees) is the slip angle (Aki"s convention,
# e.g. rake=+45 means left-lateral-reverse movement.
#
#
# ************************************************
# Total seismic moment M0=  0.320E+26 dyne.cm
# ************************************************
#
#
PLANE 1
 -70.81550     9.90900    9    5    45.000    36.500
 13.00  27.00     0.029     0.000    10.953
POINTS   45
 -70.72860     9.88930     5.000   13.00  27.00  0.3650E+12    0.00   1.55  -1  -1    99.63     1  4   0.0  0   0.0  0
       0.2         0.2         0.1         0.1
 -70.58591     9.71847    14.942   13.00  27.00  0.3650E+12    7.19   1.55  -1  -1    88.46     1  4   0.0  0   0.0  0
       0.1         0.1         0.1         0.1
 -70.57565     9.76226    14.942   13.00  27.00  0.3650E+12    6.98   1.55  -1  -1    67.63     0  4   0.0  0   0.0  0
       0.1         0.1         0.0         0.1
 -70.56538     9.80605    14.942   13.00  27.00  0.3650E+12    6.42   1.55  -1  -1    61.36     1  4   0.0  0   0.0  0
       0.3         0.4         0.1         0.1
 -70.55512     9.84984    14.942   13.00  27.00  0.3650E+12    6.76   1.55  -1  -1    68.53     1  4   0.0  0   0.0  0
       0.2         0.3         0.1         0.1
 -70.54486     9.89364    14.942   13.00  27.00  0.3650E+12    6.44   1.55  -1  -1    74.86     1  4   0.0  0   0.0  0
       0.2         0.2         0.1         0.1
 -70.53460     9.93743    14.942   13.00  27.00  0.3650E+12    7.12   1.55  -1  -1    72.58     0  4   0.0  0   0.0  0
       0.1         0.1         0.1         0.1
 -70.52433     9.98122    14.942   13.00  27.00  0.3650E+12    7.19   1.55  -1  -1    86.57     0  4   0.0  0   0.0  0
       0.1         0.1         0.1         0.0
 -70.51407    10.02501    14.942   13.00  27.00  0.3650E+12    7.19   1.55  -1  -1    55.00     0  4   0.0  0   0.0  0
       0.0         0.0         0.0         0.0
 -70.65400     9.68783    11.628   13.00  27.00  0.3650E+12    7.07   1.55  -1  -1    55.00     0  4   0.0  0   0.0  0
       0.0         0.0         0.0         0.0
 -70.64374     9.73162    11.628   13.00  27.00  0.3650E+12    6.17   1.55  -1  -1    72.84    15  4   0.0  0   0.0  0
       9.4         0.4         0.1         0.1
 -70.63347     9.77541    11.628   13.00  27.00  0.3650E+12    5.12   1.55  -1  -1    89.20    26  4   0.0  0   0.0  0
      15.4         0.9         0.2         0.1
 -70.62321     9.81921    11.628   13.00  27.00  0.3650E+12    5.71   1.55  -1  -1    88.65    33  4   0.0  0   0.0  0
      12.4         7.7         1.0         0.1
 -70.61295     9.86300    11.628   13.00  27.00  0.3650E+12    4.26   1.55  -1  -1   103.75    52  4   0.0  0   0.0  0
      31.9         1.5         0.2         0.1
 -70.60268     9.90679    11.628   13.00  27.00  0.3650E+12    4.88   1.55  -1  -1    93.53    29  4   0.0  0   0.0  0
       0.7        12.9         5.0         0.1
 -70.59242     9.95058    11.628   13.00  27.00  0.3650E+12    6.39   1.55  -1  -1   100.35    13  4   0.0  0   0.0  0
       7.1         0.6         0.4         0.1
 -70.58216     9.99437    11.628   13.00  27.00  0.3650E+12    6.15   1.55  -1  -1   109.86     6  4   0.0  0   0.0  0
       3.4         0.2         0.1         0.1
 -70.57190    10.03816    11.628   13.00  27.00  0.3650E+12    7.07   1.55  -1  -1    55.00     0  4   0.0  0   0.0  0
       0.0         0.0         0.0         0.0
 -70.71182     9.70098     8.314   13.00  27.00  0.3650E+12    6.08   1.55  -1  -1    55.00     0  4   0.0  0   0.0  0
       0.0         0.0         0.0         0.0
 -70.70156     9.74477     8.314   13.00  27.00  0.3650E+12    4.94   1.55  -1  -1    90.42     9  4   0.0  0   0.0  0
       5.0         0.4         0.1         0.1
 -70.69130     9.78857     8.314   13.00  27.00  0.3650E+12    4.24   1.55  -1  -1    98.42    28  4   0.0  0   0.0  0
      17.8         0.3         0.1         0.1
 -70.68104     9.83236     8.314   13.00  27.00  0.3650E+12    2.77   1.55  -1  -1    99.32    20  4   0.0  0   0.0  0
       9.3         1.3         2.1         0.1
 -70.67078     9.87615     8.314   13.00  27.00  0.3650E+12    2.78   1.55  -1  -1   100.64    33  4   0.0  0   0.0  0
      17.6         2.6         0.6         0.4
 -70.66051     9.91994     8.314   13.00  27.00  0.3650E+12    2.78   1.55  -1  -1   105.33    27  4   0.0  0   0.0  0
      11.6         2.3         3.4         0.1
 -70.65025     9.96373     8.314   13.00  27.00  0.3650E+12    3.56   1.55  -1  -1   104.24    20  4   0.0  0   0.0  0
      10.1         2.2         0.3         0.1
 -70.63998    10.00752     8.314   13.00  27.00  0.3650E+12    5.99   1.55  -1  -1   108.51    21  4   0.0  0   0.0  0
      13.0         0.2         0.1         0.1
 -70.62972    10.05131     8.314   13.00  27.00  0.3650E+12    6.08   1.55  -1  -1    55.00     0  4   0.0  0   0.0  0
       0.0         0.0         0.0         0.0
 -70.76965     9.71413     5.000   13.00  27.00  0.3650E+12    5.71   1.55  -1  -1    55.00     0  4   0.0  0   0.0  0
       0.0         0.0         0.0         0.0
 -70.75938     9.75793     5.000   13.00  27.00  0.3650E+12    5.45   1.55  -1  -1    87.35     1  4   0.0  0   0.0  0
       0.2         0.1         0.1         0.1
 -70.74912     9.80172     5.000   13.00  27.00  0.3650E+12    4.17   1.55  -1  -1   108.94     1  4   0.0  0   0.0  0
       0.2         0.2         0.2         0.1
 -70.73886     9.84551     5.000   13.00  27.00  0.3650E+12    2.77   1.55  -1  -1   107.39     1  4   0.0  0   0.0  0
       0.3         0.1         0.1         0.3
 -70.59617     9.67468    14.942   13.00  27.00  0.3650E+12    7.19   1.55  -1  -1    55.00     0  4   0.0  0   0.0  0
       0.0         0.0         0.0         0.0
 -70.71834     9.93309     5.000   13.00  27.00  0.3650E+12    3.26   1.55  -1  -1   101.19     1  4   0.0  0   0.0  0
       0.1         0.1         0.1         0.1
 -70.70808     9.97688     5.000   13.00  27.00  0.3650E+12    4.21   1.55  -1  -1   106.03     1  4   0.0  0   0.0  0
       0.1         0.2         0.1         0.1
 -70.69781    10.02067     5.000   13.00  27.00  0.3650E+12    5.79   1.55  -1  -1   105.63     1  4   0.0  0   0.0  0
       0.2         0.1         0.2         0.2
 -70.68755    10.06447     5.000   13.00  27.00  0.3650E+12    5.71   1.55  -1  -1    55.00     0  4   0.0  0   0.0  0
       0.0         0.0         0.0         0.0
 -70.82748     9.72729     1.686   13.00  27.00  0.3650E+12    6.08   1.55  -1  -1    55.00     0  4   0.0  0   0.0  0
       0.0         0.0         0.0         0.0
 -70.81721     9.77108     1.686   13.00  27.00  0.3650E+12    4.79   1.55  -1  -1    93.03     3  4   0.0  0   0.0  0
       1.3         0.1         0.1         0.1
 -70.80695     9.81487     1.686   13.00  27.00  0.3650E+12    3.87   1.55  -1  -1   108.94     2  4   0.0  0   0.0  0
       0.6         0.3         0.1         0.1
 -70.79669     9.85866     1.686   13.00  27.00  0.3650E+12    3.97   1.55  -1  -1   108.77     2  4   0.0  0   0.0  0
       0.9         0.1         0.1         0.1
 -70.78642     9.90245     1.686   13.00  27.00  0.3650E+12    3.98   1.55  -1  -1   112.15     1  4   0.0  0   0.0  0
       0.4         0.1         0.1         0.1
 -70.77616     9.94624     1.686   13.00  27.00  0.3650E+12    4.00   1.55  -1  -1   111.36     1  4   0.0  0   0.0  0
       0.1         0.1         0.1         0.1
 -70.76590     9.99004     1.686   13.00  27.00  0.3650E+12    4.93   1.55  -1  -1   119.98     1  4   0.0  0   0.0  0
       0.1         0.1         0.1         0.1
 -70.75564    10.03383     1.686   13.00  27.00  0.3650E+12    5.82   1.55  -1  -1   105.81     0  4   0.0  0   0.0  0
       0.1         0.1         0.1         0.1
 -70.74538    10.07762     1.686   13.00  27.00  0.3650E+12    6.08   1.55  -1  -1    55.00     0  4   0.0  0   0.0  0
       0.0         0.0         0.0         0.0
