2.0
#
# http://equake-rc.info/static/paper/SRF-Description-Graves_2.0.pdf
# RECTANGULAR fault MODEL
#
# All subfaults are   5.0 km long along strike and
#   8.6 km wide along dip
#
# Model length along strike is   45.0 km
#
# Model width along dip is   43.0 km
#
# Corners of the rectangular dislocation model (lat, lon):
#      2.217    96.623 : corner 1
#      1.952    96.928 : corner 2
#      1.867    96.854 : corner 3
#      2.132    96.549 : corner 4
#
#
# Number of elementary sliprate
# isoceles triangular functions
# per subfault:   4
#
# Half duration of elementary sliprate
# isoceles triangular functions (s):   1.55
# Triangles are overlapping each other by half
#
# slip rate unit: cm/s
#
#
# Seismic moment is converted into slip
# using a single constant value for the
# shear modulus mu of  0.250E+12 dyne/cm2
# assumed to be constant and characteristic
# of the fault shear zone
#
#
#
# "rake" (degrees) is the slip angle (Aki"s convention,
# e.g. rake=+45 means left-lateral-reverse movement.
#
#
# ************************************************
# Total seismic moment M0=  0.401E+26 dyne.cm
# ************************************************
#
#
PLANE 1
  96.77550     2.08450    9    5    45.000    43.000
131.00  73.00     0.240     0.000    21.499
POINTS   45
  96.73870     2.04200    20.800  131.00  73.00  0.4300E+12    0.00   1.55  -1  -1    87.25     1  4   0.0  0   0.0  0
       0.2         0.2         0.1         0.1
  96.60727     2.09632    37.248  131.00  73.00  0.4300E+12    7.11   1.55  -1  -1    96.71     0  4   0.0  0   0.0  0
       0.1         0.1         0.1         0.1
  96.64119     2.06684    37.248  131.00  73.00  0.4300E+12    5.74   1.55  -1  -1    46.98     0  4   0.0  0   0.0  0
       0.1         0.1         0.1         0.1
  96.67512     2.03737    37.248  131.00  73.00  0.4300E+12    6.56   1.55  -1  -1    47.66     0  4   0.0  0   0.0  0
       0.1         0.1         0.1         0.1
  96.70904     2.00790    37.248  131.00  73.00  0.4300E+12    6.08   1.55  -1  -1    45.99     1  4   0.0  0   0.0  0
       0.1         0.1         0.1         0.1
  96.74297     1.97843    37.248  131.00  73.00  0.4300E+12    5.12   1.55  -1  -1    44.00     0  4   0.0  0   0.0  0
       0.0         0.0         0.0         0.0
  96.77689     1.94896    37.248  131.00  73.00  0.4300E+12    6.54   1.55  -1  -1    45.82     2  4   0.0  0   0.0  0
       0.1         0.1         0.2         1.1
  96.81081     1.91949    37.248  131.00  73.00  0.4300E+12    7.04   1.55  -1  -1    44.37     9  4   0.0  0   0.0  0
       0.1         0.1         0.2         5.1
  96.84474     1.89002    37.248  131.00  73.00  0.4300E+12    7.19   1.55  -1  -1    44.10    15  4   0.0  0   0.0  0
       0.1         0.1         0.2         9.4
  96.58817     2.14284    29.024  131.00  73.00  0.4300E+12    7.14   1.55  -1  -1   133.44     6  4   0.0  0   0.0  0
       0.1         0.0         0.1         3.5
  96.62209     2.11337    29.024  131.00  73.00  0.4300E+12    5.00   1.55  -1  -1    46.79     0  4   0.0  0   0.0  0
       0.1         0.1         0.1         0.1
  96.65602     2.08389    29.024  131.00  73.00  0.4300E+12    3.89   1.55  -1  -1    46.03     0  4   0.0  0   0.0  0
       0.1         0.1         0.1         0.1
  96.68995     2.05442    29.024  131.00  73.00  0.4300E+12    3.60   1.55  -1  -1    47.20     0  4   0.0  0   0.0  0
       0.1         0.1         0.1         0.0
  96.72387     2.02495    29.024  131.00  73.00  0.4300E+12    4.51   1.55  -1  -1    49.97     1  4   0.0  0   0.0  0
       0.1         0.1         0.1         0.1
  96.75780     1.99548    29.024  131.00  73.00  0.4300E+12    2.84   1.55  -1  -1    44.00     0  4   0.0  0   0.0  0
       0.0         0.0         0.0         0.0
  96.79172     1.96601    29.024  131.00  73.00  0.4300E+12    4.58   1.55  -1  -1    82.23     1  4   0.0  0   0.0  0
       0.5         0.1         0.1         0.1
  96.82565     1.93654    29.024  131.00  73.00  0.4300E+12    6.87   1.55  -1  -1    64.28     2  4   0.0  0   0.0  0
       0.9         0.1         0.1         0.1
  96.85957     1.90706    29.024  131.00  73.00  0.4300E+12    6.83   1.55  -1  -1    64.36     2  4   0.0  0   0.0  0
       1.3         0.1         0.1         0.1
  96.60300     2.15989    20.800  131.00  73.00  0.4300E+12    6.67   1.55  -1  -1   101.82    15  4   0.0  0   0.0  0
       0.1         0.1         0.0         9.7
  96.63692     2.13041    20.800  131.00  73.00  0.4300E+12    4.30   1.55  -1  -1    44.48    11  4   0.0  0   0.0  0
       7.1         0.1         0.1         0.1
  96.67085     2.10094    20.800  131.00  73.00  0.4300E+12    4.66   1.55  -1  -1    45.39    11  4   0.0  0   0.0  0
       6.9         0.2         0.1         0.1
  96.70477     2.07147    20.800  131.00  73.00  0.4300E+12    2.35   1.55  -1  -1    47.15     2  4   0.0  0   0.0  0
       0.1         0.9         0.3         0.1
  96.57334     2.12579    37.248  131.00  73.00  0.4300E+12    7.19   1.55  -1  -1   133.91    89  4   0.0  0   0.0  0
       0.1         0.1        18.5        38.7
  96.77263     2.01253    20.800  131.00  73.00  0.4300E+12    1.43   1.55  -1  -1    44.00     0  4   0.0  0   0.0  0
       0.0         0.0         0.0         0.0
  96.80655     1.98306    20.800  131.00  73.00  0.4300E+12    4.33   1.55  -1  -1    61.47     1  4   0.0  0   0.0  0
       0.1         0.1         0.1         0.3
  96.84048     1.95359    20.800  131.00  73.00  0.4300E+12    6.78   1.55  -1  -1    69.00     3  4   0.0  0   0.0  0
       1.7         0.1         0.1         0.1
  96.87440     1.92411    20.800  131.00  73.00  0.4300E+12    6.77   1.55  -1  -1    83.90     4  4   0.0  0   0.0  0
       2.2         0.2         0.1         0.1
  96.61783     2.17694    12.576  131.00  73.00  0.4300E+12    6.28   1.55  -1  -1    48.69     0  4   0.0  0   0.0  0
       0.1         0.1         0.1         0.1
  96.65176     2.14746    12.576  131.00  73.00  0.4300E+12    5.07   1.55  -1  -1    44.05    34  4   0.0  0   0.0  0
      21.6         0.3         0.1         0.1
  96.68568     2.11799    12.576  131.00  73.00  0.4300E+12    4.56   1.55  -1  -1    44.11    16  4   0.0  0   0.0  0
       4.5         2.6         2.8         0.2
  96.71960     2.08852    12.576  131.00  73.00  0.4300E+12    4.83   1.55  -1  -1    44.28    15  4   0.0  0   0.0  0
       3.0         4.1         2.2         0.5
  96.75353     2.05905    12.576  131.00  73.00  0.4300E+12    4.71   1.55  -1  -1    47.25    11  4   0.0  0   0.0  0
       0.2         0.2         2.9         3.8
  96.78745     2.02958    12.576  131.00  73.00  0.4300E+12    2.84   1.55  -1  -1    44.00     0  4   0.0  0   0.0  0
       0.0         0.0         0.0         0.0
  96.82138     2.00011    12.576  131.00  73.00  0.4300E+12    6.49   1.55  -1  -1    44.29     8  4   0.0  0   0.0  0
       0.1         1.0         1.2         2.9
  96.85531     1.97063    12.576  131.00  73.00  0.4300E+12    6.47   1.55  -1  -1    44.76     2  4   0.0  0   0.0  0
       0.1         0.1         0.5         0.9
  96.88923     1.94116    12.576  131.00  73.00  0.4300E+12    7.06   1.55  -1  -1    46.10     4  4   0.0  0   0.0  0
       0.1         0.1         1.0         1.5
  96.63266     2.19399     4.352  131.00  73.00  0.4300E+12    7.19   1.55  -1  -1    44.06    64  4   0.0  0   0.0  0
      12.7        28.5         0.1         0.1
  96.66659     2.16451     4.352  131.00  73.00  0.4300E+12    6.58   1.55  -1  -1    44.09    17  4   0.0  0   0.0  0
       3.5         2.6         3.4         1.6
  96.70051     2.13504     4.352  131.00  73.00  0.4300E+12    6.49   1.55  -1  -1    44.23     9  4   0.0  0   0.0  0
       0.1         1.2         2.6         1.6
  96.73444     2.10557     4.352  131.00  73.00  0.4300E+12    6.57   1.55  -1  -1    44.15     6  4   0.0  0   0.0  0
       0.1         0.1         2.5         1.4
  96.76836     2.07610     4.352  131.00  73.00  0.4300E+12    5.98   1.55  -1  -1    47.38     1  4   0.0  0   0.0  0
       0.1         0.1         0.1         0.2
  96.80228     2.04663     4.352  131.00  73.00  0.4300E+12    5.12   1.55  -1  -1    44.00     0  4   0.0  0   0.0  0
       0.0         0.0         0.0         0.0
  96.83621     2.01716     4.352  131.00  73.00  0.4300E+12    6.52   1.55  -1  -1    46.57     1  4   0.0  0   0.0  0
       0.1         0.1         0.1         0.1
  96.87013     1.98768     4.352  131.00  73.00  0.4300E+12    6.90   1.55  -1  -1    46.75     2  4   0.0  0   0.0  0
       0.1         0.2         0.7         0.1
  96.90406     1.95821     4.352  131.00  73.00  0.4300E+12    7.19   1.55  -1  -1    45.40     5  4   0.0  0   0.0  0
       0.1         0.4         1.1         1.5
