2.0
#
# http://equake-rc.info/static/paper/SRF-Description-Graves_2.0.pdf
# RECTANGULAR fault MODEL
#
# All subfaults are   4.0 km long along strike and
#   6.2 km wide along dip
#
# Model length along strike is   36.0 km
#
# Model width along dip is   31.0 km
#
# Corners of the rectangular dislocation model (lat, lon):
#     22.882   120.977 : corner 1
#     22.850   121.327 : corner 2
#     22.818   121.323 : corner 3
#     22.850   120.973 : corner 4
#
#
# Number of elementary sliprate
# isoceles triangular functions
# per subfault:   4
#
# Half duration of elementary sliprate
# isoceles triangular functions (s):   1.33
# Triangles are overlapping each other by half
#
# slip rate unit: cm/s
#
#
# Seismic moment is converted into slip
# using a single constant value for the
# shear modulus mu of  0.250E+12 dyne/cm2
# assumed to be constant and characteristic
# of the fault shear zone
#
#
#
# "rake" (degrees) is the slip angle (Aki"s convention,
# e.g. rake=+45 means left-lateral-reverse movement.
#
#
# ************************************************
# Total seismic moment M0=  0.793E+25 dyne.cm
# ************************************************
#
#
PLANE 1
 121.15200    22.86600    9    5    36.000    31.000
 95.65  83.20     0.209     0.000    15.500
POINTS   45
 121.15000    22.85000    15.600   95.65  83.20  0.2480E+12    0.00   1.33  -1  -1   150.33    48  4   0.0  0   0.0  0
      32.9         2.9         0.1         0.1
 121.03202    22.84749    27.913   95.65  83.20  0.2480E+12    5.66   1.33  -1  -1   124.68     0  4   0.0  0   0.0  0
       0.0         0.0         0.1         0.1
 121.07088    22.84394    27.913   95.65  83.20  0.2480E+12    4.76   1.33  -1  -1   160.69     0  4   0.0  0   0.0  0
       0.0         0.0         0.0         0.1
 121.10973    22.84040    27.913   95.65  83.20  0.2480E+12    5.38   1.33  -1  -1   170.49     0  4   0.0  0   0.0  0
       0.1         0.0         0.0         0.1
 121.14859    22.83685    27.913   95.65  83.20  0.2480E+12    4.69   1.33  -1  -1   176.87     0  4   0.0  0   0.0  0
       0.1         0.0         0.1         0.0
 121.18745    22.83331    27.913   95.65  83.20  0.2480E+12    4.69   1.33  -1  -1   176.96     0  4   0.0  0   0.0  0
       0.0         0.0         0.0         0.0
 121.22630    22.82977    27.913   95.65  83.20  0.2480E+12    5.20   1.33  -1  -1   156.32     0  4   0.0  0   0.0  0
       0.0         0.0         0.0         0.0
 121.26516    22.82622    27.913   95.65  83.20  0.2480E+12    4.93   1.33  -1  -1    87.56     0  4   0.0  0   0.0  0
       0.0         0.0         0.0         0.0
 121.30402    22.82268    27.913   95.65  83.20  0.2480E+12    5.67   1.33  -1  -1    87.56     0  4   0.0  0   0.0  0
       0.0         0.0         0.0         0.0
 120.99387    22.85760    21.756   95.65  83.20  0.2480E+12    5.47   1.33  -1  -1   146.09     1  4   0.0  0   0.0  0
       0.0         0.0         0.0         0.6
 121.03273    22.85406    21.756   95.65  83.20  0.2480E+12    4.43   1.33  -1  -1   176.64     0  4   0.0  0   0.0  0
       0.1         0.1         0.1         0.1
 121.07159    22.85052    21.756   95.65  83.20  0.2480E+12    3.38   1.33  -1  -1   176.30     1  4   0.0  0   0.0  0
       0.3         0.1         0.0         0.0
 121.11044    22.84697    21.756   95.65  83.20  0.2480E+12    2.50   1.33  -1  -1   177.37     1  4   0.0  0   0.0  0
       0.2         0.3         0.1         0.0
 121.14929    22.84343    21.756   95.65  83.20  0.2480E+12    3.81   1.33  -1  -1   176.36     2  4   0.0  0   0.0  0
       1.0         0.1         0.0         0.0
 121.18815    22.83988    21.756   95.65  83.20  0.2480E+12    2.14   1.33  -1  -1   127.11     0  4   0.0  0   0.0  0
       0.0         0.0         0.0         0.0
 121.22701    22.83634    21.756   95.65  83.20  0.2480E+12    3.31   1.33  -1  -1   170.54     0  4   0.0  0   0.0  0
       0.1         0.0         0.0         0.0
 121.26586    22.83280    21.756   95.65  83.20  0.2480E+12    3.86   1.33  -1  -1    87.56     0  4   0.0  0   0.0  0
       0.0         0.0         0.0         0.0
 121.30472    22.82925    21.756   95.65  83.20  0.2480E+12    4.90   1.33  -1  -1    87.56     0  4   0.0  0   0.0  0
       0.0         0.0         0.0         0.0
 120.99458    22.86417    15.600   95.65  83.20  0.2480E+12    5.54   1.33  -1  -1   159.94     1  4   0.0  0   0.0  0
       0.1         0.0         0.0         0.3
 121.03343    22.86063    15.600   95.65  83.20  0.2480E+12    3.68   1.33  -1  -1   159.40     1  4   0.0  0   0.0  0
       0.9         0.0         0.0         0.1
 121.07229    22.85709    15.600   95.65  83.20  0.2480E+12    2.36   1.33  -1  -1   160.84     6  4   0.0  0   0.0  0
       3.1         1.2         0.1         0.1
 121.11115    22.85354    15.600   95.65  83.20  0.2480E+12    2.14   1.33  -1  -1   177.33     6  4   0.0  0   0.0  0
       2.2         2.5         0.1         0.0
 120.99316    22.85103    27.913   95.65  83.20  0.2480E+12    5.67   1.33  -1  -1   158.20     0  4   0.0  0   0.0  0
       0.1         0.1         0.0         0.1
 121.18886    22.84646    15.600   95.65  83.20  0.2480E+12    1.18   1.33  -1  -1   159.74     6  4   0.0  0   0.0  0
       4.0         0.2         0.1         0.0
 121.22771    22.84291    15.600   95.65  83.20  0.2480E+12    2.33   1.33  -1  -1   154.99     1  4   0.0  0   0.0  0
       0.7         0.1         0.1         0.0
 121.26657    22.83937    15.600   95.65  83.20  0.2480E+12    3.43   1.33  -1  -1    87.56     0  4   0.0  0   0.0  0
       0.0         0.0         0.0         0.0
 121.30543    22.83583    15.600   95.65  83.20  0.2480E+12    4.57   1.33  -1  -1    87.56     0  4   0.0  0   0.0  0
       0.0         0.0         0.0         0.0
 120.99529    22.87075     9.444   95.65  83.20  0.2480E+12    5.43   1.33  -1  -1   104.17     5  4   0.0  0   0.0  0
       0.0         0.0         0.0         3.3
 121.03414    22.86720     9.444   95.65  83.20  0.2480E+12    4.25   1.33  -1  -1   176.65     0  4   0.0  0   0.0  0
       0.1         0.0         0.0         0.1
 121.07300    22.86366     9.444   95.65  83.20  0.2480E+12    3.23   1.33  -1  -1   177.32     9  4   0.0  0   0.0  0
       6.9         0.0         0.0         0.1
 121.11185    22.86012     9.444   95.65  83.20  0.2480E+12    2.47   1.33  -1  -1   177.41    15  4   0.0  0   0.0  0
      10.1         0.7         0.1         0.0
 121.15071    22.85657     9.444   95.65  83.20  0.2480E+12    1.86   1.33  -1  -1   162.27     5  4   0.0  0   0.0  0
       3.7         0.1         0.2         0.0
 121.18956    22.85303     9.444   95.65  83.20  0.2480E+12    2.25   1.33  -1  -1   158.13     0  4   0.0  0   0.0  0
       0.1         0.2         0.0         0.1
 121.22842    22.84949     9.444   95.65  83.20  0.2480E+12    3.20   1.33  -1  -1   143.05     2  4   0.0  0   0.0  0
       0.6         0.7         0.1         0.0
 121.26727    22.84594     9.444   95.65  83.20  0.2480E+12    3.86   1.33  -1  -1    87.56     0  4   0.0  0   0.0  0
       0.0         0.0         0.0         0.0
 121.30613    22.84240     9.444   95.65  83.20  0.2480E+12    4.90   1.33  -1  -1    87.56     0  4   0.0  0   0.0  0
       0.0         0.0         0.0         0.0
 120.99599    22.87732     3.287   95.65  83.20  0.2480E+12    5.67   1.33  -1  -1    92.73     0  4   0.0  0   0.0  0
       0.0         0.0         0.1         0.1
 121.03484    22.87378     3.287   95.65  83.20  0.2480E+12    5.61   1.33  -1  -1   107.87     1  4   0.0  0   0.0  0
       0.5         0.0         0.1         0.1
 121.07370    22.87023     3.287   95.65  83.20  0.2480E+12    5.62   1.33  -1  -1   106.96     1  4   0.0  0   0.0  0
       0.6         0.0         0.0         0.0
 121.11256    22.86669     3.287   95.65  83.20  0.2480E+12    3.81   1.33  -1  -1   177.40     5  4   0.0  0   0.0  0
       3.5         0.1         0.1         0.0
 121.15141    22.86315     3.287   95.65  83.20  0.2480E+12    4.49   1.33  -1  -1   154.89     0  4   0.0  0   0.0  0
       0.1         0.0         0.0         0.0
 121.19027    22.85960     3.287   95.65  83.20  0.2480E+12    4.46   1.33  -1  -1   176.29     2  4   0.0  0   0.0  0
       0.1         1.5         0.1         0.0
 121.22913    22.85606     3.287   95.65  83.20  0.2480E+12    4.81   1.33  -1  -1   142.71     6  4   0.0  0   0.0  0
       2.0         2.5         0.0         0.0
 121.26798    22.85251     3.287   95.65  83.20  0.2480E+12    4.93   1.33  -1  -1    87.56     0  4   0.0  0   0.0  0
       0.0         0.0         0.0         0.0
 121.30684    22.84897     3.287   95.65  83.20  0.2480E+12    5.67   1.33  -1  -1    87.56     0  4   0.0  0   0.0  0
       0.0         0.0         0.0         0.0
