2.0
#
# http://equake-rc.info/static/paper/SRF-Description-Graves_2.0.pdf
# RECTANGULAR fault MODEL
#
# All subfaults are   4.0 km long along strike and
#   7.0 km wide along dip
#
# Model length along strike is   36.0 km
#
# Model width along dip is   35.0 km
#
# Corners of the rectangular dislocation model (lat, lon):
#     22.921   120.989 : corner 1
#     22.837   121.328 : corner 2
#     22.779   121.311 : corner 3
#     22.863   120.972 : corner 4
#
#
# Number of elementary sliprate
# isoceles triangular functions
# per subfault:   4
#
# Half duration of elementary sliprate
# isoceles triangular functions (s):   1.23
# Triangles are overlapping each other by half
#
# slip rate unit: cm/s
#
#
# Seismic moment is converted into slip
# using a single constant value for the
# shear modulus mu of  0.250E+12 dyne/cm2
# assumed to be constant and characteristic
# of the fault shear zone
#
#
#
# "rake" (degrees) is the slip angle (Aki"s convention,
# e.g. rake=+45 means left-lateral-reverse movement.
#
#
# ************************************************
# Total seismic moment M0=  0.113E+26 dyne.cm
# ************************************************
#
#
PLANE 1
 121.15850    22.87900    9    5    36.000    35.000
105.00  79.00     1.021     0.000    17.500
POINTS   45
 121.15000    22.85000    18.200  105.00  79.00  0.2800E+12    0.00   1.23  -1  -1  -144.67    13  4   0.0  0   0.0  0
      10.5         0.1         0.1         0.0
 121.03011    22.85473    31.943  105.00  79.00  0.2800E+12    5.03   1.23  -1  -1  -143.06     0  4   0.0  0   0.0  0
       0.1         0.0         0.0         0.0
 121.06783    22.84542    31.943  105.00  79.00  0.2800E+12    4.78   1.23  -1  -1  -149.61     0  4   0.0  0   0.0  0
       0.0         0.0         0.1         0.1
 121.10554    22.83610    31.943  105.00  79.00  0.2800E+12    4.93   1.23  -1  -1  -151.26     0  4   0.0  0   0.0  0
       0.0         0.1         0.1         0.0
 121.14325    22.82679    31.943  105.00  79.00  0.2800E+12    4.82   1.23  -1  -1  -151.07     0  4   0.0  0   0.0  0
       0.1         0.1         0.0         0.0
 121.18097    22.81748    31.943  105.00  79.00  0.2800E+12    4.16   1.23  -1  -1   130.00     0  4   0.0  0   0.0  0
       0.0         0.0         0.0         0.0
 121.21868    22.80816    31.943  105.00  79.00  0.2800E+12    4.79   1.23  -1  -1  -154.56     0  4   0.0  0   0.0  0
       0.1         0.1         0.0         0.0
 121.25640    22.79885    31.943  105.00  79.00  0.2800E+12    5.03   1.23  -1  -1   130.00     0  4   0.0  0   0.0  0
       0.0         0.0         0.0         0.0
 121.29411    22.78954    31.943  105.00  79.00  0.2800E+12    5.03   1.23  -1  -1   130.00     0  4   0.0  0   0.0  0
       0.0         0.0         0.0         0.0
 120.99577    22.87565    25.071  105.00  79.00  0.2800E+12    4.99   1.23  -1  -1  -159.46     0  4   0.0  0   0.0  0
       0.0         0.1         0.0         0.1
 121.03348    22.86633    25.071  105.00  79.00  0.2800E+12    4.92   1.23  -1  -1  -178.34     0  4   0.0  0   0.0  0
       0.1         0.0         0.1         0.1
 121.07120    22.85702    25.071  105.00  79.00  0.2800E+12    4.74   1.23  -1  -1   176.79     0  4   0.0  0   0.0  0
       0.1         0.1         0.0         0.1
 121.10891    22.84771    25.071  105.00  79.00  0.2800E+12    2.50   1.23  -1  -1   146.11    10  4   0.0  0   0.0  0
       8.3         0.0         0.0         0.0
 121.14663    22.83839    25.071  105.00  79.00  0.2800E+12    2.50   1.23  -1  -1   152.61    16  4   0.0  0   0.0  0
      12.7         0.1         0.1         0.1
 121.18434    22.82908    25.071  105.00  79.00  0.2800E+12    2.30   1.23  -1  -1   130.00     0  4   0.0  0   0.0  0
       0.0         0.0         0.0         0.0
 121.22206    22.81977    25.071  105.00  79.00  0.2800E+12    3.37   1.23  -1  -1   167.32     2  4   0.0  0   0.0  0
       1.7         0.1         0.1         0.1
 121.25977    22.81046    25.071  105.00  79.00  0.2800E+12    3.97   1.23  -1  -1   130.00     0  4   0.0  0   0.0  0
       0.0         0.0         0.0         0.0
 121.29749    22.80114    25.071  105.00  79.00  0.2800E+12    4.99   1.23  -1  -1   130.00     0  4   0.0  0   0.0  0
       0.0         0.0         0.0         0.0
 120.99914    22.88725    18.200  105.00  79.00  0.2800E+12    4.71   1.23  -1  -1   175.15     0  4   0.0  0   0.0  0
       0.0         0.0         0.0         0.1
 121.03686    22.87794    18.200  105.00  79.00  0.2800E+12    3.52   1.23  -1  -1  -179.87     2  4   0.0  0   0.0  0
       1.4         0.1         0.1         0.0
 121.07457    22.86863    18.200  105.00  79.00  0.2800E+12    2.49   1.23  -1  -1  -179.28     1  4   0.0  0   0.0  0
       0.2         0.0         0.1         0.2
 121.11229    22.85931    18.200  105.00  79.00  0.2800E+12    1.25   1.23  -1  -1  -151.64    16  4   0.0  0   0.0  0
      12.7         0.1         0.0         0.1
 120.99239    22.86404    31.943  105.00  79.00  0.2800E+12    5.03   1.23  -1  -1  -145.23     0  4   0.0  0   0.0  0
       0.1         0.1         0.0         0.1
 121.18771    22.84069    18.200  105.00  79.00  0.2800E+12    1.14   1.23  -1  -1   130.00     0  4   0.0  0   0.0  0
       0.0         0.0         0.0         0.0
 121.22543    22.83138    18.200  105.00  79.00  0.2800E+12    5.00   1.23  -1  -1  -164.63     3  4   0.0  0   0.0  0
       1.9         0.1         0.1         0.1
 121.26315    22.82206    18.200  105.00  79.00  0.2800E+12    3.43   1.23  -1  -1   130.00     0  4   0.0  0   0.0  0
       0.0         0.0         0.0         0.0
 121.30087    22.81275    18.200  105.00  79.00  0.2800E+12    4.57   1.23  -1  -1   130.00     0  4   0.0  0   0.0  0
       0.0         0.0         0.0         0.0
 121.00252    22.89886    11.329  105.00  79.00  0.2800E+12    4.99   1.23  -1  -1  -174.30     0  4   0.0  0   0.0  0
       0.1         0.0         0.1         0.0
 121.04023    22.88954    11.329  105.00  79.00  0.2800E+12    4.97   1.23  -1  -1  -143.55     4  4   0.0  0   0.0  0
       2.3         1.1         0.0         0.0
 121.07794    22.88023    11.329  105.00  79.00  0.2800E+12    3.33   1.23  -1  -1  -140.04    44  4   0.0  0   0.0  0
      30.2         0.1         5.5         0.1
 121.11566    22.87092    11.329  105.00  79.00  0.2800E+12    2.47   1.23  -1  -1  -140.10    26  4   0.0  0   0.0  0
      17.4         0.0         3.1         0.3
 121.15337    22.86161    11.329  105.00  79.00  0.2800E+12    4.08   1.23  -1  -1  -143.33    10  4   0.0  0   0.0  0
       0.1         0.1         7.9         0.1
 121.19109    22.85229    11.329  105.00  79.00  0.2800E+12    2.30   1.23  -1  -1   130.00     0  4   0.0  0   0.0  0
       0.0         0.0         0.0         0.0
 121.22881    22.84298    11.329  105.00  79.00  0.2800E+12    4.25   1.23  -1  -1  -142.02     7  4   0.0  0   0.0  0
       0.0         0.1         4.5         1.3
 121.26653    22.83367    11.329  105.00  79.00  0.2800E+12    3.97   1.23  -1  -1   130.00     0  4   0.0  0   0.0  0
       0.0         0.0         0.0         0.0
 121.30424    22.82435    11.329  105.00  79.00  0.2800E+12    4.99   1.23  -1  -1   130.00     0  4   0.0  0   0.0  0
       0.0         0.0         0.0         0.0
 121.00589    22.91046     4.457  105.00  79.00  0.2800E+12    5.03   1.23  -1  -1  -156.41     0  4   0.0  0   0.0  0
       0.0         0.0         0.0         0.0
 121.04360    22.90115     4.457  105.00  79.00  0.2800E+12    5.03   1.23  -1  -1  -147.27     0  4   0.0  0   0.0  0
       0.1         0.1         0.1         0.0
 121.08132    22.89184     4.457  105.00  79.00  0.2800E+12    4.88   1.23  -1  -1  -141.37     0  4   0.0  0   0.0  0
       0.1         0.0         0.0         0.0
 121.11903    22.88252     4.457  105.00  79.00  0.2800E+12    4.37   1.23  -1  -1  -145.59     1  4   0.0  0   0.0  0
       0.0         0.2         0.1         0.1
 121.15675    22.87321     4.457  105.00  79.00  0.2800E+12    4.67   1.23  -1  -1  -151.20     2  4   0.0  0   0.0  0
       0.1         0.0         0.1         1.6
 121.19447    22.86390     4.457  105.00  79.00  0.2800E+12    4.16   1.23  -1  -1   130.00     0  4   0.0  0   0.0  0
       0.0         0.0         0.0         0.0
 121.23218    22.85459     4.457  105.00  79.00  0.2800E+12    4.74   1.23  -1  -1  -142.20     0  4   0.0  0   0.0  0
       0.0         0.0         0.1         0.2
 121.26990    22.84527     4.457  105.00  79.00  0.2800E+12    5.03   1.23  -1  -1   130.00     0  4   0.0  0   0.0  0
       0.0         0.0         0.0         0.0
 121.30761    22.83596     4.457  105.00  79.00  0.2800E+12    5.03   1.23  -1  -1   130.00     0  4   0.0  0   0.0  0
       0.0         0.0         0.0         0.0
