2.0
#
# http://equake-rc.info/static/paper/SRF-Description-Graves_2.0.pdf
# RECTANGULAR fault MODEL
#
# All subfaults are   4.0 km long along strike and
#   2.8 km wide along dip
#
# Model length along strike is   36.0 km
#
# Model width along dip is   14.0 km
#
# Corners of the rectangular dislocation model (lat, lon):
#     23.004   121.206 : corner 1
#     22.692   121.110 : corner 2
#     22.695   121.098 : corner 3
#     23.007   121.195 : corner 4
#
#
# Number of elementary sliprate
# isoceles triangular functions
# per subfault:   4
#
# Half duration of elementary sliprate
# isoceles triangular functions (s):   1.23
# Triangles are overlapping each other by half
#
# slip rate unit: cm/s
#
#
# Seismic moment is converted into slip
# using a single constant value for the
# shear modulus mu of  0.250E+12 dyne/cm2
# assumed to be constant and characteristic
# of the fault shear zone
#
#
#
# "rake" (degrees) is the slip angle (Aki"s convention,
# e.g. rake=+45 means left-lateral-reverse movement.
#
#
# ************************************************
# Total seismic moment M0=  0.131E+26 dyne.cm
# ************************************************
#
#
PLANE 1
 121.15800    22.84800    9    5    36.000    14.000
195.96  85.09     0.036     0.000     9.800
POINTS   45
 121.15000    22.85000     9.800  195.96  85.09  0.1120E+12    0.00   1.23  -1  -1   -33.88    52  4   0.0  0   0.0  0
      30.3        11.6         0.1         0.1
 121.17995    22.95438    12.590  195.96  85.09  0.1120E+12    4.25   1.23  -1  -1    43.15    36  4   0.0  0   0.0  0
       0.8        11.4        16.7         0.1
 121.16922    22.91978    12.590  195.96  85.09  0.1120E+12    4.25   1.23  -1  -1    54.01    21  4   0.0  0   0.0  0
       0.2         2.4        14.4         0.2
 121.15849    22.88519    12.590  195.96  85.09  0.1120E+12    4.65   1.23  -1  -1    29.28    18  4   0.0  0   0.0  0
       0.1         0.2         3.7        10.7
 121.14775    22.85059    12.590  195.96  85.09  0.1120E+12    0.82   1.23  -1  -1   -24.71    29  4   0.0  0   0.0  0
      23.1         0.1         0.1         0.0
 121.13702    22.81600    12.590  195.96  85.09  0.1120E+12    4.72   1.23  -1  -1    37.73    25  4   0.0  0   0.0  0
       6.0         0.1         0.1        14.2
 121.12628    22.78140    12.590  195.96  85.09  0.1120E+12    4.98   1.23  -1  -1    47.80     3  4   0.0  0   0.0  0
       0.1         0.1         0.1         2.2
 121.11555    22.74681    12.590  195.96  85.09  0.1120E+12    3.52   1.23  -1  -1   -33.96     0  4   0.0  0   0.0  0
       0.0         0.0         0.0         0.0
 121.10482    22.71221    12.590  195.96  85.09  0.1120E+12    4.64   1.23  -1  -1   -33.96     0  4   0.0  0   0.0  0
       0.0         0.0         0.0         0.0
 121.19294    22.98838     9.800  195.96  85.09  0.1120E+12    4.57   1.23  -1  -1    27.31    31  4   0.0  0   0.0  0
      23.3         0.1         0.1         1.6
 121.18221    22.95379     9.800  195.96  85.09  0.1120E+12    4.25   1.23  -1  -1    29.78    21  4   0.0  0   0.0  0
       2.9         5.4         6.0         2.7
 121.17147    22.91919     9.800  195.96  85.09  0.1120E+12    4.65   1.23  -1  -1    29.07    26  4   0.0  0   0.0  0
       0.1         0.2         2.4        18.7
 121.16074    22.88460     9.800  195.96  85.09  0.1120E+12    3.84   1.23  -1  -1    51.09    11  4   0.0  0   0.0  0
       0.0         0.2         0.2         8.8
 121.19069    22.98897    12.590  195.96  85.09  0.1120E+12    5.00   1.23  -1  -1    36.10    13  4   0.0  0   0.0  0
       8.7         1.6         0.2         0.1
 121.13927    22.81540     9.800  195.96  85.09  0.1120E+12    1.38   1.23  -1  -1   -19.46    30  4   0.0  0   0.0  0
      24.2         0.4         0.0         0.1
 121.12853    22.78081     9.800  195.96  85.09  0.1120E+12    2.51   1.23  -1  -1    24.27     4  4   0.0  0   0.0  0
       1.4         0.0         0.1         2.1
 121.11780    22.74621     9.800  195.96  85.09  0.1120E+12    3.43   1.23  -1  -1   -33.96     0  4   0.0  0   0.0  0
       0.0         0.0         0.0         0.0
 121.10706    22.71162     9.800  195.96  85.09  0.1120E+12    4.57   1.23  -1  -1   -33.96     0  4   0.0  0   0.0  0
       0.0         0.0         0.0         0.0
 121.19518    22.98779     7.010  195.96  85.09  0.1120E+12    4.65   1.23  -1  -1    18.46     5  4   0.0  0   0.0  0
       3.1         0.1         0.1         0.6
 121.18445    22.95319     7.010  195.96  85.09  0.1120E+12    4.24   1.23  -1  -1    31.33     1  4   0.0  0   0.0  0
       0.2         0.2         0.1         0.4
 121.17372    22.91860     7.010  195.96  85.09  0.1120E+12    4.68   1.23  -1  -1    32.64     1  4   0.0  0   0.0  0
       0.1         0.1         0.2         0.1
 121.16299    22.88400     7.010  195.96  85.09  0.1120E+12    4.65   1.23  -1  -1    42.34    31  4   0.0  0   0.0  0
       0.1         0.1         0.1        25.2
 121.15225    22.84941     7.010  195.96  85.09  0.1120E+12    1.41   1.23  -1  -1   -14.11     3  4   0.0  0   0.0  0
       2.4         0.1         0.1         0.1
 121.14152    22.81481     7.010  195.96  85.09  0.1120E+12    4.78   1.23  -1  -1    53.35    29  4   0.0  0   0.0  0
       0.0         0.1         0.1        23.0
 121.13078    22.78022     7.010  195.96  85.09  0.1120E+12    4.97   1.23  -1  -1    47.79    14  4   0.0  0   0.0  0
       0.0         0.1         0.1        11.3
 121.12005    22.74562     7.010  195.96  85.09  0.1120E+12    3.52   1.23  -1  -1   -33.96     0  4   0.0  0   0.0  0
       0.0         0.0         0.0         0.0
 121.10931    22.71103     7.010  195.96  85.09  0.1120E+12    4.64   1.23  -1  -1   -33.96     0  4   0.0  0   0.0  0
       0.0         0.0         0.0         0.0
 121.19743    22.98720     4.221  195.96  85.09  0.1120E+12    5.00   1.23  -1  -1     8.41     3  4   0.0  0   0.0  0
       1.5         0.2         0.3         0.2
 121.18670    22.95260     4.221  195.96  85.09  0.1120E+12    4.34   1.23  -1  -1     9.76     5  4   0.0  0   0.0  0
       0.3         0.1         0.3         3.5
 121.17596    22.91801     4.221  195.96  85.09  0.1120E+12    3.41   1.23  -1  -1     1.35     1  4   0.0  0   0.0  0
       0.1         0.1         0.1         0.2
 121.16523    22.88341     4.221  195.96  85.09  0.1120E+12    4.65   1.23  -1  -1     7.54     1  4   0.0  0   0.0  0
       0.1         0.1         0.1         0.2
 121.15450    22.84882     4.221  195.96  85.09  0.1120E+12    3.55   1.23  -1  -1    25.58     1  4   0.0  0   0.0  0
       0.1         0.1         0.1         0.1
 121.14376    22.81422     4.221  195.96  85.09  0.1120E+12    5.01   1.23  -1  -1    41.50     8  4   0.0  0   0.0  0
       0.1         0.1         0.1         5.8
 121.13303    22.77962     4.221  195.96  85.09  0.1120E+12    5.01   1.23  -1  -1    44.20    14  4   0.0  0   0.0  0
       0.1         0.1         0.1        11.6
 121.12230    22.74503     4.221  195.96  85.09  0.1120E+12    3.78   1.23  -1  -1   -33.96     0  4   0.0  0   0.0  0
       0.0         0.0         0.0         0.0
 121.11156    22.71043     4.221  195.96  85.09  0.1120E+12    4.84   1.23  -1  -1   -33.96     0  4   0.0  0   0.0  0
       0.0         0.0         0.0         0.0
 121.19968    22.98660     1.431  195.96  85.09  0.1120E+12    5.03   1.23  -1  -1    12.09     3  4   0.0  0   0.0  0
       0.4         0.5         0.5         0.7
 121.18895    22.95201     1.431  195.96  85.09  0.1120E+12    4.65   1.23  -1  -1    13.01     7  4   0.0  0   0.0  0
       0.6         2.1         0.6         2.7
 121.17822    22.91741     1.431  195.96  85.09  0.1120E+12    3.83   1.23  -1  -1     6.90     1  4   0.0  0   0.0  0
       0.2         0.1         0.1         0.1
 121.16748    22.88282     1.431  195.96  85.09  0.1120E+12    2.71   1.23  -1  -1     6.28     1  4   0.0  0   0.0  0
       0.2         0.3         0.1         0.0
 121.15675    22.84822     1.431  195.96  85.09  0.1120E+12    2.57   1.23  -1  -1   -24.73    19  4   0.0  0   0.0  0
      15.4         0.1         0.1         0.1
 121.14601    22.81363     1.431  195.96  85.09  0.1120E+12    3.48   1.23  -1  -1    -2.92     0  4   0.0  0   0.0  0
       0.0         0.0         0.1         0.0
 121.13528    22.77903     1.431  195.96  85.09  0.1120E+12    4.28   1.23  -1  -1    40.53     0  4   0.0  0   0.0  0
       0.1         0.0         0.1         0.1
 121.12454    22.74444     1.431  195.96  85.09  0.1120E+12    4.19   1.23  -1  -1   -33.96     0  4   0.0  0   0.0  0
       0.0         0.0         0.0         0.0
 121.11381    22.70984     1.431  195.96  85.09  0.1120E+12    5.03   1.23  -1  -1   -33.96     0  4   0.0  0   0.0  0
       0.0         0.0         0.0         0.0
