2.0
#
# http://equake-rc.info/static/paper/SRF-Description-Graves_2.0.pdf
# RECTANGULAR fault MODEL
#
# All subfaults are   5.0 km long along strike and
#   3.3 km wide along dip
#
# Model length along strike is   45.0 km
#
# Model width along dip is   16.5 km
#
# Corners of the rectangular dislocation model (lat, lon):
#     39.082    28.248 : corner 1
#     39.267    27.783 : corner 2
#     39.361    27.845 : corner 3
#     39.176    28.310 : corner 4
#
#
# Number of elementary sliprate
# isoceles triangular functions
# per subfault:   4
#
# Half duration of elementary sliprate
# isoceles triangular functions (s):   1.43
# Triangles are overlapping each other by half
#
# slip rate unit: cm/s
#
#
# Seismic moment is converted into slip
# using a single constant value for the
# shear modulus mu of  0.250E+12 dyne/cm2
# assumed to be constant and characteristic
# of the fault shear zone
#
#
#
# "rake" (degrees) is the slip angle (Aki"s convention,
# e.g. rake=+45 means left-lateral-reverse movement.
#
#
# ************************************************
# Total seismic moment M0=  0.179E+26 dyne.cm
# ************************************************
#
#
PLANE 1
  28.01550    39.17450    9    5    45.000    16.500
297.17  45.03     0.228     0.000    11.552
POINTS   45
  28.05870    39.24030     8.400  297.17  45.03  0.1650E+12    0.00   1.43  -1  -1   -82.50    62  4   0.0  0   0.0  0
      34.8         8.1         0.1         0.1
  28.22620    39.19731    10.735  297.17  45.03  0.1650E+12    4.39   1.43  -1  -1  -137.00     0  4   0.0  0   0.0  0
       0.0         0.0         0.0         0.0
  28.17449    39.21786    10.735  297.17  45.03  0.1650E+12    3.52   1.43  -1  -1   -95.39    25  4   0.0  0   0.0  0
      13.6         1.1         2.7         0.2
  28.12279    39.23842    10.735  297.17  45.03  0.1650E+12    2.04   1.43  -1  -1   -84.18    42  4   0.0  0   0.0  0
      21.8         7.5         0.1         0.1
  28.07108    39.25898    10.735  297.17  45.03  0.1650E+12    0.97   1.43  -1  -1   -96.25    52  4   0.0  0   0.0  0
      35.6         0.7         0.1         0.2
  28.01937    39.27953    10.735  297.17  45.03  0.1650E+12    2.06   1.43  -1  -1   -85.21    11  4   0.0  0   0.0  0
       0.1         2.3         5.5         0.1
  27.96767    39.30009    10.735  297.17  45.03  0.1650E+12    5.49   1.43  -1  -1   -54.03     5  4   0.0  0   0.0  0
       1.5         2.0         0.1         0.0
  27.91596    39.32065    10.735  297.17  45.03  0.1650E+12    4.39   1.43  -1  -1  -137.00     0  4   0.0  0   0.0  0
       0.0         0.0         0.0         0.0
  27.86425    39.34121    10.735  297.17  45.03  0.1650E+12    5.79   1.43  -1  -1  -137.00     0  4   0.0  0   0.0  0
       0.0         0.0         0.0         0.0
  28.26553    39.15807     8.400  297.17  45.03  0.1650E+12    5.71   1.43  -1  -1  -137.00     0  4   0.0  0   0.0  0
       0.0         0.0         0.0         0.0
  28.21382    39.17863     8.400  297.17  45.03  0.1650E+12    4.29   1.43  -1  -1  -137.00     0  4   0.0  0   0.0  0
       0.0         0.0         0.0         0.0
  28.16211    39.19918     8.400  297.17  45.03  0.1650E+12    3.36   1.43  -1  -1  -117.33    20  4   0.0  0   0.0  0
       1.2         3.3         8.8         0.4
  28.11041    39.21974     8.400  297.17  45.03  0.1650E+12    1.47   1.43  -1  -1   -86.83    42  4   0.0  0   0.0  0
      28.4         0.1         0.3         0.3
  28.27791    39.17675    10.735  297.17  45.03  0.1650E+12    5.79   1.43  -1  -1  -137.00     0  4   0.0  0   0.0  0
       0.0         0.0         0.0         0.0
  28.00699    39.26086     8.400  297.17  45.03  0.1650E+12    1.60   1.43  -1  -1   -74.71    37  4   0.0  0   0.0  0
      18.3         3.7         0.1         3.4
  27.95529    39.28141     8.400  297.17  45.03  0.1650E+12    4.03   1.43  -1  -1   -48.50     7  4   0.0  0   0.0  0
       1.0         2.2         1.5         0.1
  27.90358    39.30197     8.400  297.17  45.03  0.1650E+12    4.29   1.43  -1  -1  -137.00     0  4   0.0  0   0.0  0
       0.0         0.0         0.0         0.0
  27.85187    39.32253     8.400  297.17  45.03  0.1650E+12    5.71   1.43  -1  -1  -137.00     0  4   0.0  0   0.0  0
       0.0         0.0         0.0         0.0
  28.25315    39.13939     6.065  297.17  45.03  0.1650E+12    5.79   1.43  -1  -1  -137.00     0  4   0.0  0   0.0  0
       0.0         0.0         0.0         0.0
  28.20144    39.15995     6.065  297.17  45.03  0.1650E+12    4.39   1.43  -1  -1  -137.00     0  4   0.0  0   0.0  0
       0.0         0.0         0.0         0.0
  28.14973    39.18051     6.065  297.17  45.03  0.1650E+12    3.48   1.43  -1  -1  -128.63     6  4   0.0  0   0.0  0
       1.4         2.3         0.1         0.1
  28.09803    39.20107     6.065  297.17  45.03  0.1650E+12    3.36   1.43  -1  -1   -84.92     8  4   0.0  0   0.0  0
       2.0         3.4         0.1         0.1
  28.04632    39.22162     6.065  297.17  45.03  0.1650E+12    0.95   1.43  -1  -1  -102.55    18  4   0.0  0   0.0  0
      10.7         0.5         1.0         0.1
  27.99461    39.24218     6.065  297.17  45.03  0.1650E+12    5.32   1.43  -1  -1   -69.72    21  4   0.0  0   0.0  0
       8.5         4.9         1.4         0.1
  27.94291    39.26274     6.065  297.17  45.03  0.1650E+12    4.10   1.43  -1  -1   -54.56     7  4   0.0  0   0.0  0
       2.3         2.5         0.1         0.1
  27.89120    39.28329     6.065  297.17  45.03  0.1650E+12    4.39   1.43  -1  -1  -137.00     0  4   0.0  0   0.0  0
       0.0         0.0         0.0         0.0
  27.83949    39.30385     6.065  297.17  45.03  0.1650E+12    5.79   1.43  -1  -1  -137.00     0  4   0.0  0   0.0  0
       0.0         0.0         0.0         0.0
  28.24077    39.12072     3.730  297.17  45.03  0.1650E+12    6.02   1.43  -1  -1  -137.00     0  4   0.0  0   0.0  0
       0.0         0.0         0.0         0.0
  28.18906    39.14127     3.730  297.17  45.03  0.1650E+12    4.68   1.43  -1  -1  -137.00     0  4   0.0  0   0.0  0
       0.0         0.0         0.0         0.0
  28.13735    39.16183     3.730  297.17  45.03  0.1650E+12    5.46   1.43  -1  -1   -66.28     1  4   0.0  0   0.0  0
       0.0         0.1         0.2         0.1
  28.08565    39.18238     3.730  297.17  45.03  0.1650E+12    3.36   1.43  -1  -1  -126.41    13  4   0.0  0   0.0  0
       8.7         0.1         0.1         0.1
  28.03394    39.20294     3.730  297.17  45.03  0.1650E+12    1.89   1.43  -1  -1  -113.59     8  4   0.0  0   0.0  0
       5.6         0.1         0.1         0.1
  27.98223    39.22350     3.730  297.17  45.03  0.1650E+12    2.46   1.43  -1  -1  -107.86     7  4   0.0  0   0.0  0
       4.9         0.1         0.1         0.1
  27.93053    39.24406     3.730  297.17  45.03  0.1650E+12    3.43   1.43  -1  -1   -75.70    19  4   0.0  0   0.0  0
      12.8         0.1         0.1         0.1
  27.87882    39.26461     3.730  297.17  45.03  0.1650E+12    4.68   1.43  -1  -1  -137.00     0  4   0.0  0   0.0  0
       0.0         0.0         0.0         0.0
  27.82711    39.28517     3.730  297.17  45.03  0.1650E+12    6.02   1.43  -1  -1  -137.00     0  4   0.0  0   0.0  0
       0.0         0.0         0.0         0.0
  28.22839    39.10204     1.395  297.17  45.03  0.1650E+12    6.38   1.43  -1  -1  -137.00     0  4   0.0  0   0.0  0
       0.0         0.0         0.0         0.0
  28.17668    39.12259     1.395  297.17  45.03  0.1650E+12    5.13   1.43  -1  -1  -137.00     0  4   0.0  0   0.0  0
       0.0         0.0         0.0         0.0
  28.12498    39.14315     1.395  297.17  45.03  0.1650E+12    5.12   1.43  -1  -1   -49.16    10  4   0.0  0   0.0  0
       0.1         0.9         5.6         0.2
  28.07327    39.16371     1.395  297.17  45.03  0.1650E+12    6.32   1.43  -1  -1   -66.90     7  4   0.0  0   0.0  0
       2.4         0.4         0.7         1.0
  28.02156    39.18427     1.395  297.17  45.03  0.1650E+12    2.83   1.43  -1  -1   -88.12     4  4   0.0  0   0.0  0
       2.9         0.1         0.1         0.1
  27.96985    39.20482     1.395  297.17  45.03  0.1650E+12    3.32   1.43  -1  -1   -80.59     4  4   0.0  0   0.0  0
       2.3         0.1         0.1         0.1
  27.91815    39.22538     1.395  297.17  45.03  0.1650E+12    6.28   1.43  -1  -1   -95.25     1  4   0.0  0   0.0  0
       0.4         0.1         0.1         0.0
  27.86644    39.24594     1.395  297.17  45.03  0.1650E+12    5.13   1.43  -1  -1  -137.00     0  4   0.0  0   0.0  0
       0.0         0.0         0.0         0.0
  27.81474    39.26649     1.395  297.17  45.03  0.1650E+12    6.38   1.43  -1  -1  -137.00     0  4   0.0  0   0.0  0
       0.0         0.0         0.0         0.0
