2.0
#
# http://equake-rc.info/static/paper/SRF-Description-Graves_2.0.pdf
# RECTANGULAR fault MODEL
#
# All subfaults are   5.0 km long along strike and
#   4.7 km wide along dip
#
# Model length along strike is   45.0 km
#
# Model width along dip is   23.5 km
#
# Corners of the rectangular dislocation model (lat, lon):
#     39.406    27.881 : corner 1
#     39.204    28.333 : corner 2
#     39.074    28.237 : corner 3
#     39.277    27.784 : corner 4
#
#
# Number of elementary sliprate
# isoceles triangular functions
# per subfault:   4
#
# Half duration of elementary sliprate
# isoceles triangular functions (s):   1.43
# Triangles are overlapping each other by half
#
# slip rate unit: cm/s
#
#
# Seismic moment is converted into slip
# using a single constant value for the
# shear modulus mu of  0.250E+12 dyne/cm2
# assumed to be constant and characteristic
# of the fault shear zone
#
#
#
# "rake" (degrees) is the slip angle (Aki"s convention,
# e.g. rake=+45 means left-lateral-reverse movement.
#
#
# ************************************************
# Total seismic moment M0=  0.177E+26 dyne.cm
# ************************************************
#
#
PLANE 1
  28.10700    39.30500    9    5    45.000    23.500
120.00  45.00     0.091     0.000    11.753
POINTS   45
  28.05870    39.24030     8.400  120.00  45.00  0.2350E+12    0.00   1.43  -1  -1   -85.29    67  4   0.0  0   0.0  0
      35.9        10.2         0.4         0.1
  27.86906    39.25600    15.047  120.00  45.00  0.2350E+12    5.06   1.43  -1  -1  -133.00     0  4   0.0  0   0.0  0
       0.0         0.0         0.0         0.0
  27.91940    39.23349    15.047  120.00  45.00  0.2350E+12    4.21   1.43  -1  -1   -49.26     5  4   0.0  0   0.0  0
       3.0         0.1         0.1         0.1
  27.96973    39.21098    15.047  120.00  45.00  0.2350E+12    6.16   1.43  -1  -1   -43.57     2  4   0.0  0   0.0  0
       0.4         0.5         0.1         0.1
  28.02007    39.18848    15.047  120.00  45.00  0.2350E+12    6.14   1.43  -1  -1   -60.72     1  4   0.0  0   0.0  0
       0.4         0.1         0.1         0.1
  28.07040    39.16597    15.047  120.00  45.00  0.2350E+12    6.32   1.43  -1  -1   -58.34     2  4   0.0  0   0.0  0
       0.1         0.1         0.9         0.1
  28.12074    39.14346    15.047  120.00  45.00  0.2350E+12    4.98   1.43  -1  -1   -43.70     3  4   0.0  0   0.0  0
       0.1         0.1         1.3         0.7
  28.17107    39.12095    15.047  120.00  45.00  0.2350E+12    5.06   1.43  -1  -1  -133.00     0  4   0.0  0   0.0  0
       0.0         0.0         0.0         0.0
  28.22141    39.09845    15.047  120.00  45.00  0.2350E+12    6.31   1.43  -1  -1  -133.00     0  4   0.0  0   0.0  0
       0.0         0.0         0.0         0.0
  27.83805    39.30442    11.723  120.00  45.00  0.2350E+12    5.87   1.43  -1  -1  -133.00     0  4   0.0  0   0.0  0
       0.0         0.0         0.0         0.0
  27.88838    39.28191    11.723  120.00  45.00  0.2350E+12    4.49   1.43  -1  -1  -133.00     0  4   0.0  0   0.0  0
       0.0         0.0         0.0         0.0
  27.93871    39.25940    11.723  120.00  45.00  0.2350E+12    5.35   1.43  -1  -1   -53.36     7  4   0.0  0   0.0  0
       4.6         0.1         0.1         0.1
  27.98905    39.23690    11.723  120.00  45.00  0.2350E+12    1.98   1.43  -1  -1   -77.45    15  4   0.0  0   0.0  0
       3.8         6.8         0.1         0.1
  28.03938    39.21439    11.723  120.00  45.00  0.2350E+12    3.03   1.43  -1  -1  -110.95    20  4   0.0  0   0.0  0
       8.4         5.4         0.1         0.1
  28.08972    39.19188    11.723  120.00  45.00  0.2350E+12    4.38   1.43  -1  -1   -80.97    10  4   0.0  0   0.0  0
       3.0         3.5         0.4         0.1
  28.14005    39.16937    11.723  120.00  45.00  0.2350E+12    4.08   1.43  -1  -1   -75.38     8  4   0.0  0   0.0  0
       0.2         3.1         2.2         0.1
  28.19039    39.14687    11.723  120.00  45.00  0.2350E+12    4.49   1.43  -1  -1  -133.00     0  4   0.0  0   0.0  0
       0.0         0.0         0.0         0.0
  28.24072    39.12436    11.723  120.00  45.00  0.2350E+12    5.87   1.43  -1  -1  -133.00     0  4   0.0  0   0.0  0
       0.0         0.0         0.0         0.0
  27.85736    39.33033     8.400  120.00  45.00  0.2350E+12    5.71   1.43  -1  -1  -133.00     0  4   0.0  0   0.0  0
       0.0         0.0         0.0         0.0
  27.90770    39.30782     8.400  120.00  45.00  0.2350E+12    4.29   1.43  -1  -1  -133.00     0  4   0.0  0   0.0  0
       0.0         0.0         0.0         0.0
  27.95803    39.28531     8.400  120.00  45.00  0.2350E+12    4.52   1.43  -1  -1  -106.56     4  4   0.0  0   0.0  0
       0.9         1.5         0.1         0.1
  28.00837    39.26281     8.400  120.00  45.00  0.2350E+12    1.54   1.43  -1  -1   -80.39    27  4   0.0  0   0.0  0
      17.0         0.1         1.5         0.3
  27.81873    39.27850    15.047  120.00  45.00  0.2350E+12    6.31   1.43  -1  -1  -133.00     0  4   0.0  0   0.0  0
       0.0         0.0         0.0         0.0
  28.10904    39.21779     8.400  120.00  45.00  0.2350E+12    1.82   1.43  -1  -1   -93.47    39  4   0.0  0   0.0  0
      26.6         0.5         0.2         0.1
  28.15937    39.19529     8.400  120.00  45.00  0.2350E+12    3.56   1.43  -1  -1   -83.61    18  4   0.0  0   0.0  0
       7.8         2.8         2.2         0.1
  28.20970    39.17278     8.400  120.00  45.00  0.2350E+12    4.29   1.43  -1  -1  -133.00     0  4   0.0  0   0.0  0
       0.0         0.0         0.0         0.0
  28.26004    39.15027     8.400  120.00  45.00  0.2350E+12    5.71   1.43  -1  -1  -133.00     0  4   0.0  0   0.0  0
       0.0         0.0         0.0         0.0
  27.87668    39.35624     5.077  120.00  45.00  0.2350E+12    5.87   1.43  -1  -1  -133.00     0  4   0.0  0   0.0  0
       0.0         0.0         0.0         0.0
  27.92701    39.33373     5.077  120.00  45.00  0.2350E+12    4.49   1.43  -1  -1  -133.00     0  4   0.0  0   0.0  0
       0.0         0.0         0.0         0.0
  27.97735    39.31123     5.077  120.00  45.00  0.2350E+12    4.49   1.43  -1  -1  -130.50    12  4   0.0  0   0.0  0
       2.9         3.2         1.9         0.1
  28.02768    39.28872     5.077  120.00  45.00  0.2350E+12    4.79   1.43  -1  -1  -104.46     2  4   0.0  0   0.0  0
       1.2         0.2         0.1         0.0
  28.07802    39.26621     5.077  120.00  45.00  0.2350E+12    1.52   1.43  -1  -1   -79.39    26  4   0.0  0   0.0  0
      17.9         0.2         0.1         0.1
  28.12835    39.24370     5.077  120.00  45.00  0.2350E+12    2.01   1.43  -1  -1   -51.88    17  4   0.0  0   0.0  0
       9.1         2.6         0.0         0.1
  28.17869    39.22120     5.077  120.00  45.00  0.2350E+12    4.65   1.43  -1  -1   -51.90    12  4   0.0  0   0.0  0
       7.9         0.1         0.0         0.0
  28.22902    39.19869     5.077  120.00  45.00  0.2350E+12    4.49   1.43  -1  -1  -133.00     0  4   0.0  0   0.0  0
       0.0         0.0         0.0         0.0
  28.27935    39.17618     5.077  120.00  45.00  0.2350E+12    5.87   1.43  -1  -1  -133.00     0  4   0.0  0   0.0  0
       0.0         0.0         0.0         0.0
  27.89599    39.38215     1.753  120.00  45.00  0.2350E+12    6.31   1.43  -1  -1  -133.00     0  4   0.0  0   0.0  0
       0.0         0.0         0.0         0.0
  27.94633    39.35965     1.753  120.00  45.00  0.2350E+12    5.06   1.43  -1  -1  -133.00     0  4   0.0  0   0.0  0
       0.0         0.0         0.0         0.0
  27.99666    39.33714     1.753  120.00  45.00  0.2350E+12    5.54   1.43  -1  -1  -118.30     1  4   0.0  0   0.0  0
       0.1         0.1         0.1         0.1
  28.04700    39.31463     1.753  120.00  45.00  0.2350E+12    6.10   1.43  -1  -1   -98.25     0  4   0.0  0   0.0  0
       0.0         0.0         0.1         0.1
  28.09733    39.29212     1.753  120.00  45.00  0.2350E+12    5.28   1.43  -1  -1   -81.25     0  4   0.0  0   0.0  0
       0.1         0.1         0.0         0.1
  28.14767    39.26962     1.753  120.00  45.00  0.2350E+12    6.22   1.43  -1  -1   -95.67     1  4   0.0  0   0.0  0
       0.1         0.1         0.1         0.2
  28.19800    39.24711     1.753  120.00  45.00  0.2350E+12    6.01   1.43  -1  -1   -62.48     4  4   0.0  0   0.0  0
       0.1         0.1         0.1         2.5
  28.24834    39.22460     1.753  120.00  45.00  0.2350E+12    5.06   1.43  -1  -1  -133.00     0  4   0.0  0   0.0  0
       0.0         0.0         0.0         0.0
  28.29867    39.20210     1.753  120.00  45.00  0.2350E+12    6.31   1.43  -1  -1  -133.00     0  4   0.0  0   0.0  0
       0.0         0.0         0.0         0.0
