2.0
#
# http://equake-rc.info/static/paper/SRF-Description-Graves_2.0.pdf
# RECTANGULAR fault MODEL
#
# All subfaults are   6.0 km long along strike and
#   3.3 km wide along dip
#
# Model length along strike is   54.0 km
#
# Model width along dip is   16.5 km
#
# Corners of the rectangular dislocation model (lat, lon):
#     38.441  -122.417 : corner 1
#     37.984  -122.205 : corner 2
#     37.975  -122.236 : corner 3
#     38.432  -122.447 : corner 4
#
#
# Number of elementary sliprate
# isoceles triangular functions
# per subfault:   4
#
# Half duration of elementary sliprate
# isoceles triangular functions (s):   1.59
# Triangles are overlapping each other by half
#
# slip rate unit: cm/s
#
#
# Seismic moment is converted into slip
# using a single constant value for the
# shear modulus mu of  0.250E+12 dyne/cm2
# assumed to be constant and characteristic
# of the fault shear zone
#
#
#
# "rake" (degrees) is the slip angle (Aki"s convention,
# e.g. rake=+45 means left-lateral-reverse movement.
#
#
# ************************************************
# Total seismic moment M0=  0.201E+26 dyne.cm
# ************************************************
#
#
PLANE 1
-122.31100    38.21250    9    5    54.000    16.500
160.00  80.00     0.125     0.000     4.950
POINTS   45
-122.32000    38.21000     5.000  160.00  80.00  0.1980E+12    0.00   1.59  -1  -1  -153.76    29  4   0.0  0   0.0  0
       8.0         1.5         8.9         0.1
-122.40904    38.35698    14.750  160.00  80.00  0.1980E+12    6.78   1.59  -1  -1   125.08    21  4   0.0  0   0.0  0
       0.1         0.1         0.1        12.7
-122.38553    38.30622    14.750  160.00  80.00  0.1980E+12    6.03   1.59  -1  -1   125.71     9  4   0.0  0   0.0  0
       5.3         0.0         0.1         0.1
-122.36202    38.25546    14.750  160.00  80.00  0.1980E+12    7.32   1.59  -1  -1   123.45     0  4   0.0  0   0.0  0
       0.1         0.1         0.1         0.1
-122.33851    38.20470    14.750  160.00  80.00  0.1980E+12    5.94   1.59  -1  -1   118.91    10  4   0.0  0   0.0  0
       1.8         0.7         0.1         3.9
-122.31499    38.15395    14.750  160.00  80.00  0.1980E+12    3.53   1.59  -1  -1   118.79    36  4   0.0  0   0.0  0
      14.4         5.2         0.1         2.8
-122.29148    38.10319    14.750  160.00  80.00  0.1980E+12    4.45   1.59  -1  -1   119.17     4  4   0.0  0   0.0  0
       2.4         0.1         0.1         0.2
-122.26797    38.05243    14.750  160.00  80.00  0.1980E+12    5.87   1.59  -1  -1   118.60     0  4   0.0  0   0.0  0
       0.0         0.0         0.0         0.0
-122.24446    38.00167    14.750  160.00  80.00  0.1980E+12    7.42   1.59  -1  -1   118.60     0  4   0.0  0   0.0  0
       0.0         0.0         0.0         0.0
-122.42638    38.40950    11.500  160.00  80.00  0.1980E+12    7.11   1.59  -1  -1   118.60     0  4   0.0  0   0.0  0
       0.0         0.0         0.0         0.0
-122.40287    38.35874    11.500  160.00  80.00  0.1980E+12    7.45   1.59  -1  -1   120.11     2  4   0.0  0   0.0  0
       0.1         0.1         0.1         0.9
-122.37936    38.30799    11.500  160.00  80.00  0.1980E+12    5.19   1.59  -1  -1   156.63    16  4   0.0  0   0.0  0
      10.0         0.1         0.1         0.1
-122.35585    38.25723    11.500  160.00  80.00  0.1980E+12    3.55   1.59  -1  -1   136.79     1  4   0.0  0   0.0  0
       0.1         0.1         0.1         0.1
-122.33234    38.20647    11.500  160.00  80.00  0.1980E+12    1.89   1.59  -1  -1   118.85     9  4   0.0  0   0.0  0
       3.5         0.6         1.6         0.1
-122.30883    38.15571    11.500  160.00  80.00  0.1980E+12    7.29   1.59  -1  -1   118.63    17  4   0.0  0   0.0  0
       0.1         4.0         0.1         6.9
-122.28532    38.10495    11.500  160.00  80.00  0.1980E+12    4.24   1.59  -1  -1   119.52     4  4   0.0  0   0.0  0
       2.4         0.1         0.0         0.1
-122.26180    38.05420    11.500  160.00  80.00  0.1980E+12    5.48   1.59  -1  -1   118.60     0  4   0.0  0   0.0  0
       0.0         0.0         0.0         0.0
-122.23829    38.00344    11.500  160.00  80.00  0.1980E+12    7.11   1.59  -1  -1   118.60     0  4   0.0  0   0.0  0
       0.0         0.0         0.0         0.0
-122.42022    38.41127     8.250  160.00  80.00  0.1980E+12    6.92   1.59  -1  -1   118.60     0  4   0.0  0   0.0  0
       0.0         0.0         0.0         0.0
-122.39671    38.36051     8.250  160.00  80.00  0.1980E+12    5.91   1.59  -1  -1   120.99     0  4   0.0  0   0.0  0
       0.1         0.1         0.1         0.1
-122.37319    38.30975     8.250  160.00  80.00  0.1980E+12    4.35   1.59  -1  -1   176.42    23  4   0.0  0   0.0  0
      14.3         0.3         0.1         0.1
-122.34968    38.25899     8.250  160.00  80.00  0.1980E+12    1.97   1.59  -1  -1   170.68     6  4   0.0  0   0.0  0
       3.5         0.1         0.0         0.1
-122.32617    38.20823     8.250  160.00  80.00  0.1980E+12    1.89   1.59  -1  -1   162.78     8  4   0.0  0   0.0  0
       0.3         4.6         0.1         0.1
-122.30266    38.15748     8.250  160.00  80.00  0.1980E+12    2.72   1.59  -1  -1   119.26     3  4   0.0  0   0.0  0
       0.2         1.7         0.2         0.1
-122.27914    38.10672     8.250  160.00  80.00  0.1980E+12    3.59   1.59  -1  -1   119.57     0  4   0.0  0   0.0  0
       0.1         0.0         0.1         0.1
-122.25563    38.05596     8.250  160.00  80.00  0.1980E+12    5.23   1.59  -1  -1   118.60     0  4   0.0  0   0.0  0
       0.0         0.0         0.0         0.0
-122.23212    38.00520     8.250  160.00  80.00  0.1980E+12    6.92   1.59  -1  -1   118.60     0  4   0.0  0   0.0  0
       0.0         0.0         0.0         0.0
-122.41405    38.41303     5.000  160.00  80.00  0.1980E+12    6.86   1.59  -1  -1   118.60     0  4   0.0  0   0.0  0
       0.0         0.0         0.0         0.0
-122.39053    38.36227     5.000  160.00  80.00  0.1980E+12    6.80   1.59  -1  -1   137.16     3  4   0.0  0   0.0  0
       0.1         0.1         0.1         1.5
-122.36702    38.31152     5.000  160.00  80.00  0.1980E+12    3.55   1.59  -1  -1   171.98    18  4   0.0  0   0.0  0
      10.8         0.6         0.1         0.1
-122.34351    38.26076     5.000  160.00  80.00  0.1980E+12    2.65   1.59  -1  -1  -173.49    29  4   0.0  0   0.0  0
      13.0         5.0         0.1         0.1
-122.43256    38.40774    14.750  160.00  80.00  0.1980E+12    7.42   1.59  -1  -1   118.60     0  4   0.0  0   0.0  0
       0.0         0.0         0.0         0.0
-122.29649    38.15924     5.000  160.00  80.00  0.1980E+12    2.68   1.59  -1  -1   123.08     2  4   0.0  0   0.0  0
       0.1         0.9         0.1         0.1
-122.27298    38.10848     5.000  160.00  80.00  0.1980E+12    3.58   1.59  -1  -1   127.23     0  4   0.0  0   0.0  0
       0.1         0.1         0.1         0.1
-122.24947    38.05772     5.000  160.00  80.00  0.1980E+12    5.14   1.59  -1  -1   118.60     0  4   0.0  0   0.0  0
       0.0         0.0         0.0         0.0
-122.22595    38.00697     5.000  160.00  80.00  0.1980E+12    6.86   1.59  -1  -1   118.60     0  4   0.0  0   0.0  0
       0.0         0.0         0.0         0.0
-122.40788    38.41479     1.750  160.00  80.00  0.1980E+12    6.92   1.59  -1  -1   118.60     0  4   0.0  0   0.0  0
       0.0         0.0         0.0         0.0
-122.38437    38.36404     1.750  160.00  80.00  0.1980E+12    7.10   1.59  -1  -1   132.26    14  4   0.0  0   0.0  0
       0.1         0.1         1.4         7.4
-122.36086    38.31328     1.750  160.00  80.00  0.1980E+12    3.57   1.59  -1  -1   143.66    11  4   0.0  0   0.0  0
       6.5         0.2         0.1         0.1
-122.33734    38.26252     1.750  160.00  80.00  0.1980E+12    2.73   1.59  -1  -1  -167.97    64  4   0.0  0   0.0  0
      32.5         7.3         0.1         0.1
-122.31383    38.21177     1.750  160.00  80.00  0.1980E+12    2.00   1.59  -1  -1  -173.23    53  4   0.0  0   0.0  0
      20.1        13.3         0.1         0.1
-122.29032    38.16101     1.750  160.00  80.00  0.1980E+12    4.32   1.59  -1  -1   119.48    10  4   0.0  0   0.0  0
       6.3         0.1         0.1         0.1
-122.26681    38.11025     1.750  160.00  80.00  0.1980E+12    3.56   1.59  -1  -1   123.18     0  4   0.0  0   0.0  0
       0.1         0.1         0.1         0.1
-122.24329    38.05949     1.750  160.00  80.00  0.1980E+12    5.23   1.59  -1  -1   118.60     0  4   0.0  0   0.0  0
       0.0         0.0         0.0         0.0
-122.21978    38.00873     1.750  160.00  80.00  0.1980E+12    6.92   1.59  -1  -1   118.60     0  4   0.0  0   0.0  0
       0.0         0.0         0.0         0.0
