2.0
#
# http://equake-rc.info/static/paper/SRF-Description-Graves_2.0.pdf
# RECTANGULAR fault MODEL
#
# All subfaults are  10.0 km long along strike and
#  18.0 km wide along dip
#
# Model length along strike is  110.0 km
#
# Model width along dip is   90.0 km
#
# Corners of the rectangular dislocation model (lat, lon):
#     40.802   142.399 : corner 1
#     39.812   142.443 : corner 2
#     39.789   141.539 : corner 3
#     40.779   141.494 : corner 4
#
#
# Number of elementary sliprate
# isoceles triangular functions
# per subfault:   4
#
# Half duration of elementary sliprate
# isoceles triangular functions (s):   2.65
# Triangles are overlapping each other by half
#
# slip rate unit: cm/s
#
#
# Seismic moment is converted into slip
# using a single constant value for the
# shear modulus mu of  0.250E+12 dyne/cm2
# assumed to be constant and characteristic
# of the fault shear zone
#
#
#
# "rake" (degrees) is the slip angle (Aki"s convention,
# e.g. rake=+45 means left-lateral-reverse movement.
#
#
# ************************************************
# Total seismic moment M0=  0.417E+27 dyne.cm
# ************************************************
#
#
PLANE 1
 142.42099    40.30700   11    5   110.000    90.000
178.04  31.56    45.667     0.000    26.998
POINTS   55
 142.14990    40.30020    59.800  178.04  31.56  0.1800E+13    0.00   2.65  -1  -1    71.25    84  4   0.0  0   0.0  0
      28.6         3.0         0.1         0.1
 141.59091    40.64598    88.065  178.04  31.56  0.1800E+13   15.34   2.65  -1  -1   105.12   101  4   0.0  0   0.0  0
      28.2         8.5         1.2         0.2
 141.59494    40.55600    88.065  178.04  31.56  0.1800E+13   15.34   2.65  -1  -1   105.06   102  4   0.0  0   0.0  0
       5.1        12.6        13.1         7.6
 141.59897    40.46601    88.065  178.04  31.56  0.1800E+13   15.34   2.65  -1  -1   105.12   149  4   0.0  0   0.0  0
       2.4        21.5        19.1        13.3
 141.60301    40.37603    88.065  178.04  31.56  0.1800E+13   15.34   2.65  -1  -1   105.10   126  4   0.0  0   0.0  0
      10.7         9.1        16.4        11.2
 141.60704    40.28605    88.065  178.04  31.56  0.1800E+13   15.34   2.65  -1  -1   105.06    64  4   0.0  0   0.0  0
       2.7         2.8        13.4         5.2
 141.61107    40.19607    88.065  178.04  31.56  0.1800E+13   15.34   2.65  -1  -1   105.05    25  4   0.0  0   0.0  0
       0.3         0.1         5.7         3.4
 141.61510    40.10609    88.065  178.04  31.56  0.1800E+13   15.34   2.65  -1  -1   105.11    94  4   0.0  0   0.0  0
       0.2         0.1         1.3        34.1
 141.61914    40.01611    88.065  178.04  31.56  0.1800E+13   15.34   2.65  -1  -1    15.15     0  4   0.0  0   0.0  0
       0.0         0.0         0.0         0.0
 141.62317    39.92612    88.065  178.04  31.56  0.1800E+13   15.34   2.65  -1  -1    15.15     0  4   0.0  0   0.0  0
       0.0         0.0         0.0         0.0
 141.62720    39.83614    88.065  178.04  31.56  0.1800E+13   15.34   2.65  -1  -1    15.15     0  4   0.0  0   0.0  0
       0.0         0.0         0.0         0.0
 141.76784    40.74068    78.643  178.04  31.56  0.1800E+13   15.34   2.65  -1  -1    15.15     0  4   0.0  0   0.0  0
       0.0         0.0         0.0         0.0
 141.77187    40.65070    78.643  178.04  31.56  0.1800E+13   15.34   2.65  -1  -1   102.85     5  4   0.0  0   0.0  0
       1.5         0.1         0.1         0.1
 141.77589    40.56071    78.643  178.04  31.56  0.1800E+13   13.48   2.65  -1  -1   104.74    14  4   0.0  0   0.0  0
       4.8         0.1         0.1         0.1
 141.77992    40.47073    78.643  178.04  31.56  0.1800E+13   12.54   2.65  -1  -1   104.75     2  4   0.0  0   0.0  0
       0.6         0.1         0.1         0.1
 141.78397    40.38075    78.643  178.04  31.56  0.1800E+13   10.78   2.65  -1  -1   103.71     1  4   0.0  0   0.0  0
       0.1         0.1         0.1         0.1
 141.78799    40.29077    78.643  178.04  31.56  0.1800E+13   10.64   2.65  -1  -1    94.96     1  4   0.0  0   0.0  0
       0.1         0.1         0.1         0.1
 141.79202    40.20079    78.643  178.04  31.56  0.1800E+13   11.06   2.65  -1  -1    67.69     1  4   0.0  0   0.0  0
       0.1         0.1         0.1         0.1
 141.79605    40.11081    78.643  178.04  31.56  0.1800E+13   12.01   2.65  -1  -1    50.95     1  4   0.0  0   0.0  0
       0.1         0.1         0.1         0.1
 141.80009    40.02082    78.643  178.04  31.56  0.1800E+13   13.39   2.65  -1  -1    15.15     0  4   0.0  0   0.0  0
       0.0         0.0         0.0         0.0
 141.80412    39.93084    78.643  178.04  31.56  0.1800E+13   15.34   2.65  -1  -1    15.15     0  4   0.0  0   0.0  0
       0.0         0.0         0.0         0.0
 141.80815    39.84086    78.643  178.04  31.56  0.1800E+13   15.34   2.65  -1  -1    15.15     0  4   0.0  0   0.0  0
       0.0         0.0         0.0         0.0
 141.94879    40.74539    69.222  178.04  31.56  0.1800E+13   15.18   2.65  -1  -1    15.15     0  4   0.0  0   0.0  0
       0.0         0.0         0.0         0.0
 141.95282    40.65541    69.222  178.04  31.56  0.1800E+13   12.54   2.65  -1  -1    97.77     2  4   0.0  0   0.0  0
       0.1         0.4         0.1         0.1
 141.95685    40.56543    69.222  178.04  31.56  0.1800E+13   10.28   2.65  -1  -1   104.43     2  4   0.0  0   0.0  0
       0.1         0.3         0.1         0.1
 141.96088    40.47545    69.222  178.04  31.56  0.1800E+13    8.00   2.65  -1  -1   104.15     2  4   0.0  0   0.0  0
       0.2         0.4         0.1         0.1
 141.96492    40.38547    69.222  178.04  31.56  0.1800E+13    6.87   2.65  -1  -1   103.84     4  4   0.0  0   0.0  0
       0.2         1.0         0.1         0.1
 141.96895    40.29548    69.222  178.04  31.56  0.1800E+13    5.41   2.65  -1  -1   104.80     2  4   0.0  0   0.0  0
       0.3         0.4         0.1         0.1
 141.97298    40.20550    69.222  178.04  31.56  0.1800E+13   15.20   2.65  -1  -1    53.11     1  4   0.0  0   0.0  0
       0.1         0.1         0.1         0.1
 141.97701    40.11552    69.222  178.04  31.56  0.1800E+13   14.24   2.65  -1  -1    21.18    10  4   0.0  0   0.0  0
       0.1         1.8         1.7         0.1
 141.98105    40.02554    69.222  178.04  31.56  0.1800E+13   10.00   2.65  -1  -1    15.15     0  4   0.0  0   0.0  0
       0.0         0.0         0.0         0.0
 141.98508    39.93556    69.222  178.04  31.56  0.1800E+13   12.53   2.65  -1  -1    15.15     0  4   0.0  0   0.0  0
       0.0         0.0         0.0         0.0
 141.98911    39.84558    69.222  178.04  31.56  0.1800E+13   15.18   2.65  -1  -1    15.15     0  4   0.0  0   0.0  0
       0.0         0.0         0.0         0.0
 142.12975    40.75011    59.800  178.04  31.56  0.1800E+13   14.29   2.65  -1  -1    15.15     0  4   0.0  0   0.0  0
       0.0         0.0         0.0         0.0
 142.13377    40.66013    59.800  178.04  31.56  0.1800E+13   13.55   2.65  -1  -1   104.28     1  4   0.0  0   0.0  0
       0.1         0.1         0.1         0.1
 142.13780    40.57015    59.800  178.04  31.56  0.1800E+13    9.73   2.65  -1  -1   103.34     1  4   0.0  0   0.0  0
       0.1         0.1         0.1         0.1
 142.14183    40.48016    59.800  178.04  31.56  0.1800E+13    6.03   2.65  -1  -1   102.40     1  4   0.0  0   0.0  0
       0.1         0.1         0.1         0.1
 142.14587    40.39018    59.800  178.04  31.56  0.1800E+13    2.98   2.65  -1  -1    89.79    24  4   0.0  0   0.0  0
       8.9         0.1         0.1         0.1
 141.58687    40.73596    88.065  178.04  31.56  0.1800E+13   15.34   2.65  -1  -1    15.15     0  4   0.0  0   0.0  0
       0.0         0.0         0.0         0.0
 142.15393    40.21022    59.800  178.04  31.56  0.1800E+13    2.96   2.65  -1  -1    95.21     5  4   0.0  0   0.0  0
       1.5         0.1         0.1         0.1
 142.15797    40.12024    59.800  178.04  31.56  0.1800E+13   14.33   2.65  -1  -1    33.07    34  4   0.0  0   0.0  0
       0.1         3.6         8.9         0.1
 142.16200    40.03025    59.800  178.04  31.56  0.1800E+13    8.57   2.65  -1  -1    15.15     0  4   0.0  0   0.0  0
       0.0         0.0         0.0         0.0
 142.16603    39.94027    59.800  178.04  31.56  0.1800E+13   11.43   2.65  -1  -1    15.15     0  4   0.0  0   0.0  0
       0.0         0.0         0.0         0.0
 142.17006    39.85029    59.800  178.04  31.56  0.1800E+13   14.29   2.65  -1  -1    15.15     0  4   0.0  0   0.0  0
       0.0         0.0         0.0         0.0
 142.31070    40.75483    50.378  178.04  31.56  0.1800E+13   15.18   2.65  -1  -1    15.15     0  4   0.0  0   0.0  0
       0.0         0.0         0.0         0.0
 142.31473    40.66484    50.378  178.04  31.56  0.1800E+13   14.82   2.65  -1  -1    75.78     2  4   0.0  0   0.0  0
       0.1         0.4         0.1         0.1
 142.31876    40.57486    50.378  178.04  31.56  0.1800E+13   11.41   2.65  -1  -1    81.66     5  4   0.0  0   0.0  0
       0.1         0.1         0.9         0.6
 142.32280    40.48488    50.378  178.04  31.56  0.1800E+13   11.43   2.65  -1  -1    99.12    14  4   0.0  0   0.0  0
       0.1         1.2         3.2         0.8
 142.32683    40.39490    50.378  178.04  31.56  0.1800E+13   12.22   2.65  -1  -1   105.00    18  4   0.0  0   0.0  0
       0.1         6.4         0.1         0.1
 142.33086    40.30492    50.378  178.04  31.56  0.1800E+13    8.80   2.65  -1  -1   104.70     2  4   0.0  0   0.0  0
       0.1         0.3         0.1         0.4
 142.33488    40.21494    50.378  178.04  31.56  0.1800E+13   10.27   2.65  -1  -1   102.75     1  4   0.0  0   0.0  0
       0.1         0.1         0.1         0.1
 142.33893    40.12495    50.378  178.04  31.56  0.1800E+13   15.22   2.65  -1  -1    32.85    25  4   0.0  0   0.0  0
       0.1         0.1         6.4         2.7
 142.34296    40.03497    50.378  178.04  31.56  0.1800E+13   10.00   2.65  -1  -1    15.15     0  4   0.0  0   0.0  0
       0.0         0.0         0.0         0.0
 142.34698    39.94499    50.378  178.04  31.56  0.1800E+13   12.53   2.65  -1  -1    15.15     0  4   0.0  0   0.0  0
       0.0         0.0         0.0         0.0
 142.35101    39.85501    50.378  178.04  31.56  0.1800E+13   15.18   2.65  -1  -1    15.15     0  4   0.0  0   0.0  0
       0.0         0.0         0.0         0.0
