2.0
#
# http://equake-rc.info/static/paper/SRF-Description-Graves_2.0.pdf
# RECTANGULAR fault MODEL
#
# All subfaults are   7.0 km long along strike and
#   4.9 km wide along dip
#
# Model length along strike is   77.0 km
#
# Model width along dip is   24.5 km
#
# Corners of the rectangular dislocation model (lat, lon):
#     39.143   143.153 : corner 1
#     39.771   143.532 : corner 2
#     39.750   143.591 : corner 3
#     39.122   143.211 : corner 4
#
#
# Number of elementary sliprate
# isoceles triangular functions
# per subfault:   4
#
# Half duration of elementary sliprate
# isoceles triangular functions (s):   1.95
# Triangles are overlapping each other by half
#
# slip rate unit: cm/s
#
#
# Seismic moment is converted into slip
# using a single constant value for the
# shear modulus mu of  0.250E+12 dyne/cm2
# assumed to be constant and characteristic
# of the fault shear zone
#
#
#
# "rake" (degrees) is the slip angle (Aki"s convention,
# e.g. rake=+45 means left-lateral-reverse movement.
#
#
# ************************************************
# Total seismic moment M0=  0.498E+26 dyne.cm
# ************************************************
#
#
PLANE 1
 143.34250    39.45700   11    5    77.000    24.500
 25.00  77.00     0.064     0.000    12.251
POINTS   55
 143.37170    39.44620    12.000   25.00  77.00  0.3430E+12    0.00   1.95  -1  -1   107.29    98  4   0.0  0   0.0  0
      21.6        28.5         0.1         0.1
 143.25703    39.20935    21.549   25.00  77.00  0.3430E+12    8.48   1.95  -1  -1    51.00     0  4   0.0  0   0.0  0
       0.0         0.0         0.0         0.0
 143.29153    39.26646    21.549   25.00  77.00  0.3430E+12    7.92   1.95  -1  -1   103.62     1  4   0.0  0   0.0  0
       0.1         0.1         0.1         0.1
 143.32602    39.32358    21.549   25.00  77.00  0.3430E+12    5.30   1.95  -1  -1    56.46    24  4   0.0  0   0.0  0
      12.0         0.1         0.1         0.1
 143.36050    39.38070    21.549   25.00  77.00  0.3430E+12    3.92   1.95  -1  -1    90.73    53  4   0.0  0   0.0  0
      22.9         3.8         0.2         0.1
 143.39500    39.43781    21.549   25.00  77.00  0.3430E+12    8.63   1.95  -1  -1    65.39    25  4   0.0  0   0.0  0
       0.9         7.8         3.6         0.3
 143.42949    39.49493    21.549   25.00  77.00  0.3430E+12    4.12   1.95  -1  -1    88.78    12  4   0.0  0   0.0  0
       2.5         1.3         2.0         0.6
 143.46397    39.55205    21.549   25.00  77.00  0.3430E+12    7.99   1.95  -1  -1   123.14     5  4   0.0  0   0.0  0
       1.7         0.2         0.3         0.3
 143.49847    39.60917    21.549   25.00  77.00  0.3430E+12    8.22   1.95  -1  -1   115.90     2  4   0.0  0   0.0  0
       0.8         0.1         0.1         0.1
 143.53296    39.66628    21.549   25.00  77.00  0.3430E+12    8.48   1.95  -1  -1    51.00     0  4   0.0  0   0.0  0
       0.0         0.0         0.0         0.0
 143.56744    39.72340    21.549   25.00  77.00  0.3430E+12   10.31   1.95  -1  -1    51.00     0  4   0.0  0   0.0  0
       0.0         0.0         0.0         0.0
 143.21091    39.15642    16.774   25.00  77.00  0.3430E+12   10.10   1.95  -1  -1    51.00     0  4   0.0  0   0.0  0
       0.0         0.0         0.0         0.0
 143.24539    39.21354    16.774   25.00  77.00  0.3430E+12    8.12   1.95  -1  -1    51.00     0  4   0.0  0   0.0  0
       0.0         0.0         0.0         0.0
 143.27988    39.27066    16.774   25.00  77.00  0.3430E+12   10.27   1.95  -1  -1   121.64     4  4   0.0  0   0.0  0
       0.1         0.1         0.1         1.8
 143.31438    39.32777    16.774   25.00  77.00  0.3430E+12    5.39   1.95  -1  -1    63.65     9  4   0.0  0   0.0  0
       4.3         0.1         0.1         0.1
 143.34886    39.38489    16.774   25.00  77.00  0.3430E+12    5.97   1.95  -1  -1    65.07    34  4   0.0  0   0.0  0
      11.5         2.4         3.5         0.1
 143.38335    39.44201    16.774   25.00  77.00  0.3430E+12    1.85   1.95  -1  -1    80.16    37  4   0.0  0   0.0  0
      13.8         3.0         0.3         2.0
 143.41785    39.49912    16.774   25.00  77.00  0.3430E+12    4.09   1.95  -1  -1   136.73    12  4   0.0  0   0.0  0
       0.1         5.3         0.2         0.5
 143.45233    39.55624    16.774   25.00  77.00  0.3430E+12    8.05   1.95  -1  -1   122.85    16  4   0.0  0   0.0  0
       1.6         0.1         5.1         1.5
 143.48682    39.61336    16.774   25.00  77.00  0.3430E+12    7.16   1.95  -1  -1   130.95     2  4   0.0  0   0.0  0
       0.1         0.1         0.1         0.7
 143.52132    39.67048    16.774   25.00  77.00  0.3430E+12    8.12   1.95  -1  -1    51.00     0  4   0.0  0   0.0  0
       0.0         0.0         0.0         0.0
 143.55580    39.72759    16.774   25.00  77.00  0.3430E+12   10.10   1.95  -1  -1    51.00     0  4   0.0  0   0.0  0
       0.0         0.0         0.0         0.0
 143.19925    39.16062    12.000   25.00  77.00  0.3430E+12   10.00   1.95  -1  -1    51.00     0  4   0.0  0   0.0  0
       0.0         0.0         0.0         0.0
 143.23375    39.21774    12.000   25.00  77.00  0.3430E+12    8.00   1.95  -1  -1    51.00     0  4   0.0  0   0.0  0
       0.0         0.0         0.0         0.0
 143.26823    39.27485    12.000   25.00  77.00  0.3430E+12   10.20   1.95  -1  -1   138.04     5  4   0.0  0   0.0  0
       0.1         0.1         0.1         2.1
 143.30272    39.33197    12.000   25.00  77.00  0.3430E+12    4.01   1.95  -1  -1    97.52    22  4   0.0  0   0.0  0
      10.8         0.1         0.1         0.1
 143.33722    39.38908    12.000   25.00  77.00  0.3430E+12    2.05   1.95  -1  -1    80.87    18  4   0.0  0   0.0  0
       7.6         0.1         0.1         1.7
 143.22255    39.15223    21.549   25.00  77.00  0.3430E+12   10.31   1.95  -1  -1    51.00     0  4   0.0  0   0.0  0
       0.0         0.0         0.0         0.0
 143.40619    39.50332    12.000   25.00  77.00  0.3430E+12    2.14   1.95  -1  -1    73.69    28  4   0.0  0   0.0  0
       9.5         0.1         1.3         3.6
 143.44069    39.56044    12.000   25.00  77.00  0.3430E+12    8.75   1.95  -1  -1    85.39    15  4   0.0  0   0.0  0
       3.5         0.7         1.0         2.7
 143.47517    39.61755    12.000   25.00  77.00  0.3430E+12    9.58   1.95  -1  -1    96.82     1  4   0.0  0   0.0  0
       0.1         0.1         0.2         0.2
 143.50966    39.67467    12.000   25.00  77.00  0.3430E+12    8.00   1.95  -1  -1    51.00     0  4   0.0  0   0.0  0
       0.0         0.0         0.0         0.0
 143.54416    39.73178    12.000   25.00  77.00  0.3430E+12   10.00   1.95  -1  -1    51.00     0  4   0.0  0   0.0  0
       0.0         0.0         0.0         0.0
 143.18761    39.16481     7.226   25.00  77.00  0.3430E+12   10.10   1.95  -1  -1    51.00     0  4   0.0  0   0.0  0
       0.0         0.0         0.0         0.0
 143.22209    39.22193     7.226   25.00  77.00  0.3430E+12    8.12   1.95  -1  -1    51.00     0  4   0.0  0   0.0  0
       0.0         0.0         0.0         0.0
 143.25659    39.27905     7.226   25.00  77.00  0.3430E+12   10.31   1.95  -1  -1   108.99     9  4   0.0  0   0.0  0
       0.1         0.1         0.1         4.2
 143.29108    39.33616     7.226   25.00  77.00  0.3430E+12    4.46   1.95  -1  -1   114.15     1  4   0.0  0   0.0  0
       0.2         0.1         0.1         0.1
 143.32556    39.39328     7.226   25.00  77.00  0.3430E+12    2.69   1.95  -1  -1    75.96     1  4   0.0  0   0.0  0
       0.3         0.1         0.1         0.1
 143.36006    39.45039     7.226   25.00  77.00  0.3430E+12    2.05   1.95  -1  -1    94.89    32  4   0.0  0   0.0  0
      16.2         0.2         0.1         0.1
 143.39455    39.50751     7.226   25.00  77.00  0.3430E+12    6.05   1.95  -1  -1    82.95     9  4   0.0  0   0.0  0
       2.4         0.2         1.0         1.0
 143.42903    39.56463     7.226   25.00  77.00  0.3430E+12    8.87   1.95  -1  -1    76.80    19  4   0.0  0   0.0  0
       0.1         0.1         0.2         9.1
 143.46353    39.62175     7.226   25.00  77.00  0.3430E+12    9.69   1.95  -1  -1    73.80    14  4   0.0  0   0.0  0
       0.1         0.1         0.2         6.6
 143.49802    39.67886     7.226   25.00  77.00  0.3430E+12    8.12   1.95  -1  -1    51.00     0  4   0.0  0   0.0  0
       0.0         0.0         0.0         0.0
 143.53250    39.73598     7.226   25.00  77.00  0.3430E+12   10.10   1.95  -1  -1    51.00     0  4   0.0  0   0.0  0
       0.0         0.0         0.0         0.0
 143.17596    39.16901     2.451   25.00  77.00  0.3430E+12   10.31   1.95  -1  -1    51.00     0  4   0.0  0   0.0  0
       0.0         0.0         0.0         0.0
 143.21045    39.22612     2.451   25.00  77.00  0.3430E+12    8.48   1.95  -1  -1    51.00     0  4   0.0  0   0.0  0
       0.0         0.0         0.0         0.0
 143.24493    39.28324     2.451   25.00  77.00  0.3430E+12    8.78   1.95  -1  -1   140.87    36  4   0.0  0   0.0  0
      16.1         0.5         0.2         1.6
 143.27943    39.34035     2.451   25.00  77.00  0.3430E+12    6.87   1.95  -1  -1   140.68    16  4   0.0  0   0.0  0
       1.9         5.9         0.2         0.1
 143.31392    39.39747     2.451   25.00  77.00  0.3430E+12    3.93   1.95  -1  -1   127.40     3  4   0.0  0   0.0  0
       0.1         0.4         0.6         0.4
 143.34840    39.45459     2.451   25.00  77.00  0.3430E+12    2.92   1.95  -1  -1   102.10     9  4   0.0  0   0.0  0
       3.6         0.4         0.3         0.1
 143.38290    39.51171     2.451   25.00  77.00  0.3430E+12    8.82   1.95  -1  -1    76.23     5  4   0.0  0   0.0  0
       0.9         1.3         0.1         0.1
 143.41739    39.56882     2.451   25.00  77.00  0.3430E+12    9.70   1.95  -1  -1   106.94     1  4   0.0  0   0.0  0
       0.1         0.1         0.1         0.3
 143.45187    39.62594     2.451   25.00  77.00  0.3430E+12    9.47   1.95  -1  -1    75.39     5  4   0.0  0   0.0  0
       0.1         0.1         1.7         0.8
 143.48637    39.68306     2.451   25.00  77.00  0.3430E+12    8.48   1.95  -1  -1    51.00     0  4   0.0  0   0.0  0
       0.0         0.0         0.0         0.0
 143.52086    39.74017     2.451   25.00  77.00  0.3430E+12   10.31   1.95  -1  -1    51.00     0  4   0.0  0   0.0  0
       0.0         0.0         0.0         0.0
