2.0
#
# http://equake-rc.info/static/paper/SRF-Description-Graves_2.0.pdf
# RECTANGULAR fault MODEL
#
# All subfaults are   7.0 km long along strike and
#  12.0 km wide along dip
#
# Model length along strike is   77.0 km
#
# Model width along dip is   60.0 km
#
# Corners of the rectangular dislocation model (lat, lon):
#     39.793   143.710 : corner 1
#     39.100   143.711 : corner 2
#     39.099   143.033 : corner 3
#     39.793   143.032 : corner 4
#
#
# Number of elementary sliprate
# isoceles triangular functions
# per subfault:   4
#
# Half duration of elementary sliprate
# isoceles triangular functions (s):   1.95
# Triangles are overlapping each other by half
#
# slip rate unit: cm/s
#
#
# Seismic moment is converted into slip
# using a single constant value for the
# shear modulus mu of  0.250E+12 dyne/cm2
# assumed to be constant and characteristic
# of the fault shear zone
#
#
#
# "rake" (degrees) is the slip angle (Aki"s convention,
# e.g. rake=+45 means left-lateral-reverse movement.
#
#
# ************************************************
# Total seismic moment M0=  0.535E+26 dyne.cm
# ************************************************
#
#
PLANE 1
 143.71051    39.44650   11    5    77.000    60.000
179.96  14.30     8.192     0.000    29.999
POINTS   55
 143.37170    39.44620    15.600  179.96  14.30  0.8400E+12    0.00   1.95  -1  -1    54.84    62  4   0.0  0   0.0  0
      26.1         5.6         0.1         0.1
 143.10031    39.69813    21.526  179.96  14.30  0.8400E+12   10.31   1.95  -1  -1    20.64     0  4   0.0  0   0.0  0
       0.0         0.0         0.0         0.0
 143.10037    39.63511    21.526  179.96  14.30  0.8400E+12    9.11   1.95  -1  -1    20.64     0  4   0.0  0   0.0  0
       0.0         0.0         0.0         0.0
 143.10043    39.57209    21.526  179.96  14.30  0.8400E+12    8.17   1.95  -1  -1    53.06     4  4   0.0  0   0.0  0
       0.1         0.1         0.8         1.0
 143.10049    39.50906    21.526  179.96  14.30  0.8400E+12    9.01   1.95  -1  -1    49.01     1  4   0.0  0   0.0  0
       0.2         0.1         0.3         0.1
 143.10056    39.44604    21.526  179.96  14.30  0.8400E+12    8.00   1.95  -1  -1    20.94     9  4   0.0  0   0.0  0
       3.0         1.2         0.1         0.2
 143.10062    39.38302    21.526  179.96  14.30  0.8400E+12    7.40   1.95  -1  -1    75.53     5  4   0.0  0   0.0  0
       1.9         0.1         0.1         0.3
 143.10068    39.32000    21.526  179.96  14.30  0.8400E+12   10.13   1.95  -1  -1    94.64     3  4   0.0  0   0.0  0
       0.1         0.1         0.1         1.4
 143.10075    39.25698    21.526  179.96  14.30  0.8400E+12    9.11   1.95  -1  -1    20.64     0  4   0.0  0   0.0  0
       0.0         0.0         0.0         0.0
 143.10081    39.19395    21.526  179.96  14.30  0.8400E+12   10.31   1.95  -1  -1    20.64     0  4   0.0  0   0.0  0
       0.0         0.0         0.0         0.0
 143.10088    39.13094    21.526  179.96  14.30  0.8400E+12   10.31   1.95  -1  -1   110.54    12  4   0.0  0   0.0  0
       0.1         2.4         2.3         1.6
 143.23582    39.76123    18.563  179.96  14.30  0.8400E+12   10.31   1.95  -1  -1    20.64     0  4   0.0  0   0.0  0
       0.0         0.0         0.0         0.0
 143.23589    39.69821    18.563  179.96  14.30  0.8400E+12    8.70   1.95  -1  -1    20.64     0  4   0.0  0   0.0  0
       0.0         0.0         0.0         0.0
 143.23595    39.63519    18.563  179.96  14.30  0.8400E+12    6.91   1.95  -1  -1    20.64     0  4   0.0  0   0.0  0
       0.0         0.0         0.0         0.0
 143.23601    39.57217    18.563  179.96  14.30  0.8400E+12    5.97   1.95  -1  -1   107.75     6  4   0.0  0   0.0  0
       0.6         1.0         0.5         0.9
 143.23607    39.50914    18.563  179.96  14.30  0.8400E+12    4.51   1.95  -1  -1    78.16     3  4   0.0  0   0.0  0
       0.1         0.1         0.2         1.2
 143.23613    39.44612    18.563  179.96  14.30  0.8400E+12    4.09   1.95  -1  -1    39.32     8  4   0.0  0   0.0  0
       3.4         0.2         0.1         0.2
 143.23619    39.38310    18.563  179.96  14.30  0.8400E+12    5.65   1.95  -1  -1    24.66    13  4   0.0  0   0.0  0
       5.1         1.5         0.1         0.1
 143.23625    39.32008    18.563  179.96  14.30  0.8400E+12    5.74   1.95  -1  -1    52.44    14  4   0.0  0   0.0  0
       7.2         0.1         0.1         0.1
 143.23631    39.25706    18.563  179.96  14.30  0.8400E+12    6.91   1.95  -1  -1    20.64     0  4   0.0  0   0.0  0
       0.0         0.0         0.0         0.0
 143.23637    39.19403    18.563  179.96  14.30  0.8400E+12    8.70   1.95  -1  -1    20.64     0  4   0.0  0   0.0  0
       0.0         0.0         0.0         0.0
 143.23643    39.13102    18.563  179.96  14.30  0.8400E+12   10.31   1.95  -1  -1   110.54     4  4   0.0  0   0.0  0
       0.1         0.1         1.1         1.0
 143.37140    39.76131    15.600  179.96  14.30  0.8400E+12   10.00   1.95  -1  -1    20.64     0  4   0.0  0   0.0  0
       0.0         0.0         0.0         0.0
 143.37146    39.69829    15.600  179.96  14.30  0.8400E+12    8.00   1.95  -1  -1    20.64     0  4   0.0  0   0.0  0
       0.0         0.0         0.0         0.0
 143.37152    39.63527    15.600  179.96  14.30  0.8400E+12    6.00   1.95  -1  -1    20.64     0  4   0.0  0   0.0  0
       0.0         0.0         0.0         0.0
 143.37158    39.57224    15.600  179.96  14.30  0.8400E+12    8.49   1.95  -1  -1    73.16     5  4   0.0  0   0.0  0
       0.1         1.8         0.2         0.7
 143.37164    39.50922    15.600  179.96  14.30  0.8400E+12    6.73   1.95  -1  -1    70.47    11  4   0.0  0   0.0  0
       0.3         1.5         2.3         1.4
 143.10025    39.76115    21.526  179.96  14.30  0.8400E+12   10.31   1.95  -1  -1    20.64     0  4   0.0  0   0.0  0
       0.0         0.0         0.0         0.0
 143.37177    39.38318    15.600  179.96  14.30  0.8400E+12    2.79   1.95  -1  -1    63.88    14  4   0.0  0   0.0  0
       4.5         1.9         0.5         0.1
 143.37183    39.32016    15.600  179.96  14.30  0.8400E+12    4.45   1.95  -1  -1    52.68     4  4   0.0  0   0.0  0
       1.2         0.7         0.1         0.1
 143.37189    39.25714    15.600  179.96  14.30  0.8400E+12    6.00   1.95  -1  -1    20.64     0  4   0.0  0   0.0  0
       0.0         0.0         0.0         0.0
 143.37195    39.19411    15.600  179.96  14.30  0.8400E+12    8.00   1.95  -1  -1    20.64     0  4   0.0  0   0.0  0
       0.0         0.0         0.0         0.0
 143.37201    39.13109    15.600  179.96  14.30  0.8400E+12   10.12   1.95  -1  -1    92.52     2  4   0.0  0   0.0  0
       0.1         0.1         0.2         0.8
 143.50697    39.76139    12.637  179.96  14.30  0.8400E+12   10.31   1.95  -1  -1    20.64     0  4   0.0  0   0.0  0
       0.0         0.0         0.0         0.0
 143.50703    39.69837    12.637  179.96  14.30  0.8400E+12    8.70   1.95  -1  -1    20.64     0  4   0.0  0   0.0  0
       0.0         0.0         0.0         0.0
 143.50710    39.63535    12.637  179.96  14.30  0.8400E+12    6.91   1.95  -1  -1    20.64     0  4   0.0  0   0.0  0
       0.0         0.0         0.0         0.0
 143.50716    39.57232    12.637  179.96  14.30  0.8400E+12    8.36   1.95  -1  -1    61.62     5  4   0.0  0   0.0  0
       2.0         0.1         0.1         0.4
 143.50722    39.50930    12.637  179.96  14.30  0.8400E+12    5.45   1.95  -1  -1    79.69    11  4   0.0  0   0.0  0
       4.8         0.5         0.2         0.3
 143.50728    39.44628    12.637  179.96  14.30  0.8400E+12    8.42   1.95  -1  -1    42.55     6  4   0.0  0   0.0  0
       0.5         1.6         0.9         0.1
 143.50734    39.38326    12.637  179.96  14.30  0.8400E+12    7.45   1.95  -1  -1    20.89     9  4   0.0  0   0.0  0
       0.2         3.3         0.7         0.3
 143.50740    39.32024    12.637  179.96  14.30  0.8400E+12    6.33   1.95  -1  -1    36.70     2  4   0.0  0   0.0  0
       0.9         0.1         0.1         0.1
 143.50746    39.25722    12.637  179.96  14.30  0.8400E+12    6.91   1.95  -1  -1    20.64     0  4   0.0  0   0.0  0
       0.0         0.0         0.0         0.0
 143.50752    39.19419    12.637  179.96  14.30  0.8400E+12    8.70   1.95  -1  -1    20.64     0  4   0.0  0   0.0  0
       0.0         0.0         0.0         0.0
 143.50758    39.13117    12.637  179.96  14.30  0.8400E+12   10.31   1.95  -1  -1    51.46     9  4   0.0  0   0.0  0
       0.1         0.1         0.1         4.3
 143.64253    39.76147     9.674  179.96  14.30  0.8400E+12   10.31   1.95  -1  -1    20.64     0  4   0.0  0   0.0  0
       0.0         0.0         0.0         0.0
 143.64259    39.69845     9.674  179.96  14.30  0.8400E+12   10.31   1.95  -1  -1    20.64     0  4   0.0  0   0.0  0
       0.0         0.0         0.0         0.0
 143.64265    39.63543     9.674  179.96  14.30  0.8400E+12    9.11   1.95  -1  -1    20.64     0  4   0.0  0   0.0  0
       0.0         0.0         0.0         0.0
 143.64273    39.57240     9.674  179.96  14.30  0.8400E+12   10.05   1.95  -1  -1    35.47     5  4   0.0  0   0.0  0
       0.1         0.2         0.7         1.7
 143.64279    39.50938     9.674  179.96  14.30  0.8400E+12    8.97   1.95  -1  -1    32.80     3  4   0.0  0   0.0  0
       0.6         0.3         0.8         0.1
 143.64285    39.44636     9.674  179.96  14.30  0.8400E+12    8.99   1.95  -1  -1    26.60     8  4   0.0  0   0.0  0
       2.7         1.4         0.1         0.1
 143.64291    39.38334     9.674  179.96  14.30  0.8400E+12    7.38   1.95  -1  -1    20.90     4  4   0.0  0   0.0  0
       0.9         0.1         0.2         0.9
 143.64297    39.32032     9.674  179.96  14.30  0.8400E+12    8.62   1.95  -1  -1    57.38     1  4   0.0  0   0.0  0
       0.1         0.3         0.1         0.1
 143.64304    39.25730     9.674  179.96  14.30  0.8400E+12    9.11   1.95  -1  -1    20.64     0  4   0.0  0   0.0  0
       0.0         0.0         0.0         0.0
 143.64310    39.19427     9.674  179.96  14.30  0.8400E+12   10.31   1.95  -1  -1    20.64     0  4   0.0  0   0.0  0
       0.0         0.0         0.0         0.0
 143.64316    39.13125     9.674  179.96  14.30  0.8400E+12   10.31   1.95  -1  -1    59.21    10  4   0.0  0   0.0  0
       0.1         0.1         0.1         5.1
