2.0
#
# http://equake-rc.info/static/paper/SRF-Description-Graves_2.0.pdf
# RECTANGULAR fault MODEL
#
# All subfaults are   5.0 km long along strike and
#   3.7 km wide along dip
#
# Model length along strike is   45.0 km
#
# Model width along dip is   18.5 km
#
# Corners of the rectangular dislocation model (lat, lon):
#     10.091   -70.699 : corner 1
#      9.686   -70.712 : corner 2
#      9.689   -70.788 : corner 3
#     10.093   -70.775 : corner 4
#
#
# Number of elementary sliprate
# isoceles triangular functions
# per subfault:   4
#
# Half duration of elementary sliprate
# isoceles triangular functions (s):   1.55
# Triangles are overlapping each other by half
#
# slip rate unit: cm/s
#
#
# Seismic moment is converted into slip
# using a single constant value for the
# shear modulus mu of  0.250E+12 dyne/cm2
# assumed to be constant and characteristic
# of the fault shear zone
#
#
#
# "rake" (degrees) is the slip angle (Aki"s convention,
# e.g. rake=+45 means left-lateral-reverse movement.
#
#
# ************************************************
# Total seismic moment M0=  0.331E+26 dyne.cm
# ************************************************
#
#
PLANE 1
 -70.70550     9.88850    9    5    45.000    18.500
181.81  63.44     0.035     0.000     5.550
POINTS   45
 -70.72860     9.88930     5.000  181.81  63.44  0.1850E+12    0.00   1.55  -1  -1    80.54     3  4   0.0  0   0.0  0
       0.5         0.6         0.2         0.4
 -70.76955    10.02547    14.929  181.81  63.44  0.1850E+12    5.56   1.55  -1  -1    98.43    19  4   0.0  0   0.0  0
       5.2         0.5         1.6         5.0
 -70.77098     9.98055    14.929  181.81  63.44  0.1850E+12    6.45   1.55  -1  -1   100.02    41  4   0.0  0   0.0  0
       0.8         1.6         1.6        22.4
 -70.77242     9.93563    14.929  181.81  63.44  0.1850E+12    5.60   1.55  -1  -1    95.26    49  4   0.0  0   0.0  0
       0.6         4.0        16.9        10.2
 -70.77386     9.89071    14.929  181.81  63.44  0.1850E+12    5.65   1.55  -1  -1    95.29    42  4   0.0  0   0.0  0
       2.4         2.6        11.6        10.3
 -70.77530     9.84579    14.929  181.81  63.44  0.1850E+12    5.88   1.55  -1  -1    88.40    35  4   0.0  0   0.0  0
       0.4         6.8         7.8         7.5
 -70.77673     9.80086    14.929  181.81  63.44  0.1850E+12    5.64   1.55  -1  -1    82.23    20  4   0.0  0   0.0  0
       6.2         2.0         2.3         2.4
 -70.77818     9.75594    14.929  181.81  63.44  0.1850E+12    5.57   1.55  -1  -1    85.90    12  4   0.0  0   0.0  0
       2.9         3.5         0.9         0.6
 -70.77961     9.71102    14.929  181.81  63.44  0.1850E+12    6.54   1.55  -1  -1    39.94     0  4   0.0  0   0.0  0
       0.0         0.0         0.0         0.0
 -70.75302    10.06992    11.619  181.81  63.44  0.1850E+12    6.09   1.55  -1  -1    39.94     0  4   0.0  0   0.0  0
       0.0         0.0         0.0         0.0
 -70.75446    10.02500    11.619  181.81  63.44  0.1850E+12    5.58   1.55  -1  -1    86.77    26  4   0.0  0   0.0  0
      15.2         0.2         0.8         0.5
 -70.75590     9.98008    11.619  181.81  63.44  0.1850E+12    7.06   1.55  -1  -1    90.33    38  4   0.0  0   0.0  0
       9.7         5.6         6.7         2.3
 -70.75733     9.93516    11.619  181.81  63.44  0.1850E+12    5.60   1.55  -1  -1    89.10    36  4   0.0  0   0.0  0
       6.4         2.0         4.9        10.0
 -70.75877     9.89024    11.619  181.81  63.44  0.1850E+12    5.63   1.55  -1  -1    95.16    37  4   0.0  0   0.0  0
       6.1         2.2         9.0         6.4
 -70.76021     9.84532    11.619  181.81  63.44  0.1850E+12    4.06   1.55  -1  -1    83.80    36  4   0.0  0   0.0  0
       3.1         4.7         8.6         7.1
 -70.76165     9.80040    11.619  181.81  63.44  0.1850E+12    5.61   1.55  -1  -1    80.18    32  4   0.0  0   0.0  0
      12.2         4.1         2.8         1.8
 -70.76308     9.75547    11.619  181.81  63.44  0.1850E+12    5.66   1.55  -1  -1    72.69    25  4   0.0  0   0.0  0
      12.1         3.1         0.4         0.2
 -70.76453     9.71055    11.619  181.81  63.44  0.1850E+12    6.09   1.55  -1  -1    39.94     0  4   0.0  0   0.0  0
       0.0         0.0         0.0         0.0
 -70.73794    10.06945     8.310  181.81  63.44  0.1850E+12    5.81   1.55  -1  -1    39.94     0  4   0.0  0   0.0  0
       0.0         0.0         0.0         0.0
 -70.73937    10.02453     8.310  181.81  63.44  0.1850E+12    5.57   1.55  -1  -1    87.00    20  4   0.0  0   0.0  0
      10.8         1.0         1.3         0.2
 -70.74081     9.97961     8.310  181.81  63.44  0.1850E+12    5.54   1.55  -1  -1    89.91    27  4   0.0  0   0.0  0
       6.2         6.9         3.9         0.4
 -70.74225     9.93469     8.310  181.81  63.44  0.1850E+12    2.78   1.55  -1  -1    79.36    27  4   0.0  0   0.0  0
       8.5         7.0         1.6         0.6
 -70.74368     9.88977     8.310  181.81  63.44  0.1850E+12    2.77   1.55  -1  -1    79.69    38  4   0.0  0   0.0  0
      19.7         4.2         0.5         0.4
 -70.74512     9.84485     8.310  181.81  63.44  0.1850E+12    2.78   1.55  -1  -1    81.78    40  4   0.0  0   0.0  0
      23.9         0.8         1.0         0.3
 -70.74656     9.79993     8.310  181.81  63.44  0.1850E+12    3.54   1.55  -1  -1    82.62    28  4   0.0  0   0.0  0
      14.4         2.5         0.8         0.6
 -70.74800     9.75501     8.310  181.81  63.44  0.1850E+12    5.64   1.55  -1  -1    78.98    19  4   0.0  0   0.0  0
       9.5         1.9         0.3         0.5
 -70.74944     9.71008     8.310  181.81  63.44  0.1850E+12    5.81   1.55  -1  -1    39.94     0  4   0.0  0   0.0  0
       0.0         0.0         0.0         0.0
 -70.72285    10.06898     5.000  181.81  63.44  0.1850E+12    5.71   1.55  -1  -1    39.94     0  4   0.0  0   0.0  0
       0.0         0.0         0.0         0.0
 -70.72429    10.02406     5.000  181.81  63.44  0.1850E+12    5.62   1.55  -1  -1    82.15     1  4   0.0  0   0.0  0
       0.1         0.2         0.1         0.3
 -70.72572     9.97914     5.000  181.81  63.44  0.1850E+12    6.05   1.55  -1  -1    88.69     1  4   0.0  0   0.0  0
       0.2         0.2         0.3         0.3
 -70.72717     9.93422     5.000  181.81  63.44  0.1850E+12    4.74   1.55  -1  -1    84.64     1  4   0.0  0   0.0  0
       0.4         0.1         0.1         0.4
 -70.76810    10.07039    14.929  181.81  63.44  0.1850E+12    6.54   1.55  -1  -1    39.94     0  4   0.0  0   0.0  0
       0.0         0.0         0.0         0.0
 -70.73003     9.84438     5.000  181.81  63.44  0.1850E+12    1.86   1.55  -1  -1    90.42     4  4   0.0  0   0.0  0
       1.9         0.3         0.3         0.3
 -70.73148     9.79946     5.000  181.81  63.44  0.1850E+12    4.21   1.55  -1  -1    81.96     2  4   0.0  0   0.0  0
       0.5         0.2         0.6         0.2
 -70.73291     9.75454     5.000  181.81  63.44  0.1850E+12    5.53   1.55  -1  -1    79.95     2  4   0.0  0   0.0  0
       0.5         0.3         0.2         0.2
 -70.73435     9.70962     5.000  181.81  63.44  0.1850E+12    5.71   1.55  -1  -1    39.94     0  4   0.0  0   0.0  0
       0.0         0.0         0.0         0.0
 -70.70776    10.06852     1.690  181.81  63.44  0.1850E+12    5.81   1.55  -1  -1    39.94     0  4   0.0  0   0.0  0
       0.0         0.0         0.0         0.0
 -70.70920    10.02359     1.690  181.81  63.44  0.1850E+12    6.97   1.55  -1  -1    76.76     1  4   0.0  0   0.0  0
       0.1         0.1         0.1         0.1
 -70.71064     9.97867     1.690  181.81  63.44  0.1850E+12    5.53   1.55  -1  -1    73.30     1  4   0.0  0   0.0  0
       0.5         0.1         0.1         0.1
 -70.71207     9.93375     1.690  181.81  63.44  0.1850E+12    2.77   1.55  -1  -1    87.36    16  4   0.0  0   0.0  0
       9.6         0.3         0.2         0.1
 -70.71352     9.88883     1.690  181.81  63.44  0.1850E+12    2.77   1.55  -1  -1    78.35    16  4   0.0  0   0.0  0
       6.3         3.7         0.4         0.3
 -70.71495     9.84391     1.690  181.81  63.44  0.1850E+12    1.84   1.55  -1  -1    78.24     7  4   0.0  0   0.0  0
       3.4         0.6         0.1         0.1
 -70.71639     9.79899     1.690  181.81  63.44  0.1850E+12    6.73   1.55  -1  -1    70.90     1  4   0.0  0   0.0  0
       0.2         0.3         0.1         0.1
 -70.71783     9.75407     1.690  181.81  63.44  0.1850E+12    6.85   1.55  -1  -1    61.17    10  4   0.0  0   0.0  0
       0.1         0.1         0.1         6.4
 -70.71926     9.70915     1.690  181.81  63.44  0.1850E+12    5.81   1.55  -1  -1    39.94     0  4   0.0  0   0.0  0
       0.0         0.0         0.0         0.0
