2.0
#
# http://equake-rc.info/static/paper/SRF-Description-Graves_2.0.pdf
# RECTANGULAR fault MODEL
#
# All subfaults are   3.0 km long along strike and
#   3.3 km wide along dip
#
# Model length along strike is   27.0 km
#
# Model width along dip is   16.5 km
#
# Corners of the rectangular dislocation model (lat, lon):
#     39.335  -119.073 : corner 1
#     39.115  -118.941 : corner 2
#     39.115  -118.941 : corner 3
#     39.335  -119.073 : corner 4
#
#
# Number of elementary sliprate
# isoceles triangular functions
# per subfault:   4
#
# Half duration of elementary sliprate
# isoceles triangular functions (s):   1.12
# Triangles are overlapping each other by half
#
# slip rate unit: cm/s
#
#
# Seismic moment is converted into slip
# using a single constant value for the
# shear modulus mu of  0.250E+12 dyne/cm2
# assumed to be constant and characteristic
# of the fault shear zone
#
#
#
# "rake" (degrees) is the slip angle (Aki"s convention,
# e.g. rake=+45 means left-lateral-reverse movement.
#
#
# ************************************************
# Total seismic moment M0=  0.505E+25 dyne.cm
# ************************************************
#
#
PLANE 1
-119.00700    39.22500    9    5    27.000    16.500
155.00  90.00     0.050     0.000     4.950
POINTS   45
-119.00700    39.22500     5.000  155.00  90.00  0.9900E+11    0.00   1.12  -1  -1  -161.84    28  4   0.0  0   0.0  0
      25.0         0.0         0.0         0.0
-119.05121    39.29844    14.900  155.00  90.00  0.9900E+11    4.18   1.12  -1  -1  -137.21     2  4   0.0  0   0.0  0
       0.1         0.0         0.0         1.6
-119.03648    39.27396    14.900  155.00  90.00  0.9900E+11    3.99   1.12  -1  -1  -141.67     0  4   0.0  0   0.0  0
       0.0         0.0         0.0         0.1
-119.02174    39.24948    14.900  155.00  90.00  0.9900E+11    3.40   1.12  -1  -1  -136.08     1  4   0.0  0   0.0  0
       0.3         0.2         0.0         0.2
-119.00700    39.22500    14.900  155.00  90.00  0.9900E+11    2.99   1.12  -1  -1  -135.67     9  4   0.0  0   0.0  0
       4.3         3.1         0.1         0.2
-118.99227    39.20052    14.900  155.00  90.00  0.9900E+11    2.99   1.12  -1  -1  -139.63     9  4   0.0  0   0.0  0
       6.6         1.4         0.1         0.1
-118.97753    39.17604    14.900  155.00  90.00  0.9900E+11    4.06   1.12  -1  -1  -147.92     0  4   0.0  0   0.0  0
       0.1         0.0         0.0         0.1
-118.96280    39.15156    14.900  155.00  90.00  0.9900E+11    4.32   1.12  -1  -1  -155.82     0  4   0.0  0   0.0  0
       0.0         0.0         0.0         0.0
-118.94807    39.12709    14.900  155.00  90.00  0.9900E+11    4.36   1.12  -1  -1   135.00     0  4   0.0  0   0.0  0
       0.0         0.0         0.0         0.0
-119.06594    39.32291    11.600  155.00  90.00  0.9900E+11    4.17   1.12  -1  -1  -142.61     0  4   0.0  0   0.0  0
       0.0         0.0         0.0         0.3
-119.05121    39.29844    11.600  155.00  90.00  0.9900E+11    4.35   1.12  -1  -1  -157.36     4  4   0.0  0   0.0  0
       0.0         0.0         0.0         3.3
-119.03648    39.27396    11.600  155.00  90.00  0.9900E+11    4.11   1.12  -1  -1  -156.51     1  4   0.0  0   0.0  0
       0.0         0.0         0.0         0.4
-119.02174    39.24948    11.600  155.00  90.00  0.9900E+11    2.97   1.12  -1  -1  -138.69     0  4   0.0  0   0.0  0
       0.0         0.0         0.0         0.1
-119.00700    39.22500    11.600  155.00  90.00  0.9900E+11    4.08   1.12  -1  -1  -138.44     0  4   0.0  0   0.0  0
       0.1         0.1         0.0         0.1
-118.99227    39.20052    11.600  155.00  90.00  0.9900E+11    3.07   1.12  -1  -1  -145.80     0  4   0.0  0   0.0  0
       0.0         0.0         0.0         0.0
-118.97753    39.17604    11.600  155.00  90.00  0.9900E+11    2.59   1.12  -1  -1  -144.38     3  4   0.0  0   0.0  0
       2.6         0.0         0.0         0.0
-118.96280    39.15156    11.600  155.00  90.00  0.9900E+11    3.32   1.12  -1  -1  -165.41     0  4   0.0  0   0.0  0
       0.0         0.0         0.0         0.0
-118.94807    39.12709    11.600  155.00  90.00  0.9900E+11    3.91   1.12  -1  -1   135.00     0  4   0.0  0   0.0  0
       0.0         0.0         0.0         0.0
-119.06594    39.32291     8.300  155.00  90.00  0.9900E+11    3.99   1.12  -1  -1  -165.48     0  4   0.0  0   0.0  0
       0.0         0.0         0.0         0.3
-119.05121    39.29844     8.300  155.00  90.00  0.9900E+11    4.05   1.12  -1  -1  -154.95     0  4   0.0  0   0.0  0
       0.0         0.0         0.0         0.3
-119.03648    39.27396     8.300  155.00  90.00  0.9900E+11    4.35   1.12  -1  -1  -177.27     3  4   0.0  0   0.0  0
       0.0         0.0         0.1         2.3
-119.02174    39.24948     8.300  155.00  90.00  0.9900E+11    2.84   1.12  -1  -1  -151.71     1  4   0.0  0   0.0  0
       0.0         0.0         0.1         1.0
-119.00700    39.22500     8.300  155.00  90.00  0.9900E+11    0.95   1.12  -1  -1  -162.90    28  4   0.0  0   0.0  0
      24.7         0.0         0.0         0.0
-118.99227    39.20052     8.300  155.00  90.00  0.9900E+11    2.27   1.12  -1  -1  -139.26     0  4   0.0  0   0.0  0
       0.3         0.0         0.0         0.1
-118.97753    39.17604     8.300  155.00  90.00  0.9900E+11    2.02   1.12  -1  -1  -143.13     1  4   0.0  0   0.0  0
       0.9         0.0         0.0         0.0
-118.96280    39.15156     8.300  155.00  90.00  0.9900E+11    4.35   1.12  -1  -1  -151.74     2  4   0.0  0   0.0  0
       0.6         0.0         0.0         1.3
-118.94807    39.12709     8.300  155.00  90.00  0.9900E+11    3.56   1.12  -1  -1   135.00     0  4   0.0  0   0.0  0
       0.0         0.0         0.0         0.0
-119.06594    39.32291     5.000  155.00  90.00  0.9900E+11    4.05   1.12  -1  -1   164.67     0  4   0.0  0   0.0  0
       0.0         0.0         0.1         0.1
-119.05121    39.29844     5.000  155.00  90.00  0.9900E+11    2.93   1.12  -1  -1  -172.30     1  4   0.0  0   0.0  0
       0.0         0.2         0.4         0.0
-119.03648    39.27396     5.000  155.00  90.00  0.9900E+11    3.96   1.12  -1  -1  -160.22     1  4   0.0  0   0.0  0
       0.0         0.2         0.1         0.4
-119.02174    39.24948     5.000  155.00  90.00  0.9900E+11    0.90   1.12  -1  -1  -137.20    20  4   0.0  0   0.0  0
      17.5         0.0         0.0         0.1
-119.06594    39.32291    14.900  155.00  90.00  0.9900E+11    4.36   1.12  -1  -1  -139.56     5  4   0.0  0   0.0  0
       0.0         0.0         0.1         4.3
-118.99227    39.20052     5.000  155.00  90.00  0.9900E+11    0.95   1.12  -1  -1  -174.66    27  4   0.0  0   0.0  0
      23.7         0.0         0.0         0.0
-118.97753    39.17604     5.000  155.00  90.00  0.9900E+11    2.82   1.12  -1  -1  -174.51     0  4   0.0  0   0.0  0
       0.0         0.0         0.0         0.1
-118.96280    39.15156     5.000  155.00  90.00  0.9900E+11    4.35   1.12  -1  -1  -172.56     2  4   0.0  0   0.0  0
       0.0         0.0         0.0         1.5
-118.94807    39.12709     5.000  155.00  90.00  0.9900E+11    3.43   1.12  -1  -1   135.00     0  4   0.0  0   0.0  0
       0.0         0.0         0.0         0.0
-119.06594    39.32291     1.700  155.00  90.00  0.9900E+11    3.95   1.12  -1  -1   168.92     1  4   0.0  0   0.0  0
       0.1         0.1         0.4         0.0
-119.05121    39.29844     1.700  155.00  90.00  0.9900E+11    3.96   1.12  -1  -1   177.64     1  4   0.0  0   0.0  0
       0.1         0.4         0.1         0.0
-119.03648    39.27396     1.700  155.00  90.00  0.9900E+11    2.93   1.12  -1  -1  -162.60     2  4   0.0  0   0.0  0
       0.1         0.3         0.9         0.1
-119.02174    39.24948     1.700  155.00  90.00  0.9900E+11    1.50   1.12  -1  -1  -159.74     4  4   0.0  0   0.0  0
       0.0         2.8         0.6         0.3
-119.00700    39.22500     1.700  155.00  90.00  0.9900E+11    1.00   1.12  -1  -1  -173.66    25  4   0.0  0   0.0  0
      20.2         0.0         0.0         1.6
-118.99227    39.20052     1.700  155.00  90.00  0.9900E+11    4.05   1.12  -1  -1  -151.56    12  4   0.0  0   0.0  0
       4.5         6.4         0.1         0.0
-118.97753    39.17604     1.700  155.00  90.00  0.9900E+11    4.27   1.12  -1  -1  -179.83     4  4   0.0  0   0.0  0
       0.1         0.0         0.0         3.4
-118.96280    39.15156     1.700  155.00  90.00  0.9900E+11    4.32   1.12  -1  -1  -171.54     6  4   0.0  0   0.0  0
       0.1         0.5         1.1         3.8
-118.94807    39.12709     1.700  155.00  90.00  0.9900E+11    3.56   1.12  -1  -1   135.00     0  4   0.0  0   0.0  0
       0.0         0.0         0.0         0.0
