2.0
#
# http://equake-rc.info/static/paper/SRF-Description-Graves_2.0.pdf
# RECTANGULAR fault MODEL
#
# All subfaults are  24.0 km long along strike and
#   7.9 km wide along dip
#
# Model length along strike is  360.0 km
#
# Model width along dip is   39.5 km
#
# Corners of the rectangular dislocation model (lat, lon):
#     10.497   -66.880 : corner 1
#     10.327   -70.166 : corner 2
#     10.334   -70.166 : corner 3
#     10.503   -66.880 : corner 4
#
#
# Number of elementary sliprate
# isoceles triangular functions
# per subfault:   4
#
# Half duration of elementary sliprate
# isoceles triangular functions (s):   4.54
# Triangles are overlapping each other by half
#
# slip rate unit: cm/s
#
#
# Seismic moment is converted into slip
# using a single constant value for the
# shear modulus mu of  0.250E+12 dyne/cm2
# assumed to be constant and characteristic
# of the fault shear zone
#
#
#
# "rake" (degrees) is the slip angle (Aki"s convention,
# e.g. rake=+45 means left-lateral-reverse movement.
#
#
# ************************************************
# Total seismic moment M0=  0.306E+28 dyne.cm
# ************************************************
#
#
PLANE 1
 -68.52299    10.41200   15    5   360.000    39.500
267.00  89.00     0.152     0.000    11.850
POINTS   75
 -68.52300    10.41400    12.000  267.00  89.00  0.1896E+13    0.00   4.54  -1  -1  -164.43    98  4   0.0  0   0.0  0
      15.4         3.0         3.0         0.2
 -67.20892    10.48546    35.696  267.00  89.00  0.1896E+13   41.84   4.54  -1  -1  -128.05    50  4   0.0  0   0.0  0
      10.5         0.2         0.2         0.1
 -67.42796    10.47417    35.696  267.00  89.00  0.1896E+13   34.96   4.54  -1  -1  -122.33   127  4   0.0  0   0.0  0
      27.6         0.1         0.1         0.2
 -67.64701    10.46288    35.696  267.00  89.00  0.1896E+13   28.83   4.54  -1  -1  -139.67   156  4   0.0  0   0.0  0
      34.0         0.2         0.2         0.1
 -67.86606    10.45158    35.696  267.00  89.00  0.1896E+13   21.84   4.54  -1  -1  -122.22   152  4   0.0  0   0.0  0
      33.0         0.2         0.2         0.1
 -68.08511    10.44029    35.696  267.00  89.00  0.1896E+13   22.74   4.54  -1  -1  -174.34    30  4   0.0  0   0.0  0
       6.2         0.2         0.2         0.2
 -68.30415    10.42900    35.696  267.00  89.00  0.1896E+13   10.08   4.54  -1  -1  -139.08    43  4   0.0  0   0.0  0
       9.0         0.2         0.2         0.2
 -68.52320    10.41771    35.696  267.00  89.00  0.1896E+13   21.06   4.54  -1  -1   168.03    55  4   0.0  0   0.0  0
       3.0         2.7         2.3         4.0
 -68.74225    10.40642    35.696  267.00  89.00  0.1896E+13   13.64   4.54  -1  -1  -148.56   108  4   0.0  0   0.0  0
       0.1         0.2         0.1        23.3
 -68.96130    10.39513    35.696  267.00  89.00  0.1896E+13   15.30   4.54  -1  -1   148.00     0  4   0.0  0   0.0  0
       0.0         0.0         0.0         0.0
 -69.18034    10.38384    35.696  267.00  89.00  0.1896E+13   21.66   4.54  -1  -1   148.00     0  4   0.0  0   0.0  0
       0.0         0.0         0.0         0.0
 -69.39939    10.37255    35.696  267.00  89.00  0.1896E+13   28.25   4.54  -1  -1   148.00     0  4   0.0  0   0.0  0
       0.0         0.0         0.0         0.0
 -69.61844    10.36126    35.696  267.00  89.00  0.1896E+13   34.95   4.54  -1  -1   148.00     0  4   0.0  0   0.0  0
       0.0         0.0         0.0         0.0
 -69.83749    10.34997    35.696  267.00  89.00  0.1896E+13   41.70   4.54  -1  -1   148.00     0  4   0.0  0   0.0  0
       0.0         0.0         0.0         0.0
 -70.05653    10.33868    35.696  267.00  89.00  0.1896E+13   43.68   4.54  -1  -1   148.00     0  4   0.0  0   0.0  0
       0.0         0.0         0.0         0.0
 -66.98980    10.49551    27.798  267.00  89.00  0.1896E+13   43.68   4.54  -1  -1  -122.18   232  4   0.0  0   0.0  0
       0.9        40.3         0.3         9.7
 -67.20885    10.48422    27.798  267.00  89.00  0.1896E+13   41.61   4.54  -1  -1  -122.35   149  4   0.0  0   0.0  0
      32.3         0.3         0.2         0.1
 -67.42789    10.47293    27.798  267.00  89.00  0.1896E+13   34.59   4.54  -1  -1  -124.03   115  4   0.0  0   0.0  0
      24.6         0.3         0.2         0.2
 -67.64694    10.46164    27.798  267.00  89.00  0.1896E+13   29.94   4.54  -1  -1  -131.48   126  4   0.0  0   0.0  0
      26.9         0.4         0.2         0.2
 -67.86599    10.45035    27.798  267.00  89.00  0.1896E+13   21.46   4.54  -1  -1  -145.10    82  4   0.0  0   0.0  0
      16.5         0.3         1.0         0.2
 -68.08504    10.43906    27.798  267.00  89.00  0.1896E+13   14.65   4.54  -1  -1  -161.01    89  4   0.0  0   0.0  0
      17.3         0.5         1.7         0.1
 -68.30408    10.42777    27.798  267.00  89.00  0.1896E+13    9.31   4.54  -1  -1  -140.14    61  4   0.0  0   0.0  0
       9.3         1.3         2.7         0.2
 -68.52313    10.41648    27.798  267.00  89.00  0.1896E+13    4.78   4.54  -1  -1  -144.29    76  4   0.0  0   0.0  0
      12.3         0.2         2.6         1.8
 -68.74218    10.40518    27.798  267.00  89.00  0.1896E+13   28.47   4.54  -1  -1  -149.53    21  4   0.0  0   0.0  0
       0.1         0.2         0.3         3.9
 -68.96123    10.39389    27.798  267.00  89.00  0.1896E+13   14.44   4.54  -1  -1   148.00     0  4   0.0  0   0.0  0
       0.0         0.0         0.0         0.0
 -69.18027    10.38260    27.798  267.00  89.00  0.1896E+13   21.06   4.54  -1  -1   148.00     0  4   0.0  0   0.0  0
       0.0         0.0         0.0         0.0
 -69.39932    10.37131    27.798  267.00  89.00  0.1896E+13   27.80   4.54  -1  -1   148.00     0  4   0.0  0   0.0  0
       0.0         0.0         0.0         0.0
 -69.61837    10.36002    27.798  267.00  89.00  0.1896E+13   34.58   4.54  -1  -1   148.00     0  4   0.0  0   0.0  0
       0.0         0.0         0.0         0.0
 -69.83742    10.34873    27.798  267.00  89.00  0.1896E+13   41.39   4.54  -1  -1   148.00     0  4   0.0  0   0.0  0
       0.0         0.0         0.0         0.0
 -70.05647    10.33744    27.798  267.00  89.00  0.1896E+13   43.68   4.54  -1  -1   148.00     0  4   0.0  0   0.0  0
       0.0         0.0         0.0         0.0
 -66.98974    10.49427    19.899  267.00  89.00  0.1896E+13   43.68   4.54  -1  -1  -122.07   271  4   0.0  0   0.0  0
       0.2         1.1         0.4        58.0
 -67.20879    10.48298    19.899  267.00  89.00  0.1896E+13   41.55   4.54  -1  -1  -122.27   158  4   0.0  0   0.0  0
      32.8         1.1         0.7         0.2
 -67.42783    10.47169    19.899  267.00  89.00  0.1896E+13   34.97   4.54  -1  -1  -153.74   113  4   0.0  0   0.0  0
      24.1         0.5         0.2         0.2
 -67.64688    10.46040    19.899  267.00  89.00  0.1896E+13   27.78   4.54  -1  -1  -152.70   118  4   0.0  0   0.0  0
      23.9         1.7         0.2         0.1
 -67.86593    10.44911    19.899  267.00  89.00  0.1896E+13   24.41   4.54  -1  -1  -175.00    59  4   0.0  0   0.0  0
      10.7         0.8         1.3         0.2
 -68.08498    10.43782    19.899  267.00  89.00  0.1896E+13   17.85   4.54  -1  -1  -162.34   132  4   0.0  0   0.0  0
      20.2         8.5         0.2         0.2
 -68.30402    10.42653    19.899  267.00  89.00  0.1896E+13    9.15   4.54  -1  -1  -148.62    92  4   0.0  0   0.0  0
      11.3         3.8         4.8         0.3
 -68.52307    10.41524    19.899  267.00  89.00  0.1896E+13    3.23   4.54  -1  -1  -173.61   112  4   0.0  0   0.0  0
      24.1         0.2         0.2         0.2
 -68.74212    10.40395    19.899  267.00  89.00  0.1896E+13   10.36   4.54  -1  -1   164.79    58  4   0.0  0   0.0  0
       1.9         2.3         8.4         0.2
 -68.96117    10.39266    19.899  267.00  89.00  0.1896E+13   13.90   4.54  -1  -1   148.00     0  4   0.0  0   0.0  0
       0.0         0.0         0.0         0.0
 -69.18021    10.38136    19.899  267.00  89.00  0.1896E+13   20.69   4.54  -1  -1   148.00     0  4   0.0  0   0.0  0
       0.0         0.0         0.0         0.0
 -69.39926    10.37007    19.899  267.00  89.00  0.1896E+13   27.52   4.54  -1  -1   148.00     0  4   0.0  0   0.0  0
       0.0         0.0         0.0         0.0
 -69.61831    10.35878    19.899  267.00  89.00  0.1896E+13   34.36   4.54  -1  -1   148.00     0  4   0.0  0   0.0  0
       0.0         0.0         0.0         0.0
 -69.83736    10.34749    19.899  267.00  89.00  0.1896E+13   41.21   4.54  -1  -1   148.00     0  4   0.0  0   0.0  0
       0.0         0.0         0.0         0.0
 -70.05640    10.33620    19.899  267.00  89.00  0.1896E+13   43.68   4.54  -1  -1   148.00     0  4   0.0  0   0.0  0
       0.0         0.0         0.0         0.0
 -66.98967    10.49303    12.000  267.00  89.00  0.1896E+13   43.68   4.54  -1  -1  -124.83   272  4   0.0  0   0.0  0
       0.2         4.5         4.7        50.6
 -67.20872    10.48174    12.000  267.00  89.00  0.1896E+13   41.74   4.54  -1  -1  -157.07   151  4   0.0  0   0.0  0
      30.6         1.2         1.1         0.2
 -67.42776    10.47045    12.000  267.00  89.00  0.1896E+13   34.76   4.54  -1  -1   166.48   181  4   0.0  0   0.0  0
      28.2        11.4         0.2         0.1
 -67.64681    10.45916    12.000  267.00  89.00  0.1896E+13   27.79   4.54  -1  -1   172.54   188  4   0.0  0   0.0  0
      12.0        28.7         0.5         0.2
 -67.86586    10.44787    12.000  267.00  89.00  0.1896E+13   41.72   4.54  -1  -1  -167.58   139  4   0.0  0   0.0  0
       7.1        16.7         6.7         0.2
 -68.08491    10.43658    12.000  267.00  89.00  0.1896E+13   13.91   4.54  -1  -1  -179.23   181  4   0.0  0   0.0  0
      21.6        17.9         0.2         0.2
 -68.30396    10.42529    12.000  267.00  89.00  0.1896E+13   23.59   4.54  -1  -1  -150.68   110  4   0.0  0   0.0  0
       6.5        11.6         0.5         5.7
 -66.98987    10.49675    35.696  267.00  89.00  0.1896E+13   43.68   4.54  -1  -1  -122.24   282  4   0.0  0   0.0  0
       7.3        54.4         0.3         0.2
 -68.74205    10.40271    12.000  267.00  89.00  0.1896E+13   12.85   4.54  -1  -1   172.73   141  4   0.0  0   0.0  0
       0.2        12.8        11.9         6.3
 -68.96110    10.39142    12.000  267.00  89.00  0.1896E+13   13.71   4.54  -1  -1   148.00     0  4   0.0  0   0.0  0
       0.0         0.0         0.0         0.0
 -69.18015    10.38013    12.000  267.00  89.00  0.1896E+13   20.57   4.54  -1  -1   148.00     0  4   0.0  0   0.0  0
       0.0         0.0         0.0         0.0
 -69.39919    10.36884    12.000  267.00  89.00  0.1896E+13   27.43   4.54  -1  -1   148.00     0  4   0.0  0   0.0  0
       0.0         0.0         0.0         0.0
 -69.61824    10.35755    12.000  267.00  89.00  0.1896E+13   34.29   4.54  -1  -1   148.00     0  4   0.0  0   0.0  0
       0.0         0.0         0.0         0.0
 -69.83729    10.34626    12.000  267.00  89.00  0.1896E+13   41.14   4.54  -1  -1   148.00     0  4   0.0  0   0.0  0
       0.0         0.0         0.0         0.0
 -70.05634    10.33496    12.000  267.00  89.00  0.1896E+13   43.68   4.54  -1  -1   148.00     0  4   0.0  0   0.0  0
       0.0         0.0         0.0         0.0
 -66.98960    10.49180     4.101  267.00  89.00  0.1896E+13   43.68   4.54  -1  -1  -168.12   273  4   0.0  0   0.0  0
       0.2        29.1        29.9         1.1
 -67.20865    10.48051     4.101  267.00  89.00  0.1896E+13   42.60   4.54  -1  -1   170.04   187  4   0.0  0   0.0  0
      40.5         0.2         0.2         0.2
 -67.42770    10.46922     4.101  267.00  89.00  0.1896E+13   34.77   4.54  -1  -1   178.85   259  4   0.0  0   0.0  0
      43.9        12.9         0.2         0.2
 -67.64674    10.45792     4.101  267.00  89.00  0.1896E+13   27.93   4.54  -1  -1   179.27   269  4   0.0  0   0.0  0
      35.9        23.0         0.2         0.1
 -67.86579    10.44663     4.101  267.00  89.00  0.1896E+13   24.38   4.54  -1  -1   173.90   203  4   0.0  0   0.0  0
      36.4         2.0         0.2         6.2
 -68.08484    10.43534     4.101  267.00  89.00  0.1896E+13   31.14   4.54  -1  -1   171.38   201  4   0.0  0   0.0  0
      21.6         9.5        13.1         0.2
 -68.30389    10.42405     4.101  267.00  89.00  0.1896E+13   24.33   4.54  -1  -1   159.35   176  4   0.0  0   0.0  0
       0.1         0.2        28.2        10.2
 -68.52293    10.41276     4.101  267.00  89.00  0.1896E+13    3.69   4.54  -1  -1  -168.92   122  4   0.0  0   0.0  0
      17.9         8.6         0.2         0.2
 -68.74198    10.40147     4.101  267.00  89.00  0.1896E+13   17.58   4.54  -1  -1   178.69   227  4   0.0  0   0.0  0
       2.2        37.2        10.5         0.1
 -68.96103    10.39018     4.101  267.00  89.00  0.1896E+13   13.90   4.54  -1  -1   148.00     0  4   0.0  0   0.0  0
       0.0         0.0         0.0         0.0
 -69.18008    10.37889     4.101  267.00  89.00  0.1896E+13   20.69   4.54  -1  -1   148.00     0  4   0.0  0   0.0  0
       0.0         0.0         0.0         0.0
 -69.39912    10.36760     4.101  267.00  89.00  0.1896E+13   27.52   4.54  -1  -1   148.00     0  4   0.0  0   0.0  0
       0.0         0.0         0.0         0.0
 -69.61817    10.35631     4.101  267.00  89.00  0.1896E+13   34.36   4.54  -1  -1   148.00     0  4   0.0  0   0.0  0
       0.0         0.0         0.0         0.0
 -69.83722    10.34502     4.101  267.00  89.00  0.1896E+13   41.21   4.54  -1  -1   148.00     0  4   0.0  0   0.0  0
       0.0         0.0         0.0         0.0
 -70.05627    10.33373     4.101  267.00  89.00  0.1896E+13   43.68   4.54  -1  -1   148.00     0  4   0.0  0   0.0  0
       0.0         0.0         0.0         0.0
