2.0
#
# http://equake-rc.info/static/paper/SRF-Description-Graves_2.0.pdf
# RECTANGULAR fault MODEL
#
# All subfaults are   8.0 km long along strike and
#  11.9 km wide along dip
#
# Model length along strike is   88.0 km
#
# Model width along dip is   59.5 km
#
# Corners of the rectangular dislocation model (lat, lon):
#     38.601   141.906 : corner 1
#     39.317   142.344 : corner 2
#     39.250   142.522 : corner 3
#     38.535   142.084 : corner 4
#
#
# Number of elementary sliprate
# isoceles triangular functions
# per subfault:   4
#
# Half duration of elementary sliprate
# isoceles triangular functions (s):   2.27
# Triangles are overlapping each other by half
#
# slip rate unit: cm/s
#
#
# Seismic moment is converted into slip
# using a single constant value for the
# shear modulus mu of  0.250E+12 dyne/cm2
# assumed to be constant and characteristic
# of the fault shear zone
#
#
#
# "rake" (degrees) is the slip angle (Aki"s convention,
# e.g. rake=+45 means left-lateral-reverse movement.
#
#
# ************************************************
# Total seismic moment M0=  0.635E+26 dyne.cm
# ************************************************
#
#
PLANE 1
 142.12500    38.95900   11    5    88.000    59.500
 25.49  73.32     0.102     0.000    41.650
POINTS   55
 142.24980    38.91270    40.000   25.49  73.32  0.9520E+12    0.00   2.27  -1  -1   108.10    53  4   0.0  0   0.0  0
      20.0         0.7         0.1         2.4
 142.12613    38.63942    51.399   25.49  73.32  0.9520E+12   11.90   2.27  -1  -1    48.48     4  4   0.0  0   0.0  0
       1.6         0.1         0.1         0.1
 142.16597    38.70443    51.399   25.49  73.32  0.9520E+12    9.26   2.27  -1  -1    48.50     4  4   0.0  0   0.0  0
       0.6         1.1         0.2         0.1
 142.20581    38.76944    51.399   25.49  73.32  0.9520E+12    9.06   2.27  -1  -1    48.44    15  4   0.0  0   0.0  0
       3.2         2.7         0.3         0.4
 142.24564    38.83446    51.399   25.49  73.32  0.9520E+12    8.98   2.27  -1  -1    48.62     9  4   0.0  0   0.0  0
       0.8         1.0         1.2         0.8
 142.28548    38.89947    51.399   25.49  73.32  0.9520E+12    6.68   2.27  -1  -1    99.97     7  4   0.0  0   0.0  0
       0.7         1.9         0.3         0.1
 142.32530    38.96448    51.399   25.49  73.32  0.9520E+12   10.28   2.27  -1  -1   136.95    11  4   0.0  0   0.0  0
       2.5         1.2         0.5         0.8
 142.36514    39.02950    51.399   25.49  73.32  0.9520E+12   10.29   2.27  -1  -1   138.13    10  4   0.0  0   0.0  0
       0.2         1.6         1.1         1.4
 142.40497    39.09451    51.399   25.49  73.32  0.9520E+12    9.00   2.27  -1  -1   113.09     2  4   0.0  0   0.0  0
       0.7         0.1         0.1         0.1
 142.44481    39.15952    51.399   25.49  73.32  0.9520E+12    9.75   2.27  -1  -1    48.34     0  4   0.0  0   0.0  0
       0.0         0.0         0.0         0.0
 142.48463    39.22453    51.399   25.49  73.32  0.9520E+12   11.92   2.27  -1  -1    48.34     0  4   0.0  0   0.0  0
       0.0         0.0         0.0         0.0
 142.05063    38.58764    40.000   25.49  73.32  0.9520E+12   11.43   2.27  -1  -1    48.34     0  4   0.0  0   0.0  0
       0.0         0.0         0.0         0.0
 142.09047    38.65265    40.000   25.49  73.32  0.9520E+12    9.49   2.27  -1  -1    48.96     1  4   0.0  0   0.0  0
       0.1         0.3         0.1         0.1
 142.13029    38.71766    40.000   25.49  73.32  0.9520E+12    7.21   2.27  -1  -1    48.56     6  4   0.0  0   0.0  0
       2.3         0.2         0.2         0.1
 142.17014    38.78268    40.000   25.49  73.32  0.9520E+12   10.32   2.27  -1  -1    65.35     6  4   0.0  0   0.0  0
       0.1         0.1         0.4         1.8
 142.20996    38.84769    40.000   25.49  73.32  0.9520E+12    2.61   2.27  -1  -1    82.92    12  4   0.0  0   0.0  0
       1.5         0.3         0.3         3.3
 142.08630    38.57441    51.399   25.49  73.32  0.9520E+12   11.92   2.27  -1  -1    48.34     0  4   0.0  0   0.0  0
       0.0         0.0         0.0         0.0
 142.28964    38.97771    40.000   25.49  73.32  0.9520E+12    2.42   2.27  -1  -1   126.89    14  4   0.0  0   0.0  0
       2.0         0.5         2.6         0.9
 142.32947    39.04272    40.000   25.49  73.32  0.9520E+12   10.84   2.27  -1  -1   137.26     5  4   0.0  0   0.0  0
       0.4         0.5         0.7         0.5
 142.36931    39.10774    40.000   25.49  73.32  0.9520E+12    9.10   2.27  -1  -1   119.25     4  4   0.0  0   0.0  0
       1.3         0.1         0.1         0.1
 142.40913    39.17275    40.000   25.49  73.32  0.9520E+12    9.14   2.27  -1  -1    48.34     0  4   0.0  0   0.0  0
       0.0         0.0         0.0         0.0
 142.44897    39.23776    40.000   25.49  73.32  0.9520E+12   11.43   2.27  -1  -1    48.34     0  4   0.0  0   0.0  0
       0.0         0.0         0.0         0.0
 142.01497    38.60087    28.601   25.49  73.32  0.9520E+12   11.92   2.27  -1  -1    48.34     0  4   0.0  0   0.0  0
       0.0         0.0         0.0         0.0
 142.05479    38.66588    28.601   25.49  73.32  0.9520E+12   11.44   2.27  -1  -1    50.49     1  4   0.0  0   0.0  0
       0.1         0.1         0.1         0.1
 142.09464    38.73090    28.601   25.49  73.32  0.9520E+12    8.82   2.27  -1  -1    68.53     4  4   0.0  0   0.0  0
       1.0         0.1         0.1         0.4
 142.13446    38.79591    28.601   25.49  73.32  0.9520E+12    6.53   2.27  -1  -1   132.03     8  4   0.0  0   0.0  0
       3.2         0.3         0.2         0.1
 142.17430    38.86092    28.601   25.49  73.32  0.9520E+12   10.68   2.27  -1  -1    86.43     5  4   0.0  0   0.0  0
       0.2         0.3         0.4         1.3
 142.21413    38.92593    28.601   25.49  73.32  0.9520E+12   10.29   2.27  -1  -1   132.10    11  4   0.0  0   0.0  0
       0.9         1.8         0.8         1.4
 142.25397    38.99094    28.601   25.49  73.32  0.9520E+12   10.55   2.27  -1  -1   122.41     7  4   0.0  0   0.0  0
       0.1         0.3         0.5         1.9
 142.29379    39.05596    28.601   25.49  73.32  0.9520E+12   10.47   2.27  -1  -1   131.49     2  4   0.0  0   0.0  0
       0.2         0.1         0.3         0.3
 142.33363    39.12097    28.601   25.49  73.32  0.9520E+12   10.45   2.27  -1  -1   136.09     1  4   0.0  0   0.0  0
       0.1         0.1         0.1         0.1
 142.37347    39.18598    28.601   25.49  73.32  0.9520E+12    9.75   2.27  -1  -1    48.34     0  4   0.0  0   0.0  0
       0.0         0.0         0.0         0.0
 142.41330    39.25100    28.601   25.49  73.32  0.9520E+12   11.92   2.27  -1  -1    48.34     0  4   0.0  0   0.0  0
       0.0         0.0         0.0         0.0
 141.97929    38.61410    17.201   25.49  73.32  0.9520E+12   12.04   2.27  -1  -1    48.34     0  4   0.0  0   0.0  0
       0.0         0.0         0.0         0.0
 142.01913    38.67912    17.201   25.49  73.32  0.9520E+12   11.68   2.27  -1  -1   136.77     1  4   0.0  0   0.0  0
       0.1         0.1         0.1         0.2
 142.05896    38.74413    17.201   25.49  73.32  0.9520E+12   10.66   2.27  -1  -1    88.75     1  4   0.0  0   0.0  0
       0.1         0.1         0.1         0.1
 142.09880    38.80914    17.201   25.49  73.32  0.9520E+12   10.32   2.27  -1  -1    74.83     2  4   0.0  0   0.0  0
       0.4         0.1         0.1         0.1
 142.13863    38.87415    17.201   25.49  73.32  0.9520E+12    9.67   2.27  -1  -1   101.63     2  4   0.0  0   0.0  0
       0.6         0.2         0.1         0.1
 142.17847    38.93916    17.201   25.49  73.32  0.9520E+12    8.94   2.27  -1  -1   111.76     4  4   0.0  0   0.0  0
       1.2         0.2         0.1         0.1
 142.21829    39.00418    17.201   25.49  73.32  0.9520E+12   10.98   2.27  -1  -1    92.06     2  4   0.0  0   0.0  0
       0.4         0.4         0.1         0.2
 142.25813    39.06919    17.201   25.49  73.32  0.9520E+12   10.59   2.27  -1  -1    87.68     1  4   0.0  0   0.0  0
       0.1         0.2         0.1         0.1
 142.29796    39.13420    17.201   25.49  73.32  0.9520E+12    9.73   2.27  -1  -1    51.75     2  4   0.0  0   0.0  0
       0.1         0.1         0.3         0.1
 142.33780    39.19921    17.201   25.49  73.32  0.9520E+12   11.39   2.27  -1  -1    48.34     0  4   0.0  0   0.0  0
       0.0         0.0         0.0         0.0
 142.37762    39.26423    17.201   25.49  73.32  0.9520E+12   12.04   2.27  -1  -1    48.34     0  4   0.0  0   0.0  0
       0.0         0.0         0.0         0.0
 141.94362    38.62733     5.802   25.49  73.32  0.9520E+12   12.04   2.27  -1  -1    48.34     0  4   0.0  0   0.0  0
       0.0         0.0         0.0         0.0
 141.98346    38.69235     5.802   25.49  73.32  0.9520E+12   12.04   2.27  -1  -1   138.26    20  4   0.0  0   0.0  0
       0.7         2.3         1.3         4.6
 142.02328    38.75736     5.802   25.49  73.32  0.9520E+12   12.04   2.27  -1  -1   136.88     4  4   0.0  0   0.0  0
       0.3         1.4         0.2         0.1
 142.06313    38.82237     5.802   25.49  73.32  0.9520E+12   11.31   2.27  -1  -1   137.76     5  4   0.0  0   0.0  0
       1.7         0.2         0.1         0.1
 142.10297    38.88738     5.802   25.49  73.32  0.9520E+12   10.73   2.27  -1  -1   114.96     1  4   0.0  0   0.0  0
       0.2         0.1         0.1         0.2
 142.14279    38.95240     5.802   25.49  73.32  0.9520E+12   10.73   2.27  -1  -1   100.24     1  4   0.0  0   0.0  0
       0.2         0.2         0.1         0.1
 142.18263    39.01741     5.802   25.49  73.32  0.9520E+12   10.63   2.27  -1  -1    72.91     2  4   0.0  0   0.0  0
       0.2         0.2         0.1         0.3
 142.22246    39.08242     5.802   25.49  73.32  0.9520E+12   11.56   2.27  -1  -1    48.94     4  4   0.0  0   0.0  0
       0.4         0.8         0.3         0.1
 142.26230    39.14743     5.802   25.49  73.32  0.9520E+12   12.04   2.27  -1  -1    48.55    13  4   0.0  0   0.0  0
       0.2         2.4         3.0         0.3
 142.30212    39.21245     5.802   25.49  73.32  0.9520E+12   12.04   2.27  -1  -1    48.34     0  4   0.0  0   0.0  0
       0.0         0.0         0.0         0.0
 142.34196    39.27746     5.802   25.49  73.32  0.9520E+12   12.04   2.27  -1  -1    48.34     0  4   0.0  0   0.0  0
       0.0         0.0         0.0         0.0
