2.0
#
# http://equake-rc.info/static/paper/SRF-Description-Graves_2.0.pdf
# RECTANGULAR fault MODEL
#
# All subfaults are   4.0 km long along strike and
#   7.0 km wide along dip
#
# Model length along strike is   36.0 km
#
# Model width along dip is   35.0 km
#
# Corners of the rectangular dislocation model (lat, lon):
#     43.680  -127.887 : corner 1
#     43.391  -128.090 : corner 2
#     43.416  -128.157 : corner 3
#     43.704  -127.954 : corner 4
#
#
# Number of elementary sliprate
# isoceles triangular functions
# per subfault:   4
#
# Half duration of elementary sliprate
# isoceles triangular functions (s):   1.33
# Triangles are overlapping each other by half
#
# slip rate unit: cm/s
#
#
# Seismic moment is converted into slip
# using a single constant value for the
# shear modulus mu of  0.250E+12 dyne/cm2
# assumed to be constant and characteristic
# of the fault shear zone
#
#
#
# "rake" (degrees) is the slip angle (Aki"s convention,
# e.g. rake=+45 means left-lateral-reverse movement.
#
#
# ************************************************
# Total seismic moment M0=  0.977E+25 dyne.cm
# ************************************************
#
#
PLANE 1
-127.98849    43.53550    9    5    36.000    35.000
207.00  80.00    10.459     0.000    10.501
POINTS   45
-128.00870    43.54260    20.800  207.00  80.00  0.2800E+12    0.00   1.33  -1  -1   -32.01     0  4   0.0  0   0.0  0
       0.1         0.1         0.1         0.0
-127.98138    43.65379    41.481  207.00  80.00  0.2800E+12    5.67   1.33  -1  -1    55.65     0  4   0.0  0   0.0  0
       0.1         0.1         0.0         0.1
-128.00394    43.62169    41.481  207.00  80.00  0.2800E+12    5.67   1.33  -1  -1    54.76     0  4   0.0  0   0.0  0
       0.0         0.1         0.1         0.1
-128.02650    43.58960    41.481  207.00  80.00  0.2800E+12    5.67   1.33  -1  -1    54.99     0  4   0.0  0   0.0  0
       0.1         0.0         0.1         0.0
-128.04906    43.55751    41.481  207.00  80.00  0.2800E+12    5.67   1.33  -1  -1    55.20     0  4   0.0  0   0.0  0
       0.0         0.1         0.0         0.1
-128.07162    43.52541    41.481  207.00  80.00  0.2800E+12    5.67   1.33  -1  -1    55.01     0  4   0.0  0   0.0  0
       0.1         0.0         0.0         0.1
-128.09418    43.49332    41.481  207.00  80.00  0.2800E+12    5.67   1.33  -1  -1    14.02     0  4   0.0  0   0.0  0
       0.0         0.0         0.1         0.0
-128.11674    43.46123    41.481  207.00  80.00  0.2800E+12    5.67   1.33  -1  -1    18.46     0  4   0.0  0   0.0  0
       0.1         0.1         0.1         0.0
-128.13930    43.42913    41.481  207.00  80.00  0.2800E+12    5.67   1.33  -1  -1    -0.43     0  4   0.0  0   0.0  0
       0.1         0.0         0.1         0.1
-127.94537    43.68091    34.587  207.00  80.00  0.2800E+12    5.67   1.33  -1  -1    55.70     0  4   0.0  0   0.0  0
       0.0         0.0         0.0         0.1
-127.96793    43.64882    34.587  207.00  80.00  0.2800E+12    5.36   1.33  -1  -1    55.36     0  4   0.0  0   0.0  0
       0.1         0.0         0.1         0.0
-127.99049    43.61672    34.587  207.00  80.00  0.2800E+12    4.84   1.33  -1  -1    54.00     0  4   0.0  0   0.0  0
       0.1         0.1         0.0         0.0
-128.01305    43.58463    34.587  207.00  80.00  0.2800E+12    5.62   1.33  -1  -1    55.29     0  4   0.0  0   0.0  0
       0.0         0.0         0.1         0.1
-128.03560    43.55254    34.587  207.00  80.00  0.2800E+12    5.17   1.33  -1  -1    38.31     0  4   0.0  0   0.0  0
       0.0         0.0         0.0         0.0
-128.05817    43.52044    34.587  207.00  80.00  0.2800E+12    4.69   1.33  -1  -1    42.38     0  4   0.0  0   0.0  0
       0.0         0.0         0.1         0.1
-128.08072    43.48835    34.587  207.00  80.00  0.2800E+12    5.37   1.33  -1  -1    23.57     0  4   0.0  0   0.0  0
       0.0         0.0         0.1         0.1
-128.10329    43.45626    34.587  207.00  80.00  0.2800E+12    5.34   1.33  -1  -1   -28.17     0  4   0.0  0   0.0  0
       0.0         0.0         0.0         0.1
-128.12584    43.42416    34.587  207.00  80.00  0.2800E+12    5.67   1.33  -1  -1   -32.64     2  4   0.0  0   0.0  0
       0.0         0.0         0.0         1.4
-127.93192    43.67594    27.694  207.00  80.00  0.2800E+12    5.44   1.33  -1  -1    55.23     0  4   0.0  0   0.0  0
       0.1         0.0         0.0         0.1
-127.95448    43.64385    27.694  207.00  80.00  0.2800E+12    5.48   1.33  -1  -1    53.24     0  4   0.0  0   0.0  0
       0.1         0.1         0.0         0.1
-127.97704    43.61176    27.694  207.00  80.00  0.2800E+12    4.74   1.33  -1  -1    54.37     0  4   0.0  0   0.0  0
       0.1         0.1         0.0         0.1
-127.99960    43.57966    27.694  207.00  80.00  0.2800E+12    2.45   1.33  -1  -1    55.91    42  4   0.0  0   0.0  0
      31.8         0.1         0.0         0.1
-128.02216    43.54757    27.694  207.00  80.00  0.2800E+12    5.64   1.33  -1  -1    45.93     0  4   0.0  0   0.0  0
       0.1         0.1         0.1         0.0
-128.04471    43.51548    27.694  207.00  80.00  0.2800E+12    4.86   1.33  -1  -1    37.32     0  4   0.0  0   0.0  0
       0.0         0.0         0.0         0.1
-128.06728    43.48338    27.694  207.00  80.00  0.2800E+12    5.57   1.33  -1  -1    21.27     0  4   0.0  0   0.0  0
       0.0         0.0         0.1         0.0
-128.08983    43.45129    27.694  207.00  80.00  0.2800E+12    5.58   1.33  -1  -1    37.46     0  4   0.0  0   0.0  0
       0.0         0.0         0.0         0.1
-128.11238    43.41920    27.694  207.00  80.00  0.2800E+12    5.32   1.33  -1  -1    25.67     0  4   0.0  0   0.0  0
       0.1         0.0         0.0         0.1
-127.91846    43.67097    20.800  207.00  80.00  0.2800E+12    5.43   1.33  -1  -1    52.71     0  4   0.0  0   0.0  0
       0.0         0.1         0.0         0.1
-127.94102    43.63888    20.800  207.00  80.00  0.2800E+12    3.99   1.33  -1  -1    18.13     0  4   0.0  0   0.0  0
       0.1         0.1         0.0         0.0
-127.96358    43.60678    20.800  207.00  80.00  0.2800E+12    2.40   1.33  -1  -1    55.74    21  4   0.0  0   0.0  0
      15.4         0.1         0.1         0.0
-127.98614    43.57469    20.800  207.00  80.00  0.2800E+12    1.38   1.33  -1  -1     5.80     0  4   0.0  0   0.0  0
       0.1         0.1         0.0         0.0
-127.95882    43.68588    41.481  207.00  80.00  0.2800E+12    5.67   1.33  -1  -1    55.90     7  4   0.0  0   0.0  0
       2.8         0.9         1.2         0.1
-128.03125    43.51051    20.800  207.00  80.00  0.2800E+12    1.32   1.33  -1  -1   -29.33     0  4   0.0  0   0.0  0
       0.0         0.1         0.0         0.1
-128.05382    43.47841    20.800  207.00  80.00  0.2800E+12    2.51   1.33  -1  -1    19.34     0  4   0.0  0   0.0  0
       0.1         0.0         0.1         0.0
-128.07637    43.44632    20.800  207.00  80.00  0.2800E+12    5.31   1.33  -1  -1    37.89     0  4   0.0  0   0.0  0
       0.1         0.1         0.0         0.1
-128.09894    43.41423    20.800  207.00  80.00  0.2800E+12    4.84   1.33  -1  -1    39.43     6  4   0.0  0   0.0  0
       0.0         0.1         0.0         4.0
-127.90501    43.66600    13.906  207.00  80.00  0.2800E+12    5.27   1.33  -1  -1   -32.19     0  4   0.0  0   0.0  0
       0.1         0.0         0.0         0.1
-127.92757    43.63391    13.906  207.00  80.00  0.2800E+12    4.17   1.33  -1  -1    -9.69     0  4   0.0  0   0.0  0
       0.0         0.0         0.0         0.0
-127.95013    43.60181    13.906  207.00  80.00  0.2800E+12    3.69   1.33  -1  -1   -12.09     0  4   0.0  0   0.0  0
       0.1         0.1         0.0         0.0
-127.97269    43.56972    13.906  207.00  80.00  0.2800E+12    2.34   1.33  -1  -1   -33.60     2  4   0.0  0   0.0  0
       1.1         0.1         0.1         0.0
-127.99525    43.53763    13.906  207.00  80.00  0.2800E+12    2.39   1.33  -1  -1   -33.91    14  4   0.0  0   0.0  0
      10.4         0.1         0.0         0.1
-128.01781    43.50554    13.906  207.00  80.00  0.2800E+12    2.62   1.33  -1  -1   -22.60    13  4   0.0  0   0.0  0
       9.4         0.0         0.1         0.0
-128.04036    43.47344    13.906  207.00  80.00  0.2800E+12    4.42   1.33  -1  -1   -11.18     0  4   0.0  0   0.0  0
       0.0         0.0         0.0         0.1
-128.06293    43.44135    13.906  207.00  80.00  0.2800E+12    4.41   1.33  -1  -1    24.63     0  4   0.0  0   0.0  0
       0.0         0.0         0.0         0.1
-128.08548    43.40926    13.906  207.00  80.00  0.2800E+12    5.11   1.33  -1  -1    36.82    23  4   0.0  0   0.0  0
       0.0         0.0         0.0        17.4
