2.0
#
# http://equake-rc.info/static/paper/SRF-Description-Graves_2.0.pdf
# RECTANGULAR fault MODEL
#
# All subfaults are   8.0 km long along strike and
#   5.8 km wide along dip
#
# Model length along strike is   72.0 km
#
# Model width along dip is   29.0 km
#
# Corners of the rectangular dislocation model (lat, lon):
#      4.398   -73.472 : corner 1
#      4.814   -72.974 : corner 2
#      4.626   -72.816 : corner 3
#      4.210   -73.314 : corner 4
#
#
# Number of elementary sliprate
# isoceles triangular functions
# per subfault:   4
#
# Half duration of elementary sliprate
# isoceles triangular functions (s):   1.91
# Triangles are overlapping each other by half
#
# slip rate unit: cm/s
#
#
# Seismic moment is converted into slip
# using a single constant value for the
# shear modulus mu of  0.250E+12 dyne/cm2
# assumed to be constant and characteristic
# of the fault shear zone
#
#
#
# "rake" (degrees) is the slip angle (Aki"s convention,
# e.g. rake=+45 means left-lateral-reverse movement.
#
#
# ************************************************
# Total seismic moment M0=  0.982E+26 dyne.cm
# ************************************************
#
#
PLANE 1
 -73.22300     4.60600    9    5    72.000    29.000
 50.00  20.00     0.041     0.000    14.503
POINTS   45
 -73.14400     4.51200     5.000   50.00  20.00  0.4640E+12    0.00   1.91  -1  -1   132.56    10  4   0.0  0   0.0  0
       0.1         4.5         0.8         0.1
 -73.24656     4.29834     8.967   50.00  20.00  0.4640E+12    8.41   1.91  -1  -1    81.68    23  4   0.0  0   0.0  0
       0.6         4.1         7.2         0.1
 -73.19132     4.34455     8.967   50.00  20.00  0.4640E+12    8.67   1.91  -1  -1   144.24    47  4   0.0  0   0.0  0
       0.1         0.1        15.9         8.4
 -73.13608     4.39076     8.967   50.00  20.00  0.4640E+12    9.53   1.91  -1  -1   104.64    51  4   0.0  0   0.0  0
      12.3         0.1         0.1        14.5
 -73.08084     4.43697     8.967   50.00  20.00  0.4640E+12    3.32   1.91  -1  -1   118.91    43  4   0.0  0   0.0  0
       0.1         8.7         4.4         9.3
 -73.02560     4.48317     8.967   50.00  20.00  0.4640E+12    4.03   1.91  -1  -1    67.20     0  4   0.0  0   0.0  0
       0.0         0.0         0.0         0.0
 -72.97036     4.52938     8.967   50.00  20.00  0.4640E+12    5.65   1.91  -1  -1    67.20     0  4   0.0  0   0.0  0
       0.0         0.0         0.0         0.0
 -72.91512     4.57559     8.967   50.00  20.00  0.4640E+12    7.62   1.91  -1  -1    67.20     0  4   0.0  0   0.0  0
       0.0         0.0         0.0         0.0
 -72.85989     4.62180     8.967   50.00  20.00  0.4640E+12    9.73   1.91  -1  -1    67.20     0  4   0.0  0   0.0  0
       0.0         0.0         0.0         0.0
 -73.33337     4.28965     6.984   50.00  20.00  0.4640E+12    9.36   1.91  -1  -1    67.23    80  4   0.0  0   0.0  0
      41.3         0.3         0.1         0.1
 -73.27814     4.33586     6.984   50.00  20.00  0.4640E+12    7.15   1.91  -1  -1   140.71    23  4   0.0  0   0.0  0
       3.3         8.4         0.1         0.1
 -73.22290     4.38207     6.984   50.00  20.00  0.4640E+12    7.51   1.91  -1  -1   135.19    34  4   0.0  0   0.0  0
       4.8         0.1         1.3        11.6
 -73.16766     4.42828     6.984   50.00  20.00  0.4640E+12    3.49   1.91  -1  -1   135.50   106  4   0.0  0   0.0  0
      48.3         7.2         0.1         0.1
 -73.11242     4.47448     6.984   50.00  20.00  0.4640E+12    1.83   1.91  -1  -1   135.89    50  4   0.0  0   0.0  0
      23.5         2.6         0.1         0.1
 -73.05718     4.52069     6.984   50.00  20.00  0.4640E+12    2.82   1.91  -1  -1    67.20     0  4   0.0  0   0.0  0
       0.0         0.0         0.0         0.0
 -73.00194     4.56690     6.984   50.00  20.00  0.4640E+12    4.86   1.91  -1  -1    67.20     0  4   0.0  0   0.0  0
       0.0         0.0         0.0         0.0
 -72.94670     4.61311     6.984   50.00  20.00  0.4640E+12    7.05   1.91  -1  -1    67.20     0  4   0.0  0   0.0  0
       0.0         0.0         0.0         0.0
 -72.89146     4.65931     6.984   50.00  20.00  0.4640E+12    9.29   1.91  -1  -1    67.20     0  4   0.0  0   0.0  0
       0.0         0.0         0.0         0.0
 -73.36495     4.32717     5.000   50.00  20.00  0.4640E+12    9.44   1.91  -1  -1    79.58    59  4   0.0  0   0.0  0
      30.0         0.7         0.1         0.1
 -73.30972     4.37338     5.000   50.00  20.00  0.4640E+12    8.53   1.91  -1  -1   135.17    11  4   0.0  0   0.0  0
       5.4         0.5         0.1         0.1
 -73.25448     4.41958     5.000   50.00  20.00  0.4640E+12    4.58   1.91  -1  -1   128.27    45  4   0.0  0   0.0  0
      19.7         0.1         0.1         3.9
 -73.19923     4.46579     5.000   50.00  20.00  0.4640E+12    2.29   1.91  -1  -1   129.61    47  4   0.0  0   0.0  0
      10.4         4.7         5.0         4.8
 -73.30180     4.25214     8.967   50.00  20.00  0.4640E+12    9.74   1.91  -1  -1    72.72    61  4   0.0  0   0.0  0
      32.0         0.1         0.1         0.1
 -73.08876     4.55821     5.000   50.00  20.00  0.4640E+12    2.29   1.91  -1  -1    67.20     0  4   0.0  0   0.0  0
       0.0         0.0         0.0         0.0
 -73.03352     4.60442     5.000   50.00  20.00  0.4640E+12    4.57   1.91  -1  -1    67.20     0  4   0.0  0   0.0  0
       0.0         0.0         0.0         0.0
 -72.97828     4.65062     5.000   50.00  20.00  0.4640E+12    6.86   1.91  -1  -1    67.20     0  4   0.0  0   0.0  0
       0.0         0.0         0.0         0.0
 -72.92304     4.69683     5.000   50.00  20.00  0.4640E+12    9.14   1.91  -1  -1    67.20     0  4   0.0  0   0.0  0
       0.0         0.0         0.0         0.0
 -73.39653     4.36469     3.016   50.00  20.00  0.4640E+12    9.29   1.91  -1  -1   138.46    10  4   0.0  0   0.0  0
       0.5         3.8         0.1         0.6
 -73.34129     4.41089     3.016   50.00  20.00  0.4640E+12    8.40   1.91  -1  -1    95.16    12  4   0.0  0   0.0  0
       0.1         6.3         0.1         0.1
 -73.28606     4.45710     3.016   50.00  20.00  0.4640E+12    9.39   1.91  -1  -1   148.24    35  4   0.0  0   0.0  0
       0.1         0.1         0.1        18.2
 -73.23081     4.50331     3.016   50.00  20.00  0.4640E+12    6.10   1.91  -1  -1   141.82    19  4   0.0  0   0.0  0
       3.7         0.1         0.1         6.2
 -73.17558     4.54952     3.016   50.00  20.00  0.4640E+12    3.74   1.91  -1  -1   157.14    38  4   0.0  0   0.0  0
       1.9         1.7        11.0         5.0
 -73.12034     4.59572     3.016   50.00  20.00  0.4640E+12    2.82   1.91  -1  -1    67.20     0  4   0.0  0   0.0  0
       0.0         0.0         0.0         0.0
 -73.06509     4.64193     3.016   50.00  20.00  0.4640E+12    4.86   1.91  -1  -1    67.20     0  4   0.0  0   0.0  0
       0.0         0.0         0.0         0.0
 -73.00986     4.68814     3.016   50.00  20.00  0.4640E+12    7.05   1.91  -1  -1    67.20     0  4   0.0  0   0.0  0
       0.0         0.0         0.0         0.0
 -72.95462     4.73435     3.016   50.00  20.00  0.4640E+12    9.29   1.91  -1  -1    67.20     0  4   0.0  0   0.0  0
       0.0         0.0         0.0         0.0
 -73.42811     4.40220     1.033   50.00  20.00  0.4640E+12    9.90   1.91  -1  -1   142.61     3  4   0.0  0   0.0  0
       0.1         0.5         1.0         0.1
 -73.37287     4.44841     1.033   50.00  20.00  0.4640E+12    9.16   1.91  -1  -1   100.07     4  4   0.0  0   0.0  0
       1.8         0.1         0.1         0.1
 -73.31763     4.49462     1.033   50.00  20.00  0.4640E+12    8.40   1.91  -1  -1    96.51     1  4   0.0  0   0.0  0
       0.1         0.1         0.1         0.1
 -73.26239     4.54083     1.033   50.00  20.00  0.4640E+12    8.45   1.91  -1  -1    91.44    33  4   0.0  0   0.0  0
       0.1         0.1         0.1        16.8
 -73.20715     4.58703     1.033   50.00  20.00  0.4640E+12    9.37   1.91  -1  -1   125.31     1  4   0.0  0   0.0  0
       0.1         0.1         0.1         0.1
 -73.15192     4.63324     1.033   50.00  20.00  0.4640E+12    4.03   1.91  -1  -1    67.20     0  4   0.0  0   0.0  0
       0.0         0.0         0.0         0.0
 -73.09667     4.67945     1.033   50.00  20.00  0.4640E+12    5.65   1.91  -1  -1    67.20     0  4   0.0  0   0.0  0
       0.0         0.0         0.0         0.0
 -73.04144     4.72566     1.033   50.00  20.00  0.4640E+12    7.62   1.91  -1  -1    67.20     0  4   0.0  0   0.0  0
       0.0         0.0         0.0         0.0
 -72.98620     4.77186     1.033   50.00  20.00  0.4640E+12    9.73   1.91  -1  -1    67.20     0  4   0.0  0   0.0  0
       0.0         0.0         0.0         0.0
