2.0
#
# http://equake-rc.info/static/paper/SRF-Description-Graves_2.0.pdf
# RECTANGULAR fault MODEL
#
# All subfaults are   5.0 km long along strike and
#   9.0 km wide along dip
#
# Model length along strike is   45.0 km
#
# Model width along dip is   45.0 km
#
# Corners of the rectangular dislocation model (lat, lon):
#      5.856   -82.668 : corner 1
#      6.260   -82.657 : corner 2
#      6.259   -82.629 : corner 3
#      5.855   -82.639 : corner 4
#
#
# Number of elementary sliprate
# isoceles triangular functions
# per subfault:   4
#
# Half duration of elementary sliprate
# isoceles triangular functions (s):   1.55
# Triangles are overlapping each other by half
#
# slip rate unit: cm/s
#
#
# Seismic moment is converted into slip
# using a single constant value for the
# shear modulus mu of  0.250E+12 dyne/cm2
# assumed to be constant and characteristic
# of the fault shear zone
#
#
#
# "rake" (degrees) is the slip angle (Aki"s convention,
# e.g. rake=+45 means left-lateral-reverse movement.
#
#
# ************************************************
# Total seismic moment M0=  0.237E+26 dyne.cm
# ************************************************
#
#
PLANE 1
 -82.66250     6.05800    9    5    45.000    45.000
  1.51  86.03     0.533     0.000    13.499
POINTS   45
 -82.65370     6.05760    14.000    1.51  86.03  0.4500E+12    0.00   1.55  -1  -1   128.29    20  4   0.0  0   0.0  0
      10.9         1.7         0.1         0.1
 -82.64039     5.92240    40.935    1.51  86.03  0.4500E+12    7.19   1.55  -1  -1   169.83    15  4   0.0  0   0.0  0
       4.4         0.4         0.1         4.8
 -82.63920     5.96732    40.935    1.51  86.03  0.4500E+12    7.19   1.55  -1  -1   146.92     5  4   0.0  0   0.0  0
       2.5         0.1         0.2         0.2
 -82.63801     6.01224    40.935    1.51  86.03  0.4500E+12    7.19   1.55  -1  -1   139.46     4  4   0.0  0   0.0  0
       2.1         0.2         0.1         0.2
 -82.63681     6.05716    40.935    1.51  86.03  0.4500E+12    7.19   1.55  -1  -1   132.87    13  4   0.0  0   0.0  0
       8.0         0.2         0.1         0.3
 -82.63562     6.10207    40.935    1.51  86.03  0.4500E+12    7.19   1.55  -1  -1   127.98     0  4   0.0  0   0.0  0
       0.0         0.0         0.0         0.0
 -82.63443     6.14699    40.935    1.51  86.03  0.4500E+12    7.19   1.55  -1  -1   127.98     0  4   0.0  0   0.0  0
       0.0         0.0         0.0         0.0
 -82.63324     6.19191    40.935    1.51  86.03  0.4500E+12    7.19   1.55  -1  -1   138.78    30  4   0.0  0   0.0  0
       2.9         0.1         0.3        16.3
 -82.63204     6.23683    40.935    1.51  86.03  0.4500E+12    7.19   1.55  -1  -1   159.43    28  4   0.0  0   0.0  0
       7.9         1.0         0.4         9.0
 -82.64721     5.87764    31.957    1.51  86.03  0.4500E+12    7.19   1.55  -1  -1   127.98     0  4   0.0  0   0.0  0
       0.0         0.0         0.0         0.0
 -82.64602     5.92255    31.957    1.51  86.03  0.4500E+12    7.16   1.55  -1  -1  -158.07    25  4   0.0  0   0.0  0
       0.3         2.7         1.4        11.8
 -82.64483     5.96747    31.957    1.51  86.03  0.4500E+12    7.07   1.55  -1  -1  -178.72     3  4   0.0  0   0.0  0
       0.1         0.3         0.2         1.5
 -82.64364     6.01239    31.957    1.51  86.03  0.4500E+12    5.41   1.55  -1  -1  -179.89     3  4   0.0  0   0.0  0
       1.1         0.1         0.2         0.4
 -82.64244     6.05730    31.957    1.51  86.03  0.4500E+12    5.15   1.55  -1  -1   146.49     5  4   0.0  0   0.0  0
       2.3         0.1         0.1         0.5
 -82.64125     6.10222    31.957    1.51  86.03  0.4500E+12    5.34   1.55  -1  -1   127.98     0  4   0.0  0   0.0  0
       0.0         0.0         0.0         0.0
 -82.64006     6.14714    31.957    1.51  86.03  0.4500E+12    5.88   1.55  -1  -1   127.98     0  4   0.0  0   0.0  0
       0.0         0.0         0.0         0.0
 -82.63887     6.19206    31.957    1.51  86.03  0.4500E+12    6.76   1.55  -1  -1   155.76     3  4   0.0  0   0.0  0
       0.1         0.1         0.1         1.5
 -82.63767     6.23697    31.957    1.51  86.03  0.4500E+12    7.19   1.55  -1  -1   152.44     5  4   0.0  0   0.0  0
       3.1         0.1         0.1         0.2
 -82.65284     5.87778    22.978    1.51  86.03  0.4500E+12    6.27   1.55  -1  -1   127.98     0  4   0.0  0   0.0  0
       0.0         0.0         0.0         0.0
 -82.65165     5.92270    22.978    1.51  86.03  0.4500E+12    6.82   1.55  -1  -1  -165.66     4  4   0.0  0   0.0  0
       1.6         0.6         0.1         0.4
 -82.65046     5.96762    22.978    1.51  86.03  0.4500E+12    7.17   1.55  -1  -1  -154.15     2  4   0.0  0   0.0  0
       0.2         0.5         0.1         0.2
 -82.64926     6.01253    22.978    1.51  86.03  0.4500E+12    3.85   1.55  -1  -1  -163.27     1  4   0.0  0   0.0  0
       0.1         0.2         0.1         0.1
 -82.64807     6.05745    22.978    1.51  86.03  0.4500E+12    2.63   1.55  -1  -1  -166.38     1  4   0.0  0   0.0  0
       0.1         0.1         0.1         0.1
 -82.64688     6.10237    22.978    1.51  86.03  0.4500E+12    2.94   1.55  -1  -1   127.98     0  4   0.0  0   0.0  0
       0.0         0.0         0.0         0.0
 -82.64569     6.14729    22.978    1.51  86.03  0.4500E+12    3.84   1.55  -1  -1   127.98     0  4   0.0  0   0.0  0
       0.0         0.0         0.0         0.0
 -82.64449     6.19220    22.978    1.51  86.03  0.4500E+12    5.06   1.55  -1  -1   134.79    20  4   0.0  0   0.0  0
      12.9         0.1         0.1         0.1
 -82.64330     6.23712    22.978    1.51  86.03  0.4500E+12    6.34   1.55  -1  -1   136.01     0  4   0.0  0   0.0  0
       0.1         0.1         0.0         0.1
 -82.65847     5.87793    14.000    1.51  86.03  0.4500E+12    5.71   1.55  -1  -1   127.98     0  4   0.0  0   0.0  0
       0.0         0.0         0.0         0.0
 -82.65728     5.92285    14.000    1.51  86.03  0.4500E+12    5.42   1.55  -1  -1  -167.07     3  4   0.0  0   0.0  0
       1.6         0.2         0.1         0.1
 -82.65608     5.96777    14.000    1.51  86.03  0.4500E+12    6.96   1.55  -1  -1  -157.43     2  4   0.0  0   0.0  0
       0.4         0.5         0.3         0.3
 -82.65489     6.01268    14.000    1.51  86.03  0.4500E+12    1.72   1.55  -1  -1  -147.74     1  4   0.0  0   0.0  0
       0.1         0.2         0.5         0.1
 -82.64158     5.87749    40.935    1.51  86.03  0.4500E+12    7.19   1.55  -1  -1   127.98     0  4   0.0  0   0.0  0
       0.0         0.0         0.0         0.0
 -82.65251     6.10252    14.000    1.51  86.03  0.4500E+12    1.43   1.55  -1  -1   127.98     0  4   0.0  0   0.0  0
       0.0         0.0         0.0         0.0
 -82.65132     6.14743    14.000    1.51  86.03  0.4500E+12    2.86   1.55  -1  -1   127.98     0  4   0.0  0   0.0  0
       0.0         0.0         0.0         0.0
 -82.65012     6.19235    14.000    1.51  86.03  0.4500E+12    4.68   1.55  -1  -1   160.06    12  4   0.0  0   0.0  0
       7.3         0.1         0.1         0.1
 -82.64893     6.23727    14.000    1.51  86.03  0.4500E+12    5.79   1.55  -1  -1   173.21     0  4   0.0  0   0.0  0
       0.0         0.1         0.0         0.1
 -82.66410     5.87808     5.022    1.51  86.03  0.4500E+12    6.27   1.55  -1  -1   127.98     0  4   0.0  0   0.0  0
       0.0         0.0         0.0         0.0
 -82.66291     5.92300     5.022    1.51  86.03  0.4500E+12    6.81   1.55  -1  -1  -173.16     2  4   0.0  0   0.0  0
       0.7         0.2         0.1         0.2
 -82.66171     5.96791     5.022    1.51  86.03  0.4500E+12    6.89   1.55  -1  -1  -165.89     1  4   0.0  0   0.0  0
       0.1         0.1         0.1         0.1
 -82.66052     6.01283     5.022    1.51  86.03  0.4500E+12    3.98   1.55  -1  -1  -154.89     1  4   0.0  0   0.0  0
       0.1         0.1         0.1         0.1
 -82.65933     6.05775     5.022    1.51  86.03  0.4500E+12    2.73   1.55  -1  -1  -177.33     0  4   0.0  0   0.0  0
       0.1         0.1         0.1         0.1
 -82.65814     6.10267     5.022    1.51  86.03  0.4500E+12    2.94   1.55  -1  -1   127.98     0  4   0.0  0   0.0  0
       0.0         0.0         0.0         0.0
 -82.65694     6.14758     5.022    1.51  86.03  0.4500E+12    3.84   1.55  -1  -1   127.98     0  4   0.0  0   0.0  0
       0.0         0.0         0.0         0.0
 -82.65575     6.19250     5.022    1.51  86.03  0.4500E+12    5.04   1.55  -1  -1   168.10     0  4   0.0  0   0.0  0
       0.1         0.1         0.1         0.1
 -82.65456     6.23742     5.022    1.51  86.03  0.4500E+12    6.35   1.55  -1  -1   156.18     0  4   0.0  0   0.0  0
       0.1         0.1         0.1         0.1
