2.0
#
# http://equake-rc.info/static/paper/SRF-Description-Graves_2.0.pdf
# RECTANGULAR fault MODEL
#
# All subfaults are   6.0 km long along strike and
#   3.3 km wide along dip
#
# Model length along strike is   54.0 km
#
# Model width along dip is   16.5 km
#
# Corners of the rectangular dislocation model (lat, lon):
#     42.106    13.454 : corner 1
#     42.542    13.162 : corner 2
#     42.594    13.306 : corner 3
#     42.158    13.598 : corner 4
#
#
# Number of elementary sliprate
# isoceles triangular functions
# per subfault:   4
#
# Half duration of elementary sliprate
# isoceles triangular functions (s):   1.67
# Triangles are overlapping each other by half
#
# slip rate unit: cm/s
#
#
# Seismic moment is converted into slip
# using a single constant value for the
# shear modulus mu of  0.250E+12 dyne/cm2
# assumed to be constant and characteristic
# of the fault shear zone
#
#
#
# "rake" (degrees) is the slip angle (Aki"s convention,
# e.g. rake=+45 means left-lateral-reverse movement.
#
#
# ************************************************
# Total seismic moment M0=  0.321E+26 dyne.cm
# ************************************************
#
#
PLANE 1
  13.30800    42.32400    9    5    54.000    16.500
333.70  37.18     0.014     0.000     8.253
POINTS   45
  13.38000    42.35000     5.000  333.70  37.18  0.1980E+12    0.00   1.67  -1  -1   -77.85    25  4   0.0  0   0.0  0
      11.7         0.4         0.2         2.5
  13.53461    42.22568     8.989  333.70  37.18  0.1980E+12    5.48   1.67  -1  -1  -121.56     0  4   0.0  0   0.0  0
       0.0         0.0         0.0         0.0
  13.50222    42.27411     8.989  333.70  37.18  0.1980E+12    4.90   1.67  -1  -1   -31.82    31  4   0.0  0   0.0  0
       3.5         2.9         6.3         5.6
  13.46983    42.32254     8.989  333.70  37.18  0.1980E+12    4.42   1.67  -1  -1   -43.69    29  4   0.0  0   0.0  0
       5.1         5.1         2.1         4.9
  13.43743    42.37098     8.989  333.70  37.18  0.1980E+12    1.98   1.67  -1  -1  -101.96    38  4   0.0  0   0.0  0
      16.3         0.3         5.9         0.2
  13.40504    42.41941     8.989  333.70  37.18  0.1980E+12    3.40   1.67  -1  -1  -100.01    36  4   0.0  0   0.0  0
      14.6         6.1         0.5         0.1
  13.37265    42.46784     8.989  333.70  37.18  0.1980E+12    4.42   1.67  -1  -1   -84.91    11  4   0.0  0   0.0  0
       3.6         0.1         1.2         1.5
  13.34026    42.51628     8.989  333.70  37.18  0.1980E+12    5.48   1.67  -1  -1  -121.56     0  4   0.0  0   0.0  0
       0.0         0.0         0.0         0.0
  13.30787    42.56471     8.989  333.70  37.18  0.1980E+12    7.11   1.67  -1  -1  -121.56     0  4   0.0  0   0.0  0
       0.0         0.0         0.0         0.0
  13.53828    42.16676     6.994  333.70  37.18  0.1980E+12    6.92   1.67  -1  -1  -121.56     0  4   0.0  0   0.0  0
       0.0         0.0         0.0         0.0
  13.50589    42.21519     6.994  333.70  37.18  0.1980E+12    5.23   1.67  -1  -1  -121.56     0  4   0.0  0   0.0  0
       0.0         0.0         0.0         0.0
  13.47350    42.26362     6.994  333.70  37.18  0.1980E+12    6.03   1.67  -1  -1   -32.00    24  4   0.0  0   0.0  0
       7.3         0.3         3.4         3.4
  13.44111    42.31206     6.994  333.70  37.18  0.1980E+12    3.82   1.67  -1  -1   -43.63    34  4   0.0  0   0.0  0
       2.6         5.2         6.6         6.0
  13.40872    42.36049     6.994  333.70  37.18  0.1980E+12    1.79   1.67  -1  -1   -66.35    24  4   0.0  0   0.0  0
       3.6         0.1         3.8         7.0
  13.37633    42.40892     6.994  333.70  37.18  0.1980E+12    5.81   1.67  -1  -1   -64.32    11  4   0.0  0   0.0  0
       3.2         0.3         2.1         1.1
  13.34394    42.45735     6.994  333.70  37.18  0.1980E+12    3.77   1.67  -1  -1  -112.29    10  4   0.0  0   0.0  0
       5.4         0.1         0.1         0.1
  13.31154    42.50579     6.994  333.70  37.18  0.1980E+12    5.23   1.67  -1  -1  -121.56     0  4   0.0  0   0.0  0
       0.0         0.0         0.0         0.0
  13.27915    42.55422     6.994  333.70  37.18  0.1980E+12    6.92   1.67  -1  -1  -121.56     0  4   0.0  0   0.0  0
       0.0         0.0         0.0         0.0
  13.50956    42.15627     5.000  333.70  37.18  0.1980E+12    6.86   1.67  -1  -1  -121.56     0  4   0.0  0   0.0  0
       0.0         0.0         0.0         0.0
  13.47717    42.20470     5.000  333.70  37.18  0.1980E+12    5.14   1.67  -1  -1  -121.56     0  4   0.0  0   0.0  0
       0.0         0.0         0.0         0.0
  13.44478    42.25313     5.000  333.70  37.18  0.1980E+12    4.72   1.67  -1  -1   -47.92    25  4   0.0  0   0.0  0
       6.1         2.7         5.7         0.1
  13.41239    42.30157     5.000  333.70  37.18  0.1980E+12    4.08   1.67  -1  -1   -49.39    43  4   0.0  0   0.0  0
       3.1        15.2         7.1         0.1
  13.56700    42.17725     8.989  333.70  37.18  0.1980E+12    7.11   1.67  -1  -1  -121.56     0  4   0.0  0   0.0  0
       0.0         0.0         0.0         0.0
  13.34761    42.39843     5.000  333.70  37.18  0.1980E+12    3.10   1.67  -1  -1   -50.29    14  4   0.0  0   0.0  0
       1.7         1.6         0.1         5.2
  13.31522    42.44687     5.000  333.70  37.18  0.1980E+12    3.43   1.67  -1  -1  -119.31    11  4   0.0  0   0.0  0
       6.4         0.1         0.1         0.1
  13.28283    42.49530     5.000  333.70  37.18  0.1980E+12    5.14   1.67  -1  -1  -121.56     0  4   0.0  0   0.0  0
       0.0         0.0         0.0         0.0
  13.25044    42.54373     5.000  333.70  37.18  0.1980E+12    6.86   1.67  -1  -1  -121.56     0  4   0.0  0   0.0  0
       0.0         0.0         0.0         0.0
  13.48085    42.14578     3.006  333.70  37.18  0.1980E+12    6.92   1.67  -1  -1  -121.56     0  4   0.0  0   0.0  0
       0.0         0.0         0.0         0.0
  13.44846    42.19421     3.006  333.70  37.18  0.1980E+12    5.23   1.67  -1  -1  -121.56     0  4   0.0  0   0.0  0
       0.0         0.0         0.0         0.0
  13.41607    42.24265     3.006  333.70  37.18  0.1980E+12    4.91   1.67  -1  -1   -47.38    21  4   0.0  0   0.0  0
      12.0         0.3         0.1         0.1
  13.38367    42.29108     3.006  333.70  37.18  0.1980E+12    4.51   1.67  -1  -1   -49.61    30  4   0.0  0   0.0  0
       8.3         7.0         2.6         0.1
  13.35128    42.33951     3.006  333.70  37.18  0.1980E+12    1.10   1.67  -1  -1   -34.16    31  4   0.0  0   0.0  0
       1.8         4.5         3.8         8.4
  13.31889    42.38794     3.006  333.70  37.18  0.1980E+12    6.37   1.67  -1  -1   -47.98    25  4   0.0  0   0.0  0
       7.6         5.9         1.4         0.2
  13.28650    42.43637     3.006  333.70  37.18  0.1980E+12    5.78   1.67  -1  -1   -52.14    19  4   0.0  0   0.0  0
       0.6         4.3         1.8         4.8
  13.25411    42.48481     3.006  333.70  37.18  0.1980E+12    5.23   1.67  -1  -1  -121.56     0  4   0.0  0   0.0  0
       0.0         0.0         0.0         0.0
  13.22172    42.53324     3.006  333.70  37.18  0.1980E+12    6.92   1.67  -1  -1  -121.56     0  4   0.0  0   0.0  0
       0.0         0.0         0.0         0.0
  13.45213    42.13529     1.011  333.70  37.18  0.1980E+12    7.11   1.67  -1  -1  -121.56     0  4   0.0  0   0.0  0
       0.0         0.0         0.0         0.0
  13.41974    42.18372     1.011  333.70  37.18  0.1980E+12    5.48   1.67  -1  -1  -121.56     0  4   0.0  0   0.0  0
       0.0         0.0         0.0         0.0
  13.38735    42.23215     1.011  333.70  37.18  0.1980E+12    4.43   1.67  -1  -1   -62.62    10  4   0.0  0   0.0  0
       2.7         3.3         0.1         0.1
  13.35496    42.28059     1.011  333.70  37.18  0.1980E+12    2.84   1.67  -1  -1   -50.47    33  4   0.0  0   0.0  0
      15.4         2.0         2.2         0.1
  13.32257    42.32902     1.011  333.70  37.18  0.1980E+12    2.55   1.67  -1  -1   -38.03    46  4   0.0  0   0.0  0
      24.9         0.4         2.2         0.1
  13.29017    42.37745     1.011  333.70  37.18  0.1980E+12    2.93   1.67  -1  -1   -85.60    22  4   0.0  0   0.0  0
       3.9         2.6         5.5         1.0
  13.25778    42.42588     1.011  333.70  37.18  0.1980E+12    4.96   1.67  -1  -1   -72.54    48  4   0.0  0   0.0  0
       4.5        13.2        10.5         0.3
  13.22539    42.47432     1.011  333.70  37.18  0.1980E+12    5.48   1.67  -1  -1  -121.56     0  4   0.0  0   0.0  0
       0.0         0.0         0.0         0.0
  13.19300    42.52275     1.011  333.70  37.18  0.1980E+12    7.11   1.67  -1  -1  -121.56     0  4   0.0  0   0.0  0
       0.0         0.0         0.0         0.0
