2.0
#
# http://equake-rc.info/static/paper/SRF-Description-Graves_2.0.pdf
# RECTANGULAR fault MODEL
#
# All subfaults are   6.0 km long along strike and
#   4.1 km wide along dip
#
# Model length along strike is   54.0 km
#
# Model width along dip is   20.5 km
#
# Corners of the rectangular dislocation model (lat, lon):
#     42.550    13.188 : corner 1
#     42.194    13.637 : corner 2
#     42.120    13.529 : corner 3
#     42.476    13.081 : corner 4
#
#
# Number of elementary sliprate
# isoceles triangular functions
# per subfault:   4
#
# Half duration of elementary sliprate
# isoceles triangular functions (s):   1.67
# Triangles are overlapping each other by half
#
# slip rate unit: cm/s
#
#
# Seismic moment is converted into slip
# using a single constant value for the
# shear modulus mu of  0.250E+12 dyne/cm2
# assumed to be constant and characteristic
# of the fault shear zone
#
#
#
# "rake" (degrees) is the slip angle (Aki"s convention,
# e.g. rake=+45 means left-lateral-reverse movement.
#
#
# ************************************************
# Total seismic moment M0=  0.332E+26 dyne.cm
# ************************************************
#
#
PLANE 1
  13.41250    42.37200    9    5    54.000    20.500
137.00  54.00     0.025     0.000     6.150
POINTS   45
  13.38000    42.35000     5.000  137.00  54.00  0.2460E+12    0.00   1.67  -1  -1   -82.13    41  4   0.0  0   0.0  0
      23.7         0.1         0.7         0.3
  13.16601    42.42414    14.951  137.00  54.00  0.2460E+12    7.37   1.67  -1  -1  -132.28     6  4   0.0  0   0.0  0
       0.1         2.7         0.8         0.1
  13.21587    42.38462    14.951  137.00  54.00  0.2460E+12    4.91   1.67  -1  -1  -145.00     0  4   0.0  0   0.0  0
       0.0         0.0         0.0         0.0
  13.26572    42.34511    14.951  137.00  54.00  0.2460E+12    6.23   1.67  -1  -1  -118.78     7  4   0.0  0   0.0  0
       0.2         0.9         3.3         0.1
  13.31558    42.30560    14.951  137.00  54.00  0.2460E+12    5.63   1.67  -1  -1  -101.74     6  4   0.0  0   0.0  0
       0.1         1.8         1.4         0.5
  13.36543    42.26609    14.951  137.00  54.00  0.2460E+12    5.62   1.67  -1  -1  -100.86    19  4   0.0  0   0.0  0
       0.2         0.8         8.9         1.8
  13.41529    42.22658    14.951  137.00  54.00  0.2460E+12    7.14   1.67  -1  -1   -85.83    30  4   0.0  0   0.0  0
       0.9        11.2         3.9         2.0
  13.46515    42.18707    14.951  137.00  54.00  0.2460E+12    6.23   1.67  -1  -1  -145.00     0  4   0.0  0   0.0  0
       0.0         0.0         0.0         0.0
  13.51500    42.14755    14.951  137.00  54.00  0.2460E+12    7.71   1.67  -1  -1  -145.00     0  4   0.0  0   0.0  0
       0.0         0.0         0.0         0.0
  13.13763    42.47845    11.634  137.00  54.00  0.2460E+12    7.25   1.67  -1  -1  -145.00     0  4   0.0  0   0.0  0
       0.0         0.0         0.0         0.0
  13.18749    42.43893    11.634  137.00  54.00  0.2460E+12    7.44   1.67  -1  -1  -143.67     5  4   0.0  0   0.0  0
       1.1         1.2         0.3         0.1
  13.23734    42.39943    11.634  137.00  54.00  0.2460E+12    4.15   1.67  -1  -1  -145.00     0  4   0.0  0   0.0  0
       0.0         0.0         0.0         0.0
  13.28720    42.35991    11.634  137.00  54.00  0.2460E+12    3.77   1.67  -1  -1  -138.69     2  4   0.0  0   0.0  0
       0.5         0.1         0.7         0.1
  13.33705    42.32040    11.634  137.00  54.00  0.2460E+12    2.75   1.67  -1  -1  -109.23     2  4   0.0  0   0.0  0
       0.2         0.3         0.5         0.2
  13.38691    42.28089    11.634  137.00  54.00  0.2460E+12    4.40   1.67  -1  -1  -107.55    14  4   0.0  0   0.0  0
       0.1         4.3         3.7         0.1
  13.43676    42.24137    11.634  137.00  54.00  0.2460E+12    5.33   1.67  -1  -1  -115.62     8  4   0.0  0   0.0  0
       1.2         3.4         0.2         0.1
  13.48662    42.20187    11.634  137.00  54.00  0.2460E+12    5.65   1.67  -1  -1  -145.00     0  4   0.0  0   0.0  0
       0.0         0.0         0.0         0.0
  13.53647    42.16235    11.634  137.00  54.00  0.2460E+12    7.25   1.67  -1  -1  -145.00     0  4   0.0  0   0.0  0
       0.0         0.0         0.0         0.0
  13.15910    42.49325     8.317  137.00  54.00  0.2460E+12    6.96   1.67  -1  -1  -145.00     0  4   0.0  0   0.0  0
       0.0         0.0         0.0         0.0
  13.20896    42.45374     8.317  137.00  54.00  0.2460E+12    5.44   1.67  -1  -1  -142.82     8  4   0.0  0   0.0  0
       4.1         0.6         0.1         0.1
  13.25882    42.41422     8.317  137.00  54.00  0.2460E+12    3.62   1.67  -1  -1  -145.00     0  4   0.0  0   0.0  0
       0.0         0.0         0.0         0.0
  13.30867    42.37471     8.317  137.00  54.00  0.2460E+12    3.41   1.67  -1  -1  -144.75    22  4   0.0  0   0.0  0
       0.4         7.6         4.6         0.3
  13.35853    42.33520     8.317  137.00  54.00  0.2460E+12    2.75   1.67  -1  -1  -113.95    12  4   0.0  0   0.0  0
       0.6         6.1         0.3         0.2
  13.40838    42.29569     8.317  137.00  54.00  0.2460E+12    4.52   1.67  -1  -1   -81.69    25  4   0.0  0   0.0  0
       4.1         7.1         3.7         0.1
  13.45824    42.25618     8.317  137.00  54.00  0.2460E+12    4.91   1.67  -1  -1   -82.43     6  4   0.0  0   0.0  0
       3.5         0.2         0.1         0.1
  13.50809    42.21666     8.317  137.00  54.00  0.2460E+12    5.27   1.67  -1  -1  -145.00     0  4   0.0  0   0.0  0
       0.0         0.0         0.0         0.0
  13.55795    42.17715     8.317  137.00  54.00  0.2460E+12    6.96   1.67  -1  -1  -145.00     0  4   0.0  0   0.0  0
       0.0         0.0         0.0         0.0
  13.18058    42.50805     5.000  137.00  54.00  0.2460E+12    6.86   1.67  -1  -1  -145.00     0  4   0.0  0   0.0  0
       0.0         0.0         0.0         0.0
  13.23043    42.46853     5.000  137.00  54.00  0.2460E+12    7.02   1.67  -1  -1   -89.92     3  4   0.0  0   0.0  0
       0.1         0.1         0.1         1.3
  13.28029    42.42902     5.000  137.00  54.00  0.2460E+12    3.43   1.67  -1  -1  -145.00     0  4   0.0  0   0.0  0
       0.0         0.0         0.0         0.0
  13.33014    42.38951     5.000  137.00  54.00  0.2460E+12    1.76   1.67  -1  -1  -117.53    11  4   0.0  0   0.0  0
       2.5         0.1         2.6         1.6
  13.11616    42.46365    14.951  137.00  54.00  0.2460E+12    7.71   1.67  -1  -1  -145.00     0  4   0.0  0   0.0  0
       0.0         0.0         0.0         0.0
  13.42986    42.31049     5.000  137.00  54.00  0.2460E+12    3.28   1.67  -1  -1   -71.64    48  4   0.0  0   0.0  0
       8.0        15.4         5.4         0.2
  13.47971    42.27097     5.000  137.00  54.00  0.2460E+12    4.33   1.67  -1  -1   -76.86    12  4   0.0  0   0.0  0
       3.7         3.3         0.1         0.1
  13.52957    42.23146     5.000  137.00  54.00  0.2460E+12    5.14   1.67  -1  -1  -145.00     0  4   0.0  0   0.0  0
       0.0         0.0         0.0         0.0
  13.57942    42.19195     5.000  137.00  54.00  0.2460E+12    6.86   1.67  -1  -1  -145.00     0  4   0.0  0   0.0  0
       0.0         0.0         0.0         0.0
  13.20205    42.52285     1.683  137.00  54.00  0.2460E+12    6.96   1.67  -1  -1  -145.00     0  4   0.0  0   0.0  0
       0.0         0.0         0.0         0.0
  13.25191    42.48333     1.683  137.00  54.00  0.2460E+12    6.53   1.67  -1  -1   -60.11    48  4   0.0  0   0.0  0
       4.7         7.1        12.1         5.1
  13.30176    42.44382     1.683  137.00  54.00  0.2460E+12    3.62   1.67  -1  -1  -145.00     0  4   0.0  0   0.0  0
       0.0         0.0         0.0         0.0
  13.35162    42.40431     1.683  137.00  54.00  0.2460E+12    4.09   1.67  -1  -1   -71.95    47  4   0.0  0   0.0  0
       9.8         5.9        12.0         0.6
  13.40147    42.36480     1.683  137.00  54.00  0.2460E+12    1.59   1.67  -1  -1   -70.76    80  4   0.0  0   0.0  0
      28.7         6.6        12.4         0.2
  13.45133    42.32529     1.683  137.00  54.00  0.2460E+12    2.54   1.67  -1  -1  -102.57    56  4   0.0  0   0.0  0
      28.9         3.3         1.2         0.1
  13.50118    42.28577     1.683  137.00  54.00  0.2460E+12    4.09   1.67  -1  -1   -55.47    19  4   0.0  0   0.0  0
       3.7         5.2         2.5         0.1
  13.55104    42.24626     1.683  137.00  54.00  0.2460E+12    5.27   1.67  -1  -1  -145.00     0  4   0.0  0   0.0  0
       0.0         0.0         0.0         0.0
  13.60090    42.20675     1.683  137.00  54.00  0.2460E+12    6.96   1.67  -1  -1  -145.00     0  4   0.0  0   0.0  0
       0.0         0.0         0.0         0.0
