2.0
#
# http://equake-rc.info/static/paper/SRF-Description-Graves_2.0.pdf
# RECTANGULAR fault MODEL
#
# All subfaults are   4.0 km long along strike and
#   7.0 km wide along dip
#
# Model length along strike is   36.0 km
#
# Model width along dip is   35.0 km
#
# Corners of the rectangular dislocation model (lat, lon):
#     43.583  -128.089 : corner 1
#     43.880  -127.909 : corner 2
#     43.865  -127.863 : corner 3
#     43.568  -128.043 : corner 4
#
#
# Number of elementary sliprate
# isoceles triangular functions
# per subfault:   4
#
# Half duration of elementary sliprate
# isoceles triangular functions (s):   1.33
# Triangles are overlapping each other by half
#
# slip rate unit: cm/s
#
#
# Seismic moment is converted into slip
# using a single constant value for the
# shear modulus mu of  0.250E+12 dyne/cm2
# assumed to be constant and characteristic
# of the fault shear zone
#
#
#
# "rake" (degrees) is the slip angle (Aki"s convention,
# e.g. rake=+45 means left-lateral-reverse movement.
#
#
# ************************************************
# Total seismic moment M0=  0.994E+25 dyne.cm
# ************************************************
#
#
PLANE 1
-127.99900    43.73150    9    5    36.000    35.000
 23.60  83.42     4.569     0.000    10.501
POINTS   45
-127.98500    43.72700    15.000   23.60  83.42  0.2800E+12    0.00   1.33  -1  -1    10.94     0  4   0.0  0   0.0  0
       0.1         0.1         0.1         0.1
-128.01740    43.61931    35.862   23.60  83.42  0.2800E+12    5.67   1.33  -1  -1   -63.58     0  4   0.0  0   0.0  0
       0.1         0.0         0.0         0.0
-127.99744    43.65232    35.862   23.60  83.42  0.2800E+12    5.67   1.33  -1  -1   -65.14     0  4   0.0  0   0.0  0
       0.0         0.0         0.0         0.0
-127.97749    43.68533    35.862   23.60  83.42  0.2800E+12    5.67   1.33  -1  -1   -64.94     0  4   0.0  0   0.0  0
       0.1         0.0         0.1         0.1
-127.95753    43.71833    35.862   23.60  83.42  0.2800E+12    5.67   1.33  -1  -1   -64.79     0  4   0.0  0   0.0  0
       0.1         0.1         0.0         0.0
-127.93758    43.75134    35.862   23.60  83.42  0.2800E+12    5.67   1.33  -1  -1   -64.46     0  4   0.0  0   0.0  0
       0.1         0.1         0.0         0.0
-127.91763    43.78435    35.862   23.60  83.42  0.2800E+12    5.67   1.33  -1  -1   -64.85     0  4   0.0  0   0.0  0
       0.1         0.0         0.1         0.0
-127.89768    43.81736    35.862   23.60  83.42  0.2800E+12    5.67   1.33  -1  -1   -64.76     0  4   0.0  0   0.0  0
       0.1         0.1         0.0         0.1
-127.87773    43.85036    35.862   23.60  83.42  0.2800E+12    5.67   1.33  -1  -1   -64.58     1  4   0.0  0   0.0  0
       0.2         0.4         0.2         0.0
-128.04649    43.58919    28.908   23.60  83.42  0.2800E+12    5.67   1.33  -1  -1   -63.16     0  4   0.0  0   0.0  0
       0.1         0.0         0.0         0.1
-128.02655    43.62220    28.908   23.60  83.42  0.2800E+12    5.58   1.33  -1  -1   -63.68     0  4   0.0  0   0.0  0
       0.1         0.1         0.0         0.1
-128.00659    43.65520    28.908   23.60  83.42  0.2800E+12    4.61   1.33  -1  -1   -65.14     0  4   0.0  0   0.0  0
       0.0         0.0         0.0         0.0
-127.98664    43.68821    28.908   23.60  83.42  0.2800E+12    4.93   1.33  -1  -1   -47.67     0  4   0.0  0   0.0  0
       0.0         0.0         0.0         0.0
-127.96669    43.72122    28.908   23.60  83.42  0.2800E+12    5.44   1.33  -1  -1   -63.94     0  4   0.0  0   0.0  0
       0.1         0.0         0.0         0.1
-127.94674    43.75423    28.908   23.60  83.42  0.2800E+12    5.13   1.33  -1  -1   -63.01     0  4   0.0  0   0.0  0
       0.0         0.0         0.0         0.0
-127.92679    43.78724    28.908   23.60  83.42  0.2800E+12    5.51   1.33  -1  -1   -65.00     0  4   0.0  0   0.0  0
       0.1         0.1         0.1         0.0
-127.90684    43.82025    28.908   23.60  83.42  0.2800E+12    5.52   1.33  -1  -1   -64.98    17  4   0.0  0   0.0  0
      12.5         0.0         0.0         0.0
-127.88689    43.85325    28.908   23.60  83.42  0.2800E+12    5.67   1.33  -1  -1   -64.16     0  4   0.0  0   0.0  0
       0.1         0.0         0.0         0.1
-128.05565    43.59208    21.954   23.60  83.42  0.2800E+12    5.35   1.33  -1  -1   -55.71     0  4   0.0  0   0.0  0
       0.0         0.0         0.0         0.1
-128.03571    43.62509    21.954   23.60  83.42  0.2800E+12    5.59   1.33  -1  -1   -63.32     0  4   0.0  0   0.0  0
       0.0         0.1         0.0         0.1
-128.01575    43.65810    21.954   23.60  83.42  0.2800E+12    3.04   1.33  -1  -1   -65.14     0  4   0.0  0   0.0  0
       0.0         0.0         0.0         0.0
-127.99580    43.69110    21.954   23.60  83.42  0.2800E+12    5.59   1.33  -1  -1   -61.44     0  4   0.0  0   0.0  0
       0.1         0.1         0.0         0.0
-127.97585    43.72411    21.954   23.60  83.42  0.2800E+12    5.57   1.33  -1  -1   -54.57     0  4   0.0  0   0.0  0
       0.1         0.0         0.0         0.0
-127.95589    43.75712    21.954   23.60  83.42  0.2800E+12    2.48   1.33  -1  -1   -64.99    44  4   0.0  0   0.0  0
      32.8         0.0         0.1         0.1
-127.93594    43.79013    21.954   23.60  83.42  0.2800E+12    4.66   1.33  -1  -1   -64.10     0  4   0.0  0   0.0  0
       0.0         0.1         0.0         0.1
-127.91599    43.82314    21.954   23.60  83.42  0.2800E+12    4.93   1.33  -1  -1   -64.56     0  4   0.0  0   0.0  0
       0.0         0.0         0.0         0.0
-127.89604    43.85614    21.954   23.60  83.42  0.2800E+12    5.15   1.33  -1  -1   -64.51     0  4   0.0  0   0.0  0
       0.1         0.0         0.1         0.0
-128.06480    43.59497    15.000   23.60  83.42  0.2800E+12    5.59   1.33  -1  -1   -64.91    12  4   0.0  0   0.0  0
       0.1         0.0         0.1         9.2
-128.04486    43.62798    15.000   23.60  83.42  0.2800E+12    5.12   1.33  -1  -1   -63.60     0  4   0.0  0   0.0  0
       0.0         0.1         0.1         0.1
-128.02490    43.66098    15.000   23.60  83.42  0.2800E+12    2.29   1.33  -1  -1   -65.14     0  4   0.0  0   0.0  0
       0.0         0.0         0.0         0.0
-128.00496    43.69399    15.000   23.60  83.42  0.2800E+12    1.39   1.33  -1  -1   -11.76     0  4   0.0  0   0.0  0
       0.1         0.1         0.1         0.1
-128.03734    43.58630    35.862   23.60  83.42  0.2800E+12    5.67   1.33  -1  -1   -63.63     0  4   0.0  0   0.0  0
       0.0         0.1         0.0         0.0
-127.96505    43.76001    15.000   23.60  83.42  0.2800E+12    1.27   1.33  -1  -1    11.62     0  4   0.0  0   0.0  0
       0.1         0.1         0.0         0.1
-127.94510    43.79302    15.000   23.60  83.42  0.2800E+12    2.46   1.33  -1  -1   -31.40     5  4   0.0  0   0.0  0
       3.9         0.1         0.1         0.1
-127.92515    43.82602    15.000   23.60  83.42  0.2800E+12    5.24   1.33  -1  -1   -48.68     0  4   0.0  0   0.0  0
       0.0         0.0         0.0         0.0
-127.90520    43.85903    15.000   23.60  83.42  0.2800E+12    5.55   1.33  -1  -1   -64.53     0  4   0.0  0   0.0  0
       0.1         0.0         0.0         0.1
-128.07396    43.59786     8.046   23.60  83.42  0.2800E+12    5.33   1.33  -1  -1   -65.03    35  4   0.0  0   0.0  0
       0.0         0.1         0.1        25.8
-128.05400    43.63087     8.046   23.60  83.42  0.2800E+12    5.41   1.33  -1  -1   -64.25     0  4   0.0  0   0.0  0
       0.0         0.0         0.1         0.1
-128.03406    43.66388     8.046   23.60  83.42  0.2800E+12    3.04   1.33  -1  -1   -65.14     0  4   0.0  0   0.0  0
       0.0         0.0         0.0         0.0
-128.01410    43.69688     8.046   23.60  83.42  0.2800E+12    5.59   1.33  -1  -1   -62.64     0  4   0.0  0   0.0  0
       0.0         0.0         0.1         0.1
-127.99416    43.72989     8.046   23.60  83.42  0.2800E+12    4.88   1.33  -1  -1   -48.46     0  4   0.0  0   0.0  0
       0.1         0.0         0.0         0.1
-127.97421    43.76290     8.046   23.60  83.42  0.2800E+12    2.68   1.33  -1  -1     6.91    18  4   0.0  0   0.0  0
      13.7         0.0         0.0         0.0
-127.95425    43.79591     8.046   23.60  83.42  0.2800E+12    5.60   1.33  -1  -1   -64.36     0  4   0.0  0   0.0  0
       0.0         0.0         0.0         0.1
-127.93430    43.82891     8.046   23.60  83.42  0.2800E+12    4.70   1.33  -1  -1   -63.83     0  4   0.0  0   0.0  0
       0.0         0.0         0.0         0.0
-127.91435    43.86192     8.046   23.60  83.42  0.2800E+12    5.29   1.33  -1  -1   -64.43     0  4   0.0  0   0.0  0
       0.0         0.0         0.0         0.1
