2.0
#
# http://equake-rc.info/static/paper/SRF-Description-Graves_2.0.pdf
# RECTANGULAR fault MODEL
#
# All subfaults are  10.0 km long along strike and
#   4.5 km wide along dip
#
# Model length along strike is  110.0 km
#
# Model width along dip is   22.5 km
#
# Corners of the rectangular dislocation model (lat, lon):
#     40.487  -125.406 : corner 1
#     40.344  -124.119 : corner 2
#     40.326  -124.123 : corner 3
#     40.470  -125.410 : corner 4
#
#
# Number of elementary sliprate
# isoceles triangular functions
# per subfault:   4
#
# Half duration of elementary sliprate
# isoceles triangular functions (s):   2.65
# Triangles are overlapping each other by half
#
# slip rate unit: cm/s
#
#
# Seismic moment is converted into slip
# using a single constant value for the
# shear modulus mu of  0.250E+12 dyne/cm2
# assumed to be constant and characteristic
# of the fault shear zone
#
#
#
# "rake" (degrees) is the slip angle (Aki"s convention,
# e.g. rake=+45 means left-lateral-reverse movement.
#
#
# ************************************************
# Total seismic moment M0=  0.319E+27 dyne.cm
# ************************************************
#
#
PLANE 1
-124.76250    40.41550   11    5   110.000    22.500
 98.30  85.05     0.308     0.000    15.751
POINTS   55
-124.76520    40.40320    16.000   98.30  85.05  0.4500E+12    0.00   2.65  -1  -1   175.73   221  4   0.0  0   0.0  0
      60.9        22.1         0.3         0.2
-125.23383    40.45174    20.483   98.30  85.05  0.4500E+12   11.50   2.65  -1  -1   126.97     0  4   0.0  0   0.0  0
       0.0         0.0         0.0         0.0
-125.11684    40.43874    20.483   98.30  85.05  0.4500E+12    8.67   2.65  -1  -1   126.97     0  4   0.0  0   0.0  0
       0.0         0.0         0.0         0.0
-124.99985    40.42574    20.483   98.30  85.05  0.4500E+12    5.86   2.65  -1  -1   126.97     0  4   0.0  0   0.0  0
       0.0         0.0         0.0         0.0
-124.88286    40.41274    20.483   98.30  85.05  0.4500E+12   10.01   2.65  -1  -1   142.74    33  4   0.0  0   0.0  0
       0.1         0.1         0.1        11.9
-124.76586    40.39974    20.483   98.30  85.05  0.4500E+12    1.40   2.65  -1  -1  -177.73   184  4   0.0  0   0.0  0
      68.7         0.3         0.2         0.1
-124.64886    40.38674    20.483   98.30  85.05  0.4500E+12    3.76   2.65  -1  -1   168.62   145  4   0.0  0   0.0  0
      54.0         0.2         0.4         0.2
-124.53188    40.37374    20.483   98.30  85.05  0.4500E+12   11.57   2.65  -1  -1   129.67    87  4   0.0  0   0.0  0
      17.8         6.6         4.6         3.8
-124.41488    40.36074    20.483   98.30  85.05  0.4500E+12   11.64   2.65  -1  -1   127.49    71  4   0.0  0   0.0  0
       0.2         1.8         9.0        15.7
-124.29788    40.34774    20.483   98.30  85.05  0.4500E+12   12.56   2.65  -1  -1   148.14     2  4   0.0  0   0.0  0
       0.2         0.3         0.1         0.2
-124.18089    40.33473    20.483   98.30  85.05  0.4500E+12   14.34   2.65  -1  -1   126.97     0  4   0.0  0   0.0  0
       0.0         0.0         0.0         0.0
-125.35017    40.46820    16.000   98.30  85.05  0.4500E+12   14.29   2.65  -1  -1   126.97     0  4   0.0  0   0.0  0
       0.0         0.0         0.0         0.0
-125.23318    40.45520    16.000   98.30  85.05  0.4500E+12   11.43   2.65  -1  -1   126.97     0  4   0.0  0   0.0  0
       0.0         0.0         0.0         0.0
-125.11618    40.44220    16.000   98.30  85.05  0.4500E+12    8.57   2.65  -1  -1   126.97     0  4   0.0  0   0.0  0
       0.0         0.0         0.0         0.0
-124.99918    40.42920    16.000   98.30  85.05  0.4500E+12    5.71   2.65  -1  -1   126.97     0  4   0.0  0   0.0  0
       0.0         0.0         0.0         0.0
-124.88219    40.41620    16.000   98.30  85.05  0.4500E+12    7.01   2.65  -1  -1   149.95    72  4   0.0  0   0.0  0
      10.3         0.1         0.1        16.6
-125.35083    40.46474    20.483   98.30  85.05  0.4500E+12   14.34   2.65  -1  -1   126.97     0  4   0.0  0   0.0  0
       0.0         0.0         0.0         0.0
-124.64820    40.39020    16.000   98.30  85.05  0.4500E+12    3.02   2.65  -1  -1   148.64   170  4   0.0  0   0.0  0
      63.6         0.2         0.2         0.2
-124.53121    40.37720    16.000   98.30  85.05  0.4500E+12   13.04   2.65  -1  -1   129.21    79  4   0.0  0   0.0  0
      14.9         0.1         5.7         9.2
-124.41422    40.36420    16.000   98.30  85.05  0.4500E+12   15.18   2.65  -1  -1   162.79    91  4   0.0  0   0.0  0
       7.1         2.4         2.3        22.6
-124.29722    40.35120    16.000   98.30  85.05  0.4500E+12   14.17   2.65  -1  -1   173.08     9  4   0.0  0   0.0  0
       2.8         0.2         0.2         0.2
-124.18023    40.33820    16.000   98.30  85.05  0.4500E+12   14.29   2.65  -1  -1   126.97     0  4   0.0  0   0.0  0
       0.0         0.0         0.0         0.0
-125.34950    40.47166    11.517   98.30  85.05  0.4500E+12   14.34   2.65  -1  -1   126.97     0  4   0.0  0   0.0  0
       0.0         0.0         0.0         0.0
-125.23251    40.45866    11.517   98.30  85.05  0.4500E+12   11.50   2.65  -1  -1   126.97     0  4   0.0  0   0.0  0
       0.0         0.0         0.0         0.0
-125.11552    40.44566    11.517   98.30  85.05  0.4500E+12    8.67   2.65  -1  -1   126.97     0  4   0.0  0   0.0  0
       0.0         0.0         0.0         0.0
-124.99852    40.43266    11.517   98.30  85.05  0.4500E+12    5.86   2.65  -1  -1   126.97     0  4   0.0  0   0.0  0
       0.0         0.0         0.0         0.0
-124.88153    40.41966    11.517   98.30  85.05  0.4500E+12   10.90   2.65  -1  -1   144.26    79  4   0.0  0   0.0  0
       9.1         4.3         8.2         8.0
-124.76453    40.40666    11.517   98.30  85.05  0.4500E+12    1.78   2.65  -1  -1  -177.18   186  4   0.0  0   0.0  0
      67.0         2.8         0.2         0.2
-124.64754    40.39366    11.517   98.30  85.05  0.4500E+12    5.60   2.65  -1  -1  -166.36   100  4   0.0  0   0.0  0
      23.1        12.5         2.0         0.2
-124.53055    40.38066    11.517   98.30  85.05  0.4500E+12   11.21   2.65  -1  -1   127.00    69  4   0.0  0   0.0  0
      11.5         5.9         8.1         0.4
-124.41355    40.36766    11.517   98.30  85.05  0.4500E+12    9.45   2.65  -1  -1  -161.27    94  4   0.0  0   0.0  0
      27.5         0.3         0.1         7.7
-124.29656    40.35466    11.517   98.30  85.05  0.4500E+12   15.34   2.65  -1  -1   127.84    68  4   0.0  0   0.0  0
       4.4         0.1         0.1        21.1
-124.17957    40.34166    11.517   98.30  85.05  0.4500E+12   14.34   2.65  -1  -1   126.97     0  4   0.0  0   0.0  0
       0.0         0.0         0.0         0.0
-125.34884    40.47512     7.034   98.30  85.05  0.4500E+12   14.52   2.65  -1  -1   126.97     0  4   0.0  0   0.0  0
       0.0         0.0         0.0         0.0
-125.23185    40.46212     7.034   98.30  85.05  0.4500E+12   11.71   2.65  -1  -1   126.97     0  4   0.0  0   0.0  0
       0.0         0.0         0.0         0.0
-125.11485    40.44912     7.034   98.30  85.05  0.4500E+12    8.95   2.65  -1  -1   126.97     0  4   0.0  0   0.0  0
       0.0         0.0         0.0         0.0
-124.99786    40.43612     7.034   98.30  85.05  0.4500E+12    6.27   2.65  -1  -1   126.97     0  4   0.0  0   0.0  0
       0.0         0.0         0.0         0.0
-124.88087    40.42312     7.034   98.30  85.05  0.4500E+12   12.15   2.65  -1  -1   172.51    77  4   0.0  0   0.0  0
       6.2         0.5        10.3        12.1
-124.76387    40.41012     7.034   98.30  85.05  0.4500E+12    4.67   2.65  -1  -1   179.97   125  4   0.0  0   0.0  0
      33.5        13.3         0.4         0.1
-124.64688    40.39712     7.034   98.30  85.05  0.4500E+12    7.46   2.65  -1  -1  -167.33    74  4   0.0  0   0.0  0
      20.5         7.3         0.2         0.1
-124.52988    40.38412     7.034   98.30  85.05  0.4500E+12    6.30   2.65  -1  -1   135.19    67  4   0.0  0   0.0  0
      11.0         4.2        10.0         0.2
-124.41289    40.37112     7.034   98.30  85.05  0.4500E+12   10.57   2.65  -1  -1  -160.95    43  4   0.0  0   0.0  0
      16.0         0.1         0.1         0.2
-124.29590    40.35812     7.034   98.30  85.05  0.4500E+12   12.15   2.65  -1  -1   127.06   101  4   0.0  0   0.0  0
      28.2         9.8         0.1         0.1
-124.17890    40.34512     7.034   98.30  85.05  0.4500E+12   14.52   2.65  -1  -1   126.97     0  4   0.0  0   0.0  0
       0.0         0.0         0.0         0.0
-125.34818    40.47858     2.550   98.30  85.05  0.4500E+12   14.80   2.65  -1  -1   126.97     0  4   0.0  0   0.0  0
       0.0         0.0         0.0         0.0
-125.23119    40.46558     2.550   98.30  85.05  0.4500E+12   12.06   2.65  -1  -1   126.97     0  4   0.0  0   0.0  0
       0.0         0.0         0.0         0.0
-125.11419    40.45258     2.550   98.30  85.05  0.4500E+12    9.40   2.65  -1  -1   126.97     0  4   0.0  0   0.0  0
       0.0         0.0         0.0         0.0
-124.99720    40.43958     2.550   98.30  85.05  0.4500E+12    6.89   2.65  -1  -1   126.97     0  4   0.0  0   0.0  0
       0.0         0.0         0.0         0.0
-124.88020    40.42658     2.550   98.30  85.05  0.4500E+12   13.03   2.65  -1  -1  -171.43   183  4   0.0  0   0.0  0
       0.1         2.5        30.2        36.2
-124.76321    40.41358     2.550   98.30  85.05  0.4500E+12    4.33   2.65  -1  -1   179.81   160  4   0.0  0   0.0  0
      54.1         6.1         0.2         0.1
-124.64622    40.40058     2.550   98.30  85.05  0.4500E+12    7.57   2.65  -1  -1   179.04    92  4   0.0  0   0.0  0
      14.5        18.9         1.2         0.1
-124.52922    40.38758     2.550   98.30  85.05  0.4500E+12    7.48   2.65  -1  -1  -175.72   119  4   0.0  0   0.0  0
      14.6        29.6         0.5         0.1
-124.41222    40.37458     2.550   98.30  85.05  0.4500E+12    9.45   2.65  -1  -1   179.14    19  4   0.0  0   0.0  0
       6.7         0.2         0.2         0.1
-124.29523    40.36158     2.550   98.30  85.05  0.4500E+12   12.11   2.65  -1  -1   146.32    15  4   0.0  0   0.0  0
       5.4         0.1         0.1         0.1
-124.17824    40.34858     2.550   98.30  85.05  0.4500E+12   14.80   2.65  -1  -1   126.97     0  4   0.0  0   0.0  0
       0.0         0.0         0.0         0.0
