2.0
#
# http://equake-rc.info/static/paper/SRF-Description-Graves_2.0.pdf
# RECTANGULAR fault MODEL
#
# All subfaults are  14.0 km long along strike and
#  14.3 km wide along dip
#
# Model length along strike is  182.0 km
#
# Model width along dip is   71.5 km
#
# Corners of the rectangular dislocation model (lat, lon):
#     53.924  -160.318 : corner 1
#     55.483  -161.195 : corner 2
#     55.608  -160.527 : corner 3
#     54.049  -159.650 : corner 4
#
#
# Number of elementary sliprate
# isoceles triangular functions
# per subfault:   4
#
# Half duration of elementary sliprate
# isoceles triangular functions (s):   3.60
# Triangles are overlapping each other by half
#
# slip rate unit: cm/s
#
#
# Seismic moment is converted into slip
# using a single constant value for the
# shear modulus mu of  0.250E+12 dyne/cm2
# assumed to be constant and characteristic
# of the fault shear zone
#
#
#
# "rake" (degrees) is the slip angle (Aki"s convention,
# e.g. rake=+45 means left-lateral-reverse movement.
#
#
# ************************************************
# Total seismic moment M0=  0.744E+27 dyne.cm
# ************************************************
#
#
PLANE 1
-160.75650    54.70350   13    5   182.000    71.500
342.00  51.00     0.130     0.000    21.452
POINTS   65
-160.55600    54.74100    16.800  342.00  51.00  0.2002E+13    0.00   3.60  -1  -1   152.53   105  4   0.0  0   0.0  0
      28.8         0.1         0.1         0.2
-159.81773    54.21641    50.140  342.00  51.00  0.2002E+13   22.69   3.60  -1  -1   111.00     0  4   0.0  0   0.0  0
       0.0         0.0         0.0         0.0
-159.88525    54.33636    50.140  342.00  51.00  0.2002E+13   22.65   3.60  -1  -1   111.03    48  4   0.0  0   0.0  0
       0.1         0.1         0.2        12.8
-159.95276    54.45631    50.140  342.00  51.00  0.2002E+13   20.25   3.60  -1  -1   111.04    10  4   0.0  0   0.0  0
       0.1         0.1         0.2         2.3
-160.02028    54.57626    50.140  342.00  51.00  0.2002E+13   22.65   3.60  -1  -1   111.07    50  4   0.0  0   0.0  0
       0.2         0.1         3.1        10.5
-160.08778    54.69621    50.140  342.00  51.00  0.2002E+13   19.35   3.60  -1  -1   111.06    46  4   0.0  0   0.0  0
       0.1         2.5         6.3         3.8
-160.15530    54.81616    50.140  342.00  51.00  0.2002E+13   22.63   3.60  -1  -1   111.10    14  4   0.0  0   0.0  0
       0.7         1.1         0.8         1.1
-160.22281    54.93611    50.140  342.00  51.00  0.2002E+13   16.87   3.60  -1  -1   128.30     2  4   0.0  0   0.0  0
       0.1         0.1         0.1         0.2
-160.29033    55.05606    50.140  342.00  51.00  0.2002E+13   18.90   3.60  -1  -1   111.44     7  4   0.0  0   0.0  0
       0.1         1.5         0.1         0.1
-160.35785    55.17601    50.140  342.00  51.00  0.2002E+13   19.17   3.60  -1  -1   150.66     2  4   0.0  0   0.0  0
       0.2         0.1         0.1         0.1
-160.42535    55.29596    50.140  342.00  51.00  0.2002E+13   21.61   3.60  -1  -1  -160.86     4  4   0.0  0   0.0  0
       0.1         0.1         0.7         0.1
-160.49287    55.41590    50.140  342.00  51.00  0.2002E+13   22.69   3.60  -1  -1  -178.39    11  4   0.0  0   0.0  0
       0.1         0.1         0.9         2.0
-160.56038    55.53585    50.140  342.00  51.00  0.2002E+13   22.69   3.60  -1  -1   111.00     0  4   0.0  0   0.0  0
       0.0         0.0         0.0         0.0
-159.88379    54.07141    39.026  342.00  51.00  0.2002E+13   22.69   3.60  -1  -1   111.00     0  4   0.0  0   0.0  0
       0.0         0.0         0.0         0.0
-159.95129    54.19136    39.026  342.00  51.00  0.2002E+13   21.60   3.60  -1  -1   111.00     0  4   0.0  0   0.0  0
       0.0         0.0         0.0         0.0
-160.01881    54.31131    39.026  342.00  51.00  0.2002E+13   22.52   3.60  -1  -1   111.92     2  4   0.0  0   0.0  0
       0.1         0.1         0.1         0.2
-160.08633    54.43126    39.026  342.00  51.00  0.2002E+13   15.34   3.60  -1  -1   111.06    59  4   0.0  0   0.0  0
      16.0         0.2         0.1         0.1
-160.15384    54.55121    39.026  342.00  51.00  0.2002E+13   11.66   3.60  -1  -1   146.68   127  4   0.0  0   0.0  0
      33.4         1.4         0.2         0.2
-160.22136    54.67116    39.026  342.00  51.00  0.2002E+13    9.68   3.60  -1  -1   146.21   126  4   0.0  0   0.0  0
      32.2         0.1         2.5         0.2
-160.28886    54.79111    39.026  342.00  51.00  0.2002E+13    8.60   3.60  -1  -1   134.36    29  4   0.0  0   0.0  0
       7.3         0.2         0.5         0.1
-160.35638    54.91106    39.026  342.00  51.00  0.2002E+13   16.87   3.60  -1  -1   112.95     4  4   0.0  0   0.0  0
       0.1         0.6         0.2         0.1
-160.42389    55.03101    39.026  342.00  51.00  0.2002E+13   17.24   3.60  -1  -1   111.05    26  4   0.0  0   0.0  0
       2.0         2.5         2.8         0.1
-160.49141    55.15096    39.026  342.00  51.00  0.2002E+13   16.81   3.60  -1  -1   129.64     2  4   0.0  0   0.0  0
       0.1         0.2         0.2         0.1
-160.55893    55.27090    39.026  342.00  51.00  0.2002E+13   21.54   3.60  -1  -1   148.55     2  4   0.0  0   0.0  0
       0.1         0.1         0.1         0.1
-160.62643    55.39085    39.026  342.00  51.00  0.2002E+13   22.66   3.60  -1  -1   116.66    13  4   0.0  0   0.0  0
       0.1         0.1         0.2         3.2
-160.69395    55.51080    39.026  342.00  51.00  0.2002E+13   22.69   3.60  -1  -1   111.00     0  4   0.0  0   0.0  0
       0.0         0.0         0.0         0.0
-160.01735    54.04636    27.913  342.00  51.00  0.2002E+13   22.69   3.60  -1  -1   111.00     0  4   0.0  0   0.0  0
       0.0         0.0         0.0         0.0
-160.08487    54.16631    27.913  342.00  51.00  0.2002E+13   20.41   3.60  -1  -1   111.00     0  4   0.0  0   0.0  0
       0.0         0.0         0.0         0.0
-160.15237    54.28625    27.913  342.00  51.00  0.2002E+13   17.10   3.60  -1  -1   113.97     5  4   0.0  0   0.0  0
       1.1         0.1         0.1         0.1
-160.21989    54.40620    27.913  342.00  51.00  0.2002E+13   12.77   3.60  -1  -1   114.29    53  4   0.0  0   0.0  0
      12.5         1.7         0.4         0.1
-160.28740    54.52615    27.913  342.00  51.00  0.2002E+13   10.77   3.60  -1  -1   126.92   108  4   0.0  0   0.0  0
      22.8         4.3         2.6         0.1
-160.35492    54.64610    27.913  342.00  51.00  0.2002E+13    6.82   3.60  -1  -1   129.45   102  4   0.0  0   0.0  0
      24.6         0.1         3.2         0.6
-160.42244    54.76605    27.913  342.00  51.00  0.2002E+13    5.00   3.60  -1  -1   160.23    58  4   0.0  0   0.0  0
       7.0         7.4         0.1         1.7
-160.48994    54.88600    27.913  342.00  51.00  0.2002E+13   14.01   3.60  -1  -1   149.07    38  4   0.0  0   0.0  0
       7.8         0.6         2.1         0.1
-160.55746    55.00595    27.913  342.00  51.00  0.2002E+13   20.07   3.60  -1  -1   168.60     8  4   0.0  0   0.0  0
       0.2         1.1         0.8         0.1
-160.62497    55.12590    27.913  342.00  51.00  0.2002E+13   13.22   3.60  -1  -1   170.18     8  4   0.0  0   0.0  0
       0.7         0.9         0.7         0.1
-160.69249    55.24585    27.913  342.00  51.00  0.2002E+13   17.73   3.60  -1  -1  -161.16    10  4   0.0  0   0.0  0
       2.2         0.3         0.1         0.1
-160.76001    55.36580    27.913  342.00  51.00  0.2002E+13   21.88   3.60  -1  -1  -165.83    13  4   0.0  0   0.0  0
       1.7         0.1         0.1         1.7
-160.82751    55.48575    27.913  342.00  51.00  0.2002E+13   22.69   3.60  -1  -1   111.00     0  4   0.0  0   0.0  0
       0.0         0.0         0.0         0.0
-160.15092    54.02131    16.800  342.00  51.00  0.2002E+13   22.69   3.60  -1  -1   111.00     0  4   0.0  0   0.0  0
       0.0         0.0         0.0         0.0
-160.21843    54.14125    16.800  342.00  51.00  0.2002E+13   20.00   3.60  -1  -1   111.00     0  4   0.0  0   0.0  0
       0.0         0.0         0.0         0.0
-160.28595    54.26120    16.800  342.00  51.00  0.2002E+13   17.96   3.60  -1  -1   129.18     8  4   0.0  0   0.0  0
       1.7         0.4         0.1         0.1
-160.35345    54.38115    16.800  342.00  51.00  0.2002E+13   14.28   3.60  -1  -1   132.26     5  4   0.0  0   0.0  0
       0.1         0.5         0.7         0.2
-160.42097    54.50110    16.800  342.00  51.00  0.2002E+13    8.00   3.60  -1  -1   111.49    26  4   0.0  0   0.0  0
       6.4         0.1         0.3         0.3
-160.48848    54.62105    16.800  342.00  51.00  0.2002E+13    5.73   3.60  -1  -1   111.72    30  4   0.0  0   0.0  0
       4.7         1.6         0.9         1.1
-159.75021    54.09646    50.140  342.00  51.00  0.2002E+13   22.69   3.60  -1  -1   111.00     0  4   0.0  0   0.0  0
       0.0         0.0         0.0         0.0
-160.62352    54.86095    16.800  342.00  51.00  0.2002E+13    4.00   3.60  -1  -1   164.31    28  4   0.0  0   0.0  0
       2.6         1.1         3.9         0.3
-160.69102    54.98090    16.800  342.00  51.00  0.2002E+13   22.61   3.60  -1  -1   134.42    21  4   0.0  0   0.0  0
       1.1         1.7         0.1         2.7
-160.75854    55.10085    16.800  342.00  51.00  0.2002E+13   12.02   3.60  -1  -1   174.74    17  4   0.0  0   0.0  0
       2.7         1.9         0.1         0.1
-160.82605    55.22080    16.800  342.00  51.00  0.2002E+13   17.23   3.60  -1  -1  -169.92    10  4   0.0  0   0.0  0
       1.3         1.0         0.4         0.2
-160.89357    55.34075    16.800  342.00  51.00  0.2002E+13   20.74   3.60  -1  -1  -161.49    19  4   0.0  0   0.0  0
       3.4         1.1         0.1         0.7
-160.96107    55.46070    16.800  342.00  51.00  0.2002E+13   22.69   3.60  -1  -1   111.00     0  4   0.0  0   0.0  0
       0.0         0.0         0.0         0.0
-160.28448    53.99625     5.687  342.00  51.00  0.2002E+13   22.69   3.60  -1  -1   111.00     0  4   0.0  0   0.0  0
       0.0         0.0         0.0         0.0
-160.35199    54.11620     5.687  342.00  51.00  0.2002E+13   20.41   3.60  -1  -1   111.00     0  4   0.0  0   0.0  0
       0.0         0.0         0.0         0.0
-160.41951    54.23615     5.687  342.00  51.00  0.2002E+13   18.93   3.60  -1  -1   160.18    27  4   0.0  0   0.0  0
       4.1         3.0         0.3         0.1
-160.48703    54.35610     5.687  342.00  51.00  0.2002E+13   19.01   3.60  -1  -1   149.75    24  4   0.0  0   0.0  0
       1.0         3.2         1.0         1.4
-160.55453    54.47605     5.687  342.00  51.00  0.2002E+13   19.53   3.60  -1  -1   148.93    15  4   0.0  0   0.0  0
       0.9         1.8         0.3         1.2
-160.62206    54.59600     5.687  342.00  51.00  0.2002E+13    5.99   3.60  -1  -1   135.45    25  4   0.0  0   0.0  0
       3.1         2.4         0.1         1.4
-160.68956    54.71595     5.687  342.00  51.00  0.2002E+13    9.88   3.60  -1  -1  -176.22    18  4   0.0  0   0.0  0
       2.4         1.8         0.5         0.3
-160.75708    54.83590     5.687  342.00  51.00  0.2002E+13    9.04   3.60  -1  -1   168.61    26  4   0.0  0   0.0  0
       2.9         2.2         0.8         1.3
-160.82460    54.95585     5.687  342.00  51.00  0.2002E+13   10.18   3.60  -1  -1   149.29    35  4   0.0  0   0.0  0
       2.0         4.3         2.3         1.3
-160.89211    55.07580     5.687  342.00  51.00  0.2002E+13   15.78   3.60  -1  -1   163.21    23  4   0.0  0   0.0  0
       5.0         0.7         0.2         0.4
-160.95963    55.19575     5.687  342.00  51.00  0.2002E+13   22.54   3.60  -1  -1  -161.98    10  4   0.0  0   0.0  0
       0.3         0.2         0.2         2.2
-161.02713    55.31569     5.687  342.00  51.00  0.2002E+13   21.05   3.60  -1  -1  -159.24    25  4   0.0  0   0.0  0
       1.6         2.7         2.3         0.3
-161.09465    55.43564     5.687  342.00  51.00  0.2002E+13   22.69   3.60  -1  -1   111.00     0  4   0.0  0   0.0  0
       0.0         0.0         0.0         0.0
