2.0
#
# http://equake-rc.info/static/paper/SRF-Description-Graves_2.0.pdf
# RECTANGULAR fault MODEL
#
# All subfaults are   5.0 km long along strike and
#   9.0 km wide along dip
#
# Model length along strike is   45.0 km
#
# Model width along dip is   45.0 km
#
# Corners of the rectangular dislocation model (lat, lon):
#     54.514  -159.998 : corner 1
#     54.906  -160.180 : corner 2
#     54.960  -159.831 : corner 3
#     54.568  -159.649 : corner 4
#
#
# Number of elementary sliprate
# isoceles triangular functions
# per subfault:   4
#
# Half duration of elementary sliprate
# isoceles triangular functions (s):   1.55
# Triangles are overlapping each other by half
#
# slip rate unit: cm/s
#
#
# Seismic moment is converted into slip
# using a single constant value for the
# shear modulus mu of  0.250E+12 dyne/cm2
# assumed to be constant and characteristic
# of the fault shear zone
#
#
#
# "rake" (degrees) is the slip angle (Aki"s convention,
# e.g. rake=+45 means left-lateral-reverse movement.
#
#
# ************************************************
# Total seismic moment M0=  0.978E+25 dyne.cm
# ************************************************
#
#
PLANE 1
-160.08899    54.71000    9    5    45.000    45.000
345.00  59.00    23.428     0.000    13.500
POINTS   45
-159.98421    54.72630    35.000  345.00  59.00  0.4500E+12    0.00   1.55  -1  -1  -170.63    21  4   0.0  0   0.0  0
      13.3         0.1         0.1         0.1
-159.71410    54.62820    58.144  345.00  59.00  0.4500E+12    7.19   1.55  -1  -1   108.00     0  4   0.0  0   0.0  0
       0.0         0.0         0.0         0.0
-159.73428    54.67171    58.144  345.00  59.00  0.4500E+12    7.19   1.55  -1  -1   108.22     0  4   0.0  0   0.0  0
       0.1         0.1         0.1         0.1
-159.75447    54.71521    58.144  345.00  59.00  0.4500E+12    7.19   1.55  -1  -1   109.29     0  4   0.0  0   0.0  0
       0.1         0.1         0.0         0.1
-159.77466    54.75872    58.144  345.00  59.00  0.4500E+12    7.19   1.55  -1  -1   109.67     0  4   0.0  0   0.0  0
       0.1         0.1         0.1         0.0
-159.79486    54.80223    58.144  345.00  59.00  0.4500E+12    7.19   1.55  -1  -1   140.93     0  4   0.0  0   0.0  0
       0.1         0.1         0.1         0.0
-159.81505    54.84574    58.144  345.00  59.00  0.4500E+12    7.19   1.55  -1  -1   148.24     4  4   0.0  0   0.0  0
       2.4         0.1         0.1         0.1
-159.83524    54.88925    58.144  345.00  59.00  0.4500E+12    7.19   1.55  -1  -1   108.00     0  4   0.0  0   0.0  0
       0.0         0.0         0.0         0.0
-159.85542    54.93276    58.144  345.00  59.00  0.4500E+12    7.19   1.55  -1  -1   116.48     6  4   0.0  0   0.0  0
       1.0         0.5         2.2         0.5
-159.76376    54.57388    50.429  345.00  59.00  0.4500E+12    7.19   1.55  -1  -1   108.00     0  4   0.0  0   0.0  0
       0.0         0.0         0.0         0.0
-159.78395    54.61739    50.429  345.00  59.00  0.4500E+12    6.69   1.55  -1  -1   108.00     0  4   0.0  0   0.0  0
       0.0         0.0         0.0         0.0
-159.80414    54.66090    50.429  345.00  59.00  0.4500E+12    7.10   1.55  -1  -1   108.86     0  4   0.0  0   0.0  0
       0.0         0.1         0.1         0.0
-159.82433    54.70441    50.429  345.00  59.00  0.4500E+12    7.11   1.55  -1  -1   109.54     0  4   0.0  0   0.0  0
       0.1         0.1         0.0         0.1
-159.84451    54.74791    50.429  345.00  59.00  0.4500E+12    7.11   1.55  -1  -1   117.89     0  4   0.0  0   0.0  0
       0.1         0.1         0.1         0.1
-159.86470    54.79142    50.429  345.00  59.00  0.4500E+12    5.44   1.55  -1  -1   166.69     5  4   0.0  0   0.0  0
       3.0         0.1         0.1         0.1
-159.88489    54.83493    50.429  345.00  59.00  0.4500E+12    6.13   1.55  -1  -1   122.11     4  4   0.0  0   0.0  0
       2.6         0.1         0.1         0.0
-159.90508    54.87844    50.429  345.00  59.00  0.4500E+12    6.69   1.55  -1  -1   108.00     0  4   0.0  0   0.0  0
       0.0         0.0         0.0         0.0
-159.92526    54.92195    50.429  345.00  59.00  0.4500E+12    7.19   1.55  -1  -1   156.19     1  4   0.0  0   0.0  0
       0.5         0.1         0.1         0.0
-159.83360    54.56307    42.715  345.00  59.00  0.4500E+12    6.27   1.55  -1  -1   108.00     0  4   0.0  0   0.0  0
       0.0         0.0         0.0         0.0
-159.85379    54.60658    42.715  345.00  59.00  0.4500E+12    5.00   1.55  -1  -1   108.00     0  4   0.0  0   0.0  0
       0.0         0.0         0.0         0.0
-159.87398    54.65009    42.715  345.00  59.00  0.4500E+12    6.82   1.55  -1  -1   126.38     2  4   0.0  0   0.0  0
       0.8         0.1         0.1         0.1
-159.89417    54.69360    42.715  345.00  59.00  0.4500E+12    3.73   1.55  -1  -1   144.55     4  4   0.0  0   0.0  0
       2.4         0.1         0.1         0.1
-159.91435    54.73711    42.715  345.00  59.00  0.4500E+12    2.72   1.55  -1  -1  -162.44     2  4   0.0  0   0.0  0
       0.4         0.7         0.1         0.1
-159.93456    54.78062    42.715  345.00  59.00  0.4500E+12    3.88   1.55  -1  -1   178.13     2  4   0.0  0   0.0  0
       0.5         0.4         0.1         0.1
-159.95474    54.82412    42.715  345.00  59.00  0.4500E+12    4.98   1.55  -1  -1   168.34     1  4   0.0  0   0.0  0
       0.4         0.2         0.1         0.1
-159.97493    54.86763    42.715  345.00  59.00  0.4500E+12    5.00   1.55  -1  -1   108.00     0  4   0.0  0   0.0  0
       0.0         0.0         0.0         0.0
-159.99512    54.91114    42.715  345.00  59.00  0.4500E+12    7.13   1.55  -1  -1   127.22     1  4   0.0  0   0.0  0
       0.2         0.0         0.1         0.1
-159.90346    54.55227    35.000  345.00  59.00  0.4500E+12    5.71   1.55  -1  -1   108.00     0  4   0.0  0   0.0  0
       0.0         0.0         0.0         0.0
-159.92365    54.59577    35.000  345.00  59.00  0.4500E+12    4.29   1.55  -1  -1   108.00     0  4   0.0  0   0.0  0
       0.0         0.0         0.0         0.0
-159.94383    54.63928    35.000  345.00  59.00  0.4500E+12    7.10   1.55  -1  -1   130.88     1  4   0.0  0   0.0  0
       0.1         0.1         0.1         0.3
-159.96402    54.68279    35.000  345.00  59.00  0.4500E+12    2.51   1.55  -1  -1  -162.18     6  4   0.0  0   0.0  0
       3.4         0.4         0.0         0.1
-159.69391    54.58469    58.144  345.00  59.00  0.4500E+12    7.19   1.55  -1  -1   108.00     0  4   0.0  0   0.0  0
       0.0         0.0         0.0         0.0
-160.00439    54.76981    35.000  345.00  59.00  0.4500E+12    1.43   1.55  -1  -1   146.96     5  4   0.0  0   0.0  0
       2.8         0.1         0.1         0.1
-160.02458    54.81332    35.000  345.00  59.00  0.4500E+12    3.10   1.55  -1  -1   110.03    11  4   0.0  0   0.0  0
       7.1         0.1         0.1         0.0
-160.04477    54.85683    35.000  345.00  59.00  0.4500E+12    4.29   1.55  -1  -1   108.00     0  4   0.0  0   0.0  0
       0.0         0.0         0.0         0.0
-160.06496    54.90033    35.000  345.00  59.00  0.4500E+12    5.93   1.55  -1  -1  -179.71     0  4   0.0  0   0.0  0
       0.1         0.1         0.1         0.1
-159.97330    54.54146    27.285  345.00  59.00  0.4500E+12    6.27   1.55  -1  -1   108.00     0  4   0.0  0   0.0  0
       0.0         0.0         0.0         0.0
-159.99348    54.58496    27.285  345.00  59.00  0.4500E+12    5.00   1.55  -1  -1   108.00     0  4   0.0  0   0.0  0
       0.0         0.0         0.0         0.0
-160.01367    54.62848    27.285  345.00  59.00  0.4500E+12    6.96   1.55  -1  -1   108.19     2  4   0.0  0   0.0  0
       0.1         0.1         0.2         0.9
-160.03386    54.67198    27.285  345.00  59.00  0.4500E+12    6.92   1.55  -1  -1   140.45     3  4   0.0  0   0.0  0
       0.1         0.1         0.3         1.5
-160.05406    54.71549    27.285  345.00  59.00  0.4500E+12    6.81   1.55  -1  -1   144.48     2  4   0.0  0   0.0  0
       0.1         0.1         0.1         0.8
-160.07425    54.75900    27.285  345.00  59.00  0.4500E+12    6.47   1.55  -1  -1   179.11     1  4   0.0  0   0.0  0
       0.1         0.1         0.0         0.2
-160.09444    54.80251    27.285  345.00  59.00  0.4500E+12    5.22   1.55  -1  -1  -162.83     0  4   0.0  0   0.0  0
       0.1         0.0         0.1         0.1
-160.11462    54.84602    27.285  345.00  59.00  0.4500E+12    5.00   1.55  -1  -1   108.00     0  4   0.0  0   0.0  0
       0.0         0.0         0.0         0.0
-160.13481    54.88953    27.285  345.00  59.00  0.4500E+12    6.42   1.55  -1  -1  -163.80     0  4   0.0  0   0.0  0
       0.0         0.1         0.1         0.1
