2.0
#
# http://equake-rc.info/static/paper/SRF-Description-Graves_2.0.pdf
# RECTANGULAR fault MODEL
#
# All subfaults are   6.0 km long along strike and
#  11.0 km wide along dip
#
# Model length along strike is   54.0 km
#
# Model width along dip is   55.0 km
#
# Corners of the rectangular dislocation model (lat, lon):
#    -26.867   -70.312 : corner 1
#    -26.637   -70.789 : corner 2
#    -26.402   -70.647 : corner 3
#    -26.633   -70.170 : corner 4
#
#
# Number of elementary sliprate
# isoceles triangular functions
# per subfault:   4
#
# Half duration of elementary sliprate
# isoceles triangular functions (s):   1.67
# Triangles are overlapping each other by half
#
# slip rate unit: cm/s
#
#
# Seismic moment is converted into slip
# using a single constant value for the
# shear modulus mu of  0.250E+12 dyne/cm2
# assumed to be constant and characteristic
# of the fault shear zone
#
#
#
# "rake" (degrees) is the slip angle (Aki"s convention,
# e.g. rake=+45 means left-lateral-reverse movement.
#
#
# ************************************************
# Total seismic moment M0=  0.296E+26 dyne.cm
# ************************************************
#
#
PLANE 1
 -70.55050   -26.75200    9    5    54.000    55.000
298.41  57.25    71.770     0.000    27.502
POINTS   45
 -70.47930   -26.63490    94.900  298.41  57.25  0.6600E+12    0.00   1.67  -1  -1   -57.68    59  4   0.0  0   0.0  0
      26.9         8.0         0.1         0.1
 -70.26363   -26.61784   113.404  298.41  57.25  0.6600E+12    8.11   1.67  -1  -1  -116.72     0  4   0.0  0   0.0  0
       0.0         0.0         0.0         0.0
 -70.31657   -26.59223   113.404  298.41  57.25  0.6600E+12    7.55   1.67  -1  -1   -27.17     2  4   0.0  0   0.0  0
       0.1         0.2         0.6         0.3
 -70.36953   -26.56663   113.404  298.41  57.25  0.6600E+12    8.10   1.67  -1  -1   -27.12     1  4   0.0  0   0.0  0
       0.1         0.3         0.4         0.1
 -70.42249   -26.54102   113.404  298.41  57.25  0.6600E+12    6.45   1.67  -1  -1   -27.23     1  4   0.0  0   0.0  0
       0.1         0.1         0.2         0.1
 -70.47544   -26.51541   113.404  298.41  57.25  0.6600E+12    7.82   1.67  -1  -1   -28.21     1  4   0.0  0   0.0  0
       0.1         0.1         0.1         0.1
 -70.52839   -26.48981   113.404  298.41  57.25  0.6600E+12    7.50   1.67  -1  -1   -42.84     1  4   0.0  0   0.0  0
       0.1         0.1         0.1         0.1
 -70.58134   -26.46420   113.404  298.41  57.25  0.6600E+12    8.11   1.67  -1  -1   -43.97     1  4   0.0  0   0.0  0
       0.1         0.1         0.1         0.1
 -70.63430   -26.43859   113.404  298.41  57.25  0.6600E+12    8.11   1.67  -1  -1   -96.40     1  4   0.0  0   0.0  0
       0.1         0.1         0.2         0.3
 -70.23908   -26.69039   104.152  298.41  57.25  0.6600E+12    7.54   1.67  -1  -1  -116.72     0  4   0.0  0   0.0  0
       0.0         0.0         0.0         0.0
 -70.29203   -26.66478   104.152  298.41  57.25  0.6600E+12    6.03   1.67  -1  -1  -116.72     0  4   0.0  0   0.0  0
       0.0         0.0         0.0         0.0
 -70.34499   -26.63917   104.152  298.41  57.25  0.6600E+12    7.54   1.67  -1  -1   -27.59     4  4   0.0  0   0.0  0
       0.1         0.1         0.4         2.0
 -70.39794   -26.61357   104.152  298.41  57.25  0.6600E+12    7.78   1.67  -1  -1   -53.04     2  4   0.0  0   0.0  0
       0.1         0.1         0.6         0.2
 -70.45089   -26.58796   104.152  298.41  57.25  0.6600E+12    6.36   1.67  -1  -1   -40.01     1  4   0.0  0   0.0  0
       0.1         0.1         0.2         0.1
 -70.50385   -26.56235   104.152  298.41  57.25  0.6600E+12    6.30   1.67  -1  -1   -27.19     1  4   0.0  0   0.0  0
       0.1         0.1         0.1         0.1
 -70.55680   -26.53675   104.152  298.41  57.25  0.6600E+12    5.40   1.67  -1  -1   -30.36     0  4   0.0  0   0.0  0
       0.1         0.1         0.1         0.1
 -70.60976   -26.51114   104.152  298.41  57.25  0.6600E+12    6.31   1.67  -1  -1   -34.19     0  4   0.0  0   0.0  0
       0.1         0.1         0.1         0.1
 -70.66270   -26.48553   104.152  298.41  57.25  0.6600E+12    7.78   1.67  -1  -1   -98.16     9  4   0.0  0   0.0  0
       0.1         0.1         0.1         5.1
 -70.26749   -26.73733    94.900  298.41  57.25  0.6600E+12    6.86   1.67  -1  -1  -116.72     0  4   0.0  0   0.0  0
       0.0         0.0         0.0         0.0
 -70.32044   -26.71172    94.900  298.41  57.25  0.6600E+12    5.14   1.67  -1  -1  -116.72     0  4   0.0  0   0.0  0
       0.0         0.0         0.0         0.0
 -70.37340   -26.68611    94.900  298.41  57.25  0.6600E+12    7.71   1.67  -1  -1   -28.83     2  4   0.0  0   0.0  0
       0.1         0.1         0.1         0.7
 -70.42635   -26.66051    94.900  298.41  57.25  0.6600E+12    2.13   1.67  -1  -1   -62.04     1  4   0.0  0   0.0  0
       0.2         0.1         0.1         0.1
 -70.21067   -26.64345   113.404  298.41  57.25  0.6600E+12    8.11   1.67  -1  -1  -116.72     0  4   0.0  0   0.0  0
       0.0         0.0         0.0         0.0
 -70.53226   -26.60929    94.900  298.41  57.25  0.6600E+12    2.15   1.67  -1  -1   -54.90    28  4   0.0  0   0.0  0
      13.9         2.5         0.1         0.1
 -70.58521   -26.58368    94.900  298.41  57.25  0.6600E+12    3.51   1.67  -1  -1   -41.64    18  4   0.0  0   0.0  0
      10.8         0.1         0.1         0.1
 -70.63816   -26.55808    94.900  298.41  57.25  0.6600E+12    5.37   1.67  -1  -1   -38.05     3  4   0.0  0   0.0  0
       1.5         0.1         0.1         0.1
 -70.69112   -26.53247    94.900  298.41  57.25  0.6600E+12    7.17   1.67  -1  -1   -80.53     7  4   0.0  0   0.0  0
       1.5         0.1         0.0         2.9
 -70.29590   -26.78427    85.648  298.41  57.25  0.6600E+12    7.54   1.67  -1  -1  -116.72     0  4   0.0  0   0.0  0
       0.0         0.0         0.0         0.0
 -70.34885   -26.75866    85.648  298.41  57.25  0.6600E+12    6.03   1.67  -1  -1  -116.72     0  4   0.0  0   0.0  0
       0.0         0.0         0.0         0.0
 -70.40180   -26.73305    85.648  298.41  57.25  0.6600E+12    7.80   1.67  -1  -1   -33.15     1  4   0.0  0   0.0  0
       0.1         0.1         0.1         0.3
 -70.45476   -26.70745    85.648  298.41  57.25  0.6600E+12    7.84   1.67  -1  -1   -48.13     1  4   0.0  0   0.0  0
       0.1         0.1         0.1         0.2
 -70.50771   -26.68184    85.648  298.41  57.25  0.6600E+12    3.94   1.67  -1  -1   -94.46     1  4   0.0  0   0.0  0
       0.2         0.1         0.1         0.1
 -70.56066   -26.65623    85.648  298.41  57.25  0.6600E+12    3.70   1.67  -1  -1   -92.02     1  4   0.0  0   0.0  0
       0.1         0.3         0.1         0.1
 -70.61362   -26.63062    85.648  298.41  57.25  0.6600E+12    4.83   1.67  -1  -1   -93.93     4  4   0.0  0   0.0  0
       0.6         1.7         0.1         0.1
 -70.66657   -26.60502    85.648  298.41  57.25  0.6600E+12    6.51   1.67  -1  -1   -78.84     3  4   0.0  0   0.0  0
       1.6         0.1         0.1         0.1
 -70.71952   -26.57941    85.648  298.41  57.25  0.6600E+12    7.95   1.67  -1  -1   -79.68    10  4   0.0  0   0.0  0
       3.2         0.6         0.1         2.3
 -70.32430   -26.83121    76.396  298.41  57.25  0.6600E+12    8.11   1.67  -1  -1  -116.72     0  4   0.0  0   0.0  0
       0.0         0.0         0.0         0.0
 -70.37726   -26.80560    76.396  298.41  57.25  0.6600E+12    8.11   1.67  -1  -1  -116.72     0  4   0.0  0   0.0  0
       0.0         0.0         0.0         0.0
 -70.43021   -26.77999    76.396  298.41  57.25  0.6600E+12    7.48   1.67  -1  -1   -34.17     1  4   0.0  0   0.0  0
       0.1         0.1         0.1         0.1
 -70.48316   -26.75438    76.396  298.41  57.25  0.6600E+12    7.18   1.67  -1  -1   -35.24     0  4   0.0  0   0.0  0
       0.1         0.1         0.1         0.1
 -70.53612   -26.72878    76.396  298.41  57.25  0.6600E+12    6.96   1.67  -1  -1   -66.82     0  4   0.0  0   0.0  0
       0.1         0.1         0.1         0.1
 -70.58907   -26.70317    76.396  298.41  57.25  0.6600E+12    7.11   1.67  -1  -1   -76.19     1  4   0.0  0   0.0  0
       0.1         0.1         0.1         0.1
 -70.64203   -26.67756    76.396  298.41  57.25  0.6600E+12    7.54   1.67  -1  -1  -111.28     1  4   0.0  0   0.0  0
       0.2         0.1         0.1         0.1
 -70.69498   -26.65196    76.396  298.41  57.25  0.6600E+12    8.11   1.67  -1  -1  -107.62     1  4   0.0  0   0.0  0
       0.2         0.2         0.1         0.1
 -70.74793   -26.62635    76.396  298.41  57.25  0.6600E+12    8.11   1.67  -1  -1   -96.22    14  4   0.0  0   0.0  0
       1.0         3.4         1.7         2.2
