2.0
#
# http://equake-rc.info/static/paper/SRF-Description-Graves_2.0.pdf
# RECTANGULAR fault MODEL
#
# All subfaults are   6.0 km long along strike and
#  11.0 km wide along dip
#
# Model length along strike is   54.0 km
#
# Model width along dip is   55.0 km
#
# Corners of the rectangular dislocation model (lat, lon):
#    -26.372   -70.766 : corner 1
#    -26.347   -70.225 : corner 2
#    -26.740   -70.202 : corner 3
#    -26.766   -70.743 : corner 4
#
#
# Number of elementary sliprate
# isoceles triangular functions
# per subfault:   4
#
# Half duration of elementary sliprate
# isoceles triangular functions (s):   1.67
# Triangles are overlapping each other by half
#
# slip rate unit: cm/s
#
#
# Seismic moment is converted into slip
# using a single constant value for the
# shear modulus mu of  0.250E+12 dyne/cm2
# assumed to be constant and characteristic
# of the fault shear zone
#
#
#
# "rake" (degrees) is the slip angle (Aki"s convention,
# e.g. rake=+45 means left-lateral-reverse movement.
#
#
# ************************************************
# Total seismic moment M0=  0.295E+26 dyne.cm
# ************************************************
#
#
PLANE 1
 -70.49550   -26.35950    9    5    54.000    55.000
 87.00  37.00    71.730     0.000    38.500
POINTS   45
 -70.47930   -26.63490    94.900   87.00  37.00  0.6600E+12    0.00   1.67  -1  -1  -114.94    58  4   0.0  0   0.0  0
      27.6         5.8         1.0         0.1
 -70.65506   -26.72204   101.520   87.00  37.00  0.6600E+12    7.66   1.67  -1  -1   -71.44     2  4   0.0  0   0.0  0
       0.2         0.2         0.6         0.4
 -70.59493   -26.71922   101.520   87.00  37.00  0.6600E+12    7.75   1.67  -1  -1   -72.88     1  4   0.0  0   0.0  0
       0.1         0.1         0.1         0.1
 -70.53481   -26.71640   101.520   87.00  37.00  0.6600E+12    7.77   1.67  -1  -1   -72.53     1  4   0.0  0   0.0  0
       0.5         0.1         0.1         0.1
 -70.47469   -26.71359   101.520   87.00  37.00  0.6600E+12    3.22   1.67  -1  -1   -73.75     1  4   0.0  0   0.0  0
       0.6         0.1         0.1         0.1
 -70.41457   -26.71077   101.520   87.00  37.00  0.6600E+12    7.72   1.67  -1  -1   -72.88     0  4   0.0  0   0.0  0
       0.1         0.1         0.1         0.1
 -70.35444   -26.70795   101.520   87.00  37.00  0.6600E+12    4.65   1.67  -1  -1  -161.00     0  4   0.0  0   0.0  0
       0.0         0.0         0.0         0.0
 -70.29432   -26.70514   101.520   87.00  37.00  0.6600E+12    6.03   1.67  -1  -1  -161.00     0  4   0.0  0   0.0  0
       0.0         0.0         0.0         0.0
 -70.23419   -26.70232   101.520   87.00  37.00  0.6600E+12    8.07   1.67  -1  -1   -88.30     0  4   0.0  0   0.0  0
       0.1         0.1         0.1         0.1
 -70.71980   -26.64617    94.900   87.00  37.00  0.6600E+12    7.78   1.67  -1  -1   -73.94     6  4   0.0  0   0.0  0
       0.7         0.6         0.6         1.9
 -70.65967   -26.64335    94.900   87.00  37.00  0.6600E+12    8.10   1.67  -1  -1   -74.02     2  4   0.0  0   0.0  0
       1.1         0.1         0.1         0.2
 -70.59955   -26.64053    94.900   87.00  37.00  0.6600E+12    3.78   1.67  -1  -1   -95.04     6  4   0.0  0   0.0  0
       3.6         0.1         0.1         0.1
 -70.53942   -26.63772    94.900   87.00  37.00  0.6600E+12    2.26   1.67  -1  -1  -121.15    14  4   0.0  0   0.0  0
       8.0         0.3         0.1         0.1
 -70.71518   -26.72485   101.520   87.00  37.00  0.6600E+12    7.60   1.67  -1  -1   -79.64     6  4   0.0  0   0.0  0
       0.2         1.8         1.4         0.1
 -70.41918   -26.63208    94.900   87.00  37.00  0.6600E+12    2.10   1.67  -1  -1   -76.32     4  4   0.0  0   0.0  0
       2.1         0.1         0.1         0.1
 -70.35905   -26.62927    94.900   87.00  37.00  0.6600E+12    3.43   1.67  -1  -1  -161.00     0  4   0.0  0   0.0  0
       0.0         0.0         0.0         0.0
 -70.29893   -26.62645    94.900   87.00  37.00  0.6600E+12    5.14   1.67  -1  -1  -161.00     0  4   0.0  0   0.0  0
       0.0         0.0         0.0         0.0
 -70.23881   -26.62363    94.900   87.00  37.00  0.6600E+12    7.77   1.67  -1  -1   -89.95     0  4   0.0  0   0.0  0
       0.1         0.1         0.1         0.1
 -70.72441   -26.56748    88.280   87.00  37.00  0.6600E+12    8.03   1.67  -1  -1  -112.73     6  4   0.0  0   0.0  0
       0.1         0.1         0.0         3.3
 -70.66428   -26.56466    88.280   87.00  37.00  0.6600E+12    6.45   1.67  -1  -1   -83.56     2  4   0.0  0   0.0  0
       1.0         0.1         0.1         0.1
 -70.60416   -26.56184    88.280   87.00  37.00  0.6600E+12    5.60   1.67  -1  -1   -96.23     3  4   0.0  0   0.0  0
       1.4         0.1         0.1         0.1
 -70.54404   -26.55903    88.280   87.00  37.00  0.6600E+12    4.62   1.67  -1  -1  -125.11    11  4   0.0  0   0.0  0
       6.4         0.1         0.1         0.1
 -70.48392   -26.55621    88.280   87.00  37.00  0.6600E+12    3.74   1.67  -1  -1  -139.30    13  4   0.0  0   0.0  0
       7.4         0.3         0.1         0.1
 -70.42379   -26.55339    88.280   87.00  37.00  0.6600E+12    4.40   1.67  -1  -1  -157.19     3  4   0.0  0   0.0  0
       1.4         0.1         0.1         0.1
 -70.36367   -26.55058    88.280   87.00  37.00  0.6600E+12    4.65   1.67  -1  -1  -161.00     0  4   0.0  0   0.0  0
       0.0         0.0         0.0         0.0
 -70.30354   -26.54776    88.280   87.00  37.00  0.6600E+12    6.03   1.67  -1  -1  -161.00     0  4   0.0  0   0.0  0
       0.0         0.0         0.0         0.0
 -70.24342   -26.54494    88.280   87.00  37.00  0.6600E+12    7.69   1.67  -1  -1  -140.22     0  4   0.0  0   0.0  0
       0.1         0.1         0.1         0.1
 -70.72902   -26.48879    81.660   87.00  37.00  0.6600E+12    8.11   1.67  -1  -1   -83.18     2  4   0.0  0   0.0  0
       0.5         0.3         0.1         0.1
 -70.66890   -26.48597    81.660   87.00  37.00  0.6600E+12    8.11   1.67  -1  -1   -93.82     1  4   0.0  0   0.0  0
       0.1         0.1         0.1         0.1
 -70.60877   -26.48315    81.660   87.00  37.00  0.6600E+12    7.36   1.67  -1  -1  -110.80     1  4   0.0  0   0.0  0
       0.7         0.1         0.1         0.1
 -70.54865   -26.48034    81.660   87.00  37.00  0.6600E+12    7.02   1.67  -1  -1  -100.17     1  4   0.0  0   0.0  0
       0.1         0.1         0.1         0.1
 -70.48853   -26.47752    81.660   87.00  37.00  0.6600E+12    6.38   1.67  -1  -1  -160.60     7  4   0.0  0   0.0  0
       3.7         0.1         0.1         0.1
 -70.42841   -26.47470    81.660   87.00  37.00  0.6600E+12    6.53   1.67  -1  -1  -158.12     0  4   0.0  0   0.0  0
       0.1         0.1         0.1         0.0
 -70.36828   -26.47189    81.660   87.00  37.00  0.6600E+12    7.16   1.67  -1  -1  -161.00     0  4   0.0  0   0.0  0
       0.0         0.0         0.0         0.0
 -70.30816   -26.46907    81.660   87.00  37.00  0.6600E+12    8.11   1.67  -1  -1  -161.00     0  4   0.0  0   0.0  0
       0.0         0.0         0.0         0.0
 -70.24803   -26.46626    81.660   87.00  37.00  0.6600E+12    8.11   1.67  -1  -1  -160.30     0  4   0.0  0   0.0  0
       0.1         0.1         0.1         0.1
 -70.73363   -26.41010    75.040   87.00  37.00  0.6600E+12    8.11   1.67  -1  -1  -101.38    11  4   0.0  0   0.0  0
       0.1         0.2         0.1         6.4
 -70.67352   -26.40728    75.040   87.00  37.00  0.6600E+12    8.11   1.67  -1  -1  -157.70     6  4   0.0  0   0.0  0
       1.9         1.6         0.1         0.1
 -70.61339   -26.40447    75.040   87.00  37.00  0.6600E+12    8.11   1.67  -1  -1  -160.74     1  4   0.0  0   0.0  0
       0.6         0.1         0.1         0.1
 -70.55327   -26.40165    75.040   87.00  37.00  0.6600E+12    8.11   1.67  -1  -1  -160.22     1  4   0.0  0   0.0  0
       0.4         0.1         0.1         0.1
 -70.49314   -26.39883    75.040   87.00  37.00  0.6600E+12    8.11   1.67  -1  -1  -160.11     4  4   0.0  0   0.0  0
       2.1         0.1         0.1         0.1
 -70.43302   -26.39602    75.040   87.00  37.00  0.6600E+12    8.11   1.67  -1  -1  -160.62     2  4   0.0  0   0.0  0
       0.8         0.1         0.1         0.1
 -70.37289   -26.39320    75.040   87.00  37.00  0.6600E+12    8.11   1.67  -1  -1  -161.00     0  4   0.0  0   0.0  0
       0.0         0.0         0.0         0.0
 -70.31277   -26.39038    75.040   87.00  37.00  0.6600E+12    8.11   1.67  -1  -1  -161.00     0  4   0.0  0   0.0  0
       0.0         0.0         0.0         0.0
 -70.25265   -26.38757    75.040   87.00  37.00  0.6600E+12    8.11   1.67  -1  -1  -160.06     0  4   0.0  0   0.0  0
       0.1         0.1         0.1         0.1
