2.0
#
# http://equake-rc.info/static/paper/SRF-Description-Graves_2.0.pdf
# RECTANGULAR fault MODEL
#
# All subfaults are  15.0 km long along strike and
#   3.8 km wide along dip
#
# Model length along strike is  225.0 km
#
# Model width along dip is   19.0 km
#
# Corners of the rectangular dislocation model (lat, lon):
#    -55.926   -68.938 : corner 1
#    -57.706   -67.208 : corner 2
#    -57.746   -67.346 : corner 3
#    -55.966   -69.075 : corner 4
#
#
# Number of elementary sliprate
# isoceles triangular functions
# per subfault:   4
#
# Half duration of elementary sliprate
# isoceles triangular functions (s):   4.20
# Triangles are overlapping each other by half
#
# slip rate unit: cm/s
#
#
# Seismic moment is converted into slip
# using a single constant value for the
# shear modulus mu of  0.250E+12 dyne/cm2
# assumed to be constant and characteristic
# of the fault shear zone
#
#
#
# "rake" (degrees) is the slip angle (Aki"s convention,
# e.g. rake=+45 means left-lateral-reverse movement.
#
#
# ************************************************
# Total seismic moment M0=  0.205E+28 dyne.cm
# ************************************************
#
#
PLANE 1
 -68.07300   -56.81600   15    5   225.000    19.000
152.00  60.00     0.064     0.000     5.700
POINTS   75
 -68.11410   -56.82800     5.000  152.00  60.00  0.5700E+12    0.00   4.20  -1  -1   113.26   371  4   0.0  0   0.0  0
      28.3        39.5        12.1         8.4
 -68.88821   -56.14016    14.873  152.00  60.00  0.5700E+12   25.92   4.20  -1  -1    48.00     0  4   0.0  0   0.0  0
       0.0         0.0         0.0         0.0
 -68.77292   -56.25880    14.873  152.00  60.00  0.5700E+12   21.67   4.20  -1  -1    48.00     0  4   0.0  0   0.0  0
       0.0         0.0         0.0         0.0
 -68.65763   -56.37743    14.873  152.00  60.00  0.5700E+12   17.45   4.20  -1  -1    48.00     0  4   0.0  0   0.0  0
       0.0         0.0         0.0         0.0
 -68.54235   -56.49606    14.873  152.00  60.00  0.5700E+12   13.26   4.20  -1  -1    48.00     0  4   0.0  0   0.0  0
       0.0         0.0         0.0         0.0
 -68.42706   -56.61470    14.873  152.00  60.00  0.5700E+12    9.17   4.20  -1  -1    48.00     0  4   0.0  0   0.0  0
       0.0         0.0         0.0         0.0
 -68.31178   -56.73333    14.873  152.00  60.00  0.5700E+12    5.38   4.20  -1  -1    48.00     0  4   0.0  0   0.0  0
       0.0         0.0         0.0         0.0
 -68.19649   -56.85197    14.873  152.00  60.00  0.5700E+12    6.52   4.20  -1  -1   137.19   270  4   0.0  0   0.0  0
      21.8         4.0        10.9        27.5
 -68.08121   -56.97060    14.873  152.00  60.00  0.5700E+12   15.60   4.20  -1  -1   126.43   412  4   0.0  0   0.0  0
      47.5        17.4         3.5        29.7
 -67.96592   -57.08924    14.873  152.00  60.00  0.5700E+12   23.19   4.20  -1  -1   125.92   409  4   0.0  0   0.0  0
      46.2         8.5        26.5        16.3
 -67.85063   -57.20787    14.873  152.00  60.00  0.5700E+12   13.35   4.20  -1  -1    77.31   296  4   0.0  0   0.0  0
      50.1        10.3         8.6         1.5
 -67.73534   -57.32651    14.873  152.00  60.00  0.5700E+12   28.64   4.20  -1  -1    67.71   164  4   0.0  0   0.0  0
      13.1         6.2         8.9        10.7
 -67.62006   -57.44514    14.873  152.00  60.00  0.5700E+12   22.05   4.20  -1  -1    70.73   129  4   0.0  0   0.0  0
       5.4         6.5        11.8         7.0
 -67.50478   -57.56378    14.873  152.00  60.00  0.5700E+12   25.92   4.20  -1  -1    48.00     0  4   0.0  0   0.0  0
       0.0         0.0         0.0         0.0
 -67.38949   -57.68241    14.873  152.00  60.00  0.5700E+12   28.98   4.20  -1  -1    48.00     0  4   0.0  0   0.0  0
       0.0         0.0         0.0         0.0
 -68.97603   -56.01353    11.582  152.00  60.00  0.5700E+12   28.98   4.20  -1  -1    48.00     0  4   0.0  0   0.0  0
       0.0         0.0         0.0         0.0
 -68.86074   -56.13217    11.582  152.00  60.00  0.5700E+12   25.81   4.20  -1  -1    48.00     0  4   0.0  0   0.0  0
       0.0         0.0         0.0         0.0
 -68.74545   -56.25080    11.582  152.00  60.00  0.5700E+12   21.54   4.20  -1  -1    48.00     0  4   0.0  0   0.0  0
       0.0         0.0         0.0         0.0
 -68.63017   -56.36944    11.582  152.00  60.00  0.5700E+12   17.28   4.20  -1  -1    48.00     0  4   0.0  0   0.0  0
       0.0         0.0         0.0         0.0
 -68.51488   -56.48808    11.582  152.00  60.00  0.5700E+12   13.04   4.20  -1  -1    48.00     0  4   0.0  0   0.0  0
       0.0         0.0         0.0         0.0
 -68.39960   -56.60671    11.582  152.00  60.00  0.5700E+12    8.84   4.20  -1  -1    48.00     0  4   0.0  0   0.0  0
       0.0         0.0         0.0         0.0
 -68.28431   -56.72535    11.582  152.00  60.00  0.5700E+12    4.80   4.20  -1  -1    48.00     0  4   0.0  0   0.0  0
       0.0         0.0         0.0         0.0
 -68.16903   -56.84398    11.582  152.00  60.00  0.5700E+12    2.90   4.20  -1  -1   128.06   316  4   0.0  0   0.0  0
      62.9         5.3         3.5         3.6
 -68.05374   -56.96261    11.582  152.00  60.00  0.5700E+12    5.57   4.20  -1  -1   116.22   449  4   0.0  0   0.0  0
      45.8         7.3        24.8        29.1
 -67.93845   -57.08125    11.582  152.00  60.00  0.5700E+12   20.52   4.20  -1  -1   106.42   522  4   0.0  0   0.0  0
      86.7        14.4         1.8        21.3
 -67.82317   -57.19988    11.582  152.00  60.00  0.5700E+12   27.84   4.20  -1  -1   102.65   434  4   0.0  0   0.0  0
      64.3         9.7        15.1        14.3
 -67.70788   -57.31852    11.582  152.00  60.00  0.5700E+12   18.76   4.20  -1  -1    73.35   303  4   0.0  0   0.0  0
      28.1        18.1        20.3         5.6
 -67.59260   -57.43715    11.582  152.00  60.00  0.5700E+12   23.11   4.20  -1  -1    84.39   152  4   0.0  0   0.0  0
      12.9        12.8         8.1         2.3
 -67.47731   -57.55579    11.582  152.00  60.00  0.5700E+12   25.81   4.20  -1  -1    48.00     0  4   0.0  0   0.0  0
       0.0         0.0         0.0         0.0
 -67.36202   -57.67442    11.582  152.00  60.00  0.5700E+12   28.98   4.20  -1  -1    48.00     0  4   0.0  0   0.0  0
       0.0         0.0         0.0         0.0
 -68.94856   -56.00555     8.291  152.00  60.00  0.5700E+12   28.98   4.20  -1  -1    48.00     0  4   0.0  0   0.0  0
       0.0         0.0         0.0         0.0
 -68.83327   -56.12418     8.291  152.00  60.00  0.5700E+12   25.74   4.20  -1  -1    48.00     0  4   0.0  0   0.0  0
       0.0         0.0         0.0         0.0
 -68.71799   -56.24281     8.291  152.00  60.00  0.5700E+12   21.46   4.20  -1  -1    48.00     0  4   0.0  0   0.0  0
       0.0         0.0         0.0         0.0
 -68.60271   -56.36145     8.291  152.00  60.00  0.5700E+12   17.18   4.20  -1  -1    48.00     0  4   0.0  0   0.0  0
       0.0         0.0         0.0         0.0
 -68.48742   -56.48008     8.291  152.00  60.00  0.5700E+12   12.90   4.20  -1  -1    48.00     0  4   0.0  0   0.0  0
       0.0         0.0         0.0         0.0
 -68.37213   -56.59872     8.291  152.00  60.00  0.5700E+12    8.64   4.20  -1  -1    48.00     0  4   0.0  0   0.0  0
       0.0         0.0         0.0         0.0
 -68.25685   -56.71735     8.291  152.00  60.00  0.5700E+12    4.42   4.20  -1  -1    48.00     0  4   0.0  0   0.0  0
       0.0         0.0         0.0         0.0
 -68.14156   -56.83599     8.291  152.00  60.00  0.5700E+12    2.11   4.20  -1  -1   127.52   394  4   0.0  0   0.0  0
      65.6        13.7         2.4        12.0
 -68.02628   -56.95462     8.291  152.00  60.00  0.5700E+12   15.34   4.20  -1  -1   115.56   561  4   0.0  0   0.0  0
      46.9        14.1        29.5        43.1
 -67.91099   -57.07326     8.291  152.00  60.00  0.5700E+12   10.18   4.20  -1  -1    97.08   652  4   0.0  0   0.0  0
      56.3        57.5        11.8        29.5
 -67.79570   -57.19189     8.291  152.00  60.00  0.5700E+12   13.02   4.20  -1  -1    98.95   623  4   0.0  0   0.0  0
      91.4        23.6        12.5        20.7
 -67.68042   -57.31053     8.291  152.00  60.00  0.5700E+12   17.25   4.20  -1  -1    89.03   482  4   0.0  0   0.0  0
      97.2         9.7         6.9         0.9
 -67.56513   -57.42916     8.291  152.00  60.00  0.5700E+12   23.55   4.20  -1  -1    91.76   238  4   0.0  0   0.0  0
      32.5         2.6         8.9        12.6
 -67.44984   -57.54780     8.291  152.00  60.00  0.5700E+12   25.74   4.20  -1  -1    48.00     0  4   0.0  0   0.0  0
       0.0         0.0         0.0         0.0
 -67.33456   -57.66643     8.291  152.00  60.00  0.5700E+12   28.98   4.20  -1  -1    48.00     0  4   0.0  0   0.0  0
       0.0         0.0         0.0         0.0
 -68.92110   -55.99755     5.000  152.00  60.00  0.5700E+12   28.98   4.20  -1  -1    48.00     0  4   0.0  0   0.0  0
       0.0         0.0         0.0         0.0
 -68.80582   -56.11619     5.000  152.00  60.00  0.5700E+12   25.71   4.20  -1  -1    48.00     0  4   0.0  0   0.0  0
       0.0         0.0         0.0         0.0
 -68.69053   -56.23483     5.000  152.00  60.00  0.5700E+12   21.43   4.20  -1  -1    48.00     0  4   0.0  0   0.0  0
       0.0         0.0         0.0         0.0
 -68.57524   -56.35346     5.000  152.00  60.00  0.5700E+12   17.14   4.20  -1  -1    48.00     0  4   0.0  0   0.0  0
       0.0         0.0         0.0         0.0
 -68.45995   -56.47210     5.000  152.00  60.00  0.5700E+12   12.86   4.20  -1  -1    48.00     0  4   0.0  0   0.0  0
       0.0         0.0         0.0         0.0
 -68.34467   -56.59073     5.000  152.00  60.00  0.5700E+12    8.57   4.20  -1  -1    48.00     0  4   0.0  0   0.0  0
       0.0         0.0         0.0         0.0
 -68.22939   -56.70937     5.000  152.00  60.00  0.5700E+12    4.29   4.20  -1  -1    48.00     0  4   0.0  0   0.0  0
       0.0         0.0         0.0         0.0
 -69.00349   -56.02153    14.873  152.00  60.00  0.5700E+12   28.98   4.20  -1  -1    48.00     0  4   0.0  0   0.0  0
       0.0         0.0         0.0         0.0
 -67.99881   -56.94663     5.000  152.00  60.00  0.5700E+12    9.01   4.20  -1  -1   114.00   631  4   0.0  0   0.0  0
      71.0        26.2        12.3        40.6
 -67.88352   -57.06527     5.000  152.00  60.00  0.5700E+12   25.32   4.20  -1  -1   119.72   759  4   0.0  0   0.0  0
      87.8        37.6        28.0        27.2
 -67.76824   -57.18390     5.000  152.00  60.00  0.5700E+12   16.49   4.20  -1  -1   103.18   761  4   0.0  0   0.0  0
      72.2        43.2        47.1        18.8
 -67.65295   -57.30254     5.000  152.00  60.00  0.5700E+12   19.65   4.20  -1  -1   101.56   589  4   0.0  0   0.0  0
      55.9        47.2        27.4         9.8
 -67.53767   -57.42117     5.000  152.00  60.00  0.5700E+12   28.17   4.20  -1  -1   120.73   308  4   0.0  0   0.0  0
      56.6         9.9         5.8         1.1
 -67.42238   -57.53981     5.000  152.00  60.00  0.5700E+12   25.71   4.20  -1  -1    48.00     0  4   0.0  0   0.0  0
       0.0         0.0         0.0         0.0
 -67.30710   -57.65844     5.000  152.00  60.00  0.5700E+12   28.98   4.20  -1  -1    48.00     0  4   0.0  0   0.0  0
       0.0         0.0         0.0         0.0
 -68.89364   -55.98957     1.709  152.00  60.00  0.5700E+12   28.98   4.20  -1  -1    48.00     0  4   0.0  0   0.0  0
       0.0         0.0         0.0         0.0
 -68.77835   -56.10820     1.709  152.00  60.00  0.5700E+12   25.74   4.20  -1  -1    48.00     0  4   0.0  0   0.0  0
       0.0         0.0         0.0         0.0
 -68.66306   -56.22683     1.709  152.00  60.00  0.5700E+12   21.46   4.20  -1  -1    48.00     0  4   0.0  0   0.0  0
       0.0         0.0         0.0         0.0
 -68.54778   -56.34547     1.709  152.00  60.00  0.5700E+12   17.18   4.20  -1  -1    48.00     0  4   0.0  0   0.0  0
       0.0         0.0         0.0         0.0
 -68.43250   -56.46410     1.709  152.00  60.00  0.5700E+12   12.90   4.20  -1  -1    48.00     0  4   0.0  0   0.0  0
       0.0         0.0         0.0         0.0
 -68.31721   -56.58274     1.709  152.00  60.00  0.5700E+12    8.64   4.20  -1  -1    48.00     0  4   0.0  0   0.0  0
       0.0         0.0         0.0         0.0
 -68.20192   -56.70137     1.709  152.00  60.00  0.5700E+12    4.42   4.20  -1  -1    48.00     0  4   0.0  0   0.0  0
       0.0         0.0         0.0         0.0
 -68.08663   -56.82001     1.709  152.00  60.00  0.5700E+12    2.08   4.20  -1  -1   133.27   457  4   0.0  0   0.0  0
      12.1        60.5        12.2        24.0
 -67.97134   -56.93864     1.709  152.00  60.00  0.5700E+12    9.18   4.20  -1  -1   104.26   715  4   0.0  0   0.0  0
      28.6        15.0        46.8        79.7
 -67.85606   -57.05728     1.709  152.00  60.00  0.5700E+12   20.51   4.20  -1  -1   100.49   863  4   0.0  0   0.0  0
      74.8        88.4        31.9        10.3
 -67.74078   -57.17591     1.709  152.00  60.00  0.5700E+12   17.82   4.20  -1  -1   103.52   939  4   0.0  0   0.0  0
      86.2        56.6        40.2        40.6
 -67.62549   -57.29455     1.709  152.00  60.00  0.5700E+12   17.99   4.20  -1  -1   110.26   764  4   0.0  0   0.0  0
      77.2        49.3        31.0        24.4
 -67.51020   -57.41319     1.709  152.00  60.00  0.5700E+12   27.65   4.20  -1  -1   116.52   405  4   0.0  0   0.0  0
      65.7        26.2         2.7         1.8
 -67.39492   -57.53182     1.709  152.00  60.00  0.5700E+12   25.74   4.20  -1  -1    48.00     0  4   0.0  0   0.0  0
       0.0         0.0         0.0         0.0
 -67.27963   -57.65045     1.709  152.00  60.00  0.5700E+12   28.98   4.20  -1  -1    48.00     0  4   0.0  0   0.0  0
       0.0         0.0         0.0         0.0
