2.0
#
# http://equake-rc.info/static/paper/SRF-Description-Graves_2.0.pdf
# RECTANGULAR fault MODEL
#
# All subfaults are  15.0 km long along strike and
#   6.6 km wide along dip
#
# Model length along strike is  225.0 km
#
# Model width along dip is   33.0 km
#
# Corners of the rectangular dislocation model (lat, lon):
#    -57.706   -67.201 : corner 1
#    -56.035   -69.260 : corner 2
#    -55.892   -68.872 : corner 3
#    -57.564   -66.813 : corner 4
#
#
# Number of elementary sliprate
# isoceles triangular functions
# per subfault:   4
#
# Half duration of elementary sliprate
# isoceles triangular functions (s):   4.20
# Triangles are overlapping each other by half
#
# slip rate unit: cm/s
#
#
# Seismic moment is converted into slip
# using a single constant value for the
# shear modulus mu of  0.250E+12 dyne/cm2
# assumed to be constant and characteristic
# of the fault shear zone
#
#
#
# "rake" (degrees) is the slip angle (Aki"s convention,
# e.g. rake=+45 means left-lateral-reverse movement.
#
#
# ************************************************
# Total seismic moment M0=  0.212E+28 dyne.cm
# ************************************************
#
#
PLANE 1
 -68.23050   -56.87050   15    5   225.000    33.000
326.02  30.14     0.029     0.000     9.900
POINTS   75
 -68.11410   -56.82800     5.000  326.02  30.14  0.9900E+12    0.00   4.20  -1  -1   116.88   308  4   0.0  0   0.0  0
      39.4         7.6        11.2        15.0
 -67.05808   -57.41074    14.941  326.02  30.14  0.9900E+12   26.33   4.20  -1  -1    39.82     0  4   0.0  0   0.0  0
       0.0         0.0         0.0         0.0
 -67.19534   -57.29933    14.941  326.02  30.14  0.9900E+12   22.16   4.20  -1  -1    39.82     0  4   0.0  0   0.0  0
       0.0         0.0         0.0         0.0
 -67.33260   -57.18792    14.941  326.02  30.14  0.9900E+12   24.55   4.20  -1  -1   110.86    72  4   0.0  0   0.0  0
       0.3         1.6         4.9        10.4
 -67.46986   -57.07650    14.941  326.02  30.14  0.9900E+12   14.77   4.20  -1  -1    80.71   118  4   0.0  0   0.0  0
      24.8         0.4         1.9         1.2
 -67.60712   -56.96509    14.941  326.02  30.14  0.9900E+12   28.80   4.20  -1  -1    87.50    89  4   0.0  0   0.0  0
       7.1         8.9         2.1         3.1
 -67.74438   -56.85368    14.941  326.02  30.14  0.9900E+12   24.62   4.20  -1  -1    85.14    71  4   0.0  0   0.0  0
       3.8         3.3         1.8         8.2
 -67.88165   -56.74226    14.941  326.02  30.14  0.9900E+12   19.41   4.20  -1  -1    86.25    87  4   0.0  0   0.0  0
       0.4         2.4         6.0        12.0
 -68.01891   -56.63085    14.941  326.02  30.14  0.9900E+12   18.62   4.20  -1  -1    68.20    76  4   0.0  0   0.0  0
       4.4         3.4         3.6         6.8
 -68.15617   -56.51944    14.941  326.02  30.14  0.9900E+12   10.27   4.20  -1  -1    39.82     0  4   0.0  0   0.0  0
       0.0         0.0         0.0         0.0
 -68.29343   -56.40802    14.941  326.02  30.14  0.9900E+12   14.05   4.20  -1  -1    39.82     0  4   0.0  0   0.0  0
       0.0         0.0         0.0         0.0
 -68.43069   -56.29661    14.941  326.02  30.14  0.9900E+12   18.05   4.20  -1  -1    39.82     0  4   0.0  0   0.0  0
       0.0         0.0         0.0         0.0
 -68.56795   -56.18520    14.941  326.02  30.14  0.9900E+12   22.16   4.20  -1  -1    39.82     0  4   0.0  0   0.0  0
       0.0         0.0         0.0         0.0
 -68.70521   -56.07379    14.941  326.02  30.14  0.9900E+12   26.33   4.20  -1  -1    39.82     0  4   0.0  0   0.0  0
       0.0         0.0         0.0         0.0
 -68.84247   -55.96237    14.941  326.02  30.14  0.9900E+12   28.98   4.20  -1  -1    39.82     0  4   0.0  0   0.0  0
       0.0         0.0         0.0         0.0
 -66.99831   -57.55073    11.627  326.02  30.14  0.9900E+12   28.98   4.20  -1  -1    39.82     0  4   0.0  0   0.0  0
       0.0         0.0         0.0         0.0
 -67.13557   -57.43932    11.627  326.02  30.14  0.9900E+12   25.99   4.20  -1  -1    39.82     0  4   0.0  0   0.0  0
       0.0         0.0         0.0         0.0
 -67.27283   -57.32790    11.627  326.02  30.14  0.9900E+12   21.76   4.20  -1  -1    39.82     0  4   0.0  0   0.0  0
       0.0         0.0         0.0         0.0
 -67.41009   -57.21649    11.627  326.02  30.14  0.9900E+12   20.29   4.20  -1  -1    92.59   148  4   0.0  0   0.0  0
      13.3         8.5         2.8        10.7
 -67.54735   -57.10508    11.627  326.02  30.14  0.9900E+12   13.79   4.20  -1  -1    93.33   223  4   0.0  0   0.0  0
      33.6        12.3         4.4         2.8
 -67.68461   -56.99367    11.627  326.02  30.14  0.9900E+12   24.57   4.20  -1  -1   113.81   195  4   0.0  0   0.0  0
      20.0         6.0         9.2        11.2
 -67.82187   -56.88226    11.627  326.02  30.14  0.9900E+12   16.57   4.20  -1  -1   103.82   156  4   0.0  0   0.0  0
      17.5         5.1         1.2        13.4
 -67.95913   -56.77084    11.627  326.02  30.14  0.9900E+12   10.54   4.20  -1  -1    78.69   121  4   0.0  0   0.0  0
      11.4         3.9         4.9         8.5
 -68.09639   -56.65943    11.627  326.02  30.14  0.9900E+12    5.92   4.20  -1  -1   102.31   112  4   0.0  0   0.0  0
      20.0         0.5         1.1         4.9
 -68.23365   -56.54802    11.627  326.02  30.14  0.9900E+12    9.36   4.20  -1  -1    39.82     0  4   0.0  0   0.0  0
       0.0         0.0         0.0         0.0
 -68.37091   -56.43660    11.627  326.02  30.14  0.9900E+12   13.40   4.20  -1  -1    39.82     0  4   0.0  0   0.0  0
       0.0         0.0         0.0         0.0
 -68.50817   -56.32519    11.627  326.02  30.14  0.9900E+12   17.55   4.20  -1  -1    39.82     0  4   0.0  0   0.0  0
       0.0         0.0         0.0         0.0
 -68.64543   -56.21378    11.627  326.02  30.14  0.9900E+12   21.76   4.20  -1  -1    39.82     0  4   0.0  0   0.0  0
       0.0         0.0         0.0         0.0
 -68.78269   -56.10236    11.627  326.02  30.14  0.9900E+12   25.99   4.20  -1  -1    39.82     0  4   0.0  0   0.0  0
       0.0         0.0         0.0         0.0
 -68.91995   -55.99095    11.627  326.02  30.14  0.9900E+12   28.98   4.20  -1  -1    39.82     0  4   0.0  0   0.0  0
       0.0         0.0         0.0         0.0
 -67.07579   -57.57931     8.314  326.02  30.14  0.9900E+12   28.98   4.20  -1  -1    39.82     0  4   0.0  0   0.0  0
       0.0         0.0         0.0         0.0
 -67.21305   -57.46790     8.314  326.02  30.14  0.9900E+12   25.78   4.20  -1  -1    39.82     0  4   0.0  0   0.0  0
       0.0         0.0         0.0         0.0
 -67.35031   -57.35648     8.314  326.02  30.14  0.9900E+12   21.51   4.20  -1  -1    39.82     0  4   0.0  0   0.0  0
       0.0         0.0         0.0         0.0
 -67.48757   -57.24507     8.314  326.02  30.14  0.9900E+12   20.18   4.20  -1  -1   108.92   294  4   0.0  0   0.0  0
      28.1        14.3        11.3        16.4
 -67.62483   -57.13366     8.314  326.02  30.14  0.9900E+12   16.27   4.20  -1  -1    99.61   408  4   0.0  0   0.0  0
      65.5        11.7         9.8        10.1
 -67.76209   -57.02225     8.314  326.02  30.14  0.9900E+12   16.71   4.20  -1  -1   104.65   397  4   0.0  0   0.0  0
      55.7        18.3        11.6         8.8
 -67.89935   -56.91083     8.314  326.02  30.14  0.9900E+12    5.09   4.20  -1  -1   108.62   317  4   0.0  0   0.0  0
       8.2        14.2        21.2        32.0
 -68.03661   -56.79942     8.314  326.02  30.14  0.9900E+12    2.65   4.20  -1  -1   101.95   262  4   0.0  0   0.0  0
      38.2         1.3        12.1        10.8
 -68.17387   -56.68801     8.314  326.02  30.14  0.9900E+12    4.72   4.20  -1  -1   125.52   160  4   0.0  0   0.0  0
      34.3         1.2         1.2         1.5
 -68.31113   -56.57660     8.314  326.02  30.14  0.9900E+12    8.78   4.20  -1  -1    39.82     0  4   0.0  0   0.0  0
       0.0         0.0         0.0         0.0
 -68.44839   -56.46518     8.314  326.02  30.14  0.9900E+12   12.99   4.20  -1  -1    39.82     0  4   0.0  0   0.0  0
       0.0         0.0         0.0         0.0
 -68.58566   -56.35377     8.314  326.02  30.14  0.9900E+12   17.25   4.20  -1  -1    39.82     0  4   0.0  0   0.0  0
       0.0         0.0         0.0         0.0
 -68.72292   -56.24236     8.314  326.02  30.14  0.9900E+12   21.51   4.20  -1  -1    39.82     0  4   0.0  0   0.0  0
       0.0         0.0         0.0         0.0
 -68.86018   -56.13094     8.314  326.02  30.14  0.9900E+12   25.78   4.20  -1  -1    39.82     0  4   0.0  0   0.0  0
       0.0         0.0         0.0         0.0
 -68.99744   -56.01953     8.314  326.02  30.14  0.9900E+12   28.98   4.20  -1  -1    39.82     0  4   0.0  0   0.0  0
       0.0         0.0         0.0         0.0
 -67.15327   -57.60789     5.000  326.02  30.14  0.9900E+12   28.98   4.20  -1  -1    39.82     0  4   0.0  0   0.0  0
       0.0         0.0         0.0         0.0
 -67.29053   -57.49648     5.000  326.02  30.14  0.9900E+12   25.71   4.20  -1  -1    39.82     0  4   0.0  0   0.0  0
       0.0         0.0         0.0         0.0
 -67.42780   -57.38506     5.000  326.02  30.14  0.9900E+12   21.43   4.20  -1  -1    39.82     0  4   0.0  0   0.0  0
       0.0         0.0         0.0         0.0
 -67.56506   -57.27365     5.000  326.02  30.14  0.9900E+12   20.98   4.20  -1  -1   105.33   350  4   0.0  0   0.0  0
      56.7         5.2         6.7        14.8
 -67.70232   -57.16224     5.000  326.02  30.14  0.9900E+12   13.04   4.20  -1  -1    98.13   516  4   0.0  0   0.0  0
      84.4        22.6         6.0         9.8
 -67.83958   -57.05082     5.000  326.02  30.14  0.9900E+12   26.34   4.20  -1  -1   114.83   517  4   0.0  0   0.0  0
      69.1        31.2        15.4         7.3
 -67.97684   -56.93941     5.000  326.02  30.14  0.9900E+12    9.25   4.20  -1  -1   115.22   418  4   0.0  0   0.0  0
      29.1        20.2        23.3        27.0
 -66.92082   -57.52215    14.941  326.02  30.14  0.9900E+12   28.98   4.20  -1  -1    39.82     0  4   0.0  0   0.0  0
       0.0         0.0         0.0         0.0
 -68.25136   -56.71659     5.000  326.02  30.14  0.9900E+12    6.14   4.20  -1  -1   117.47   147  4   0.0  0   0.0  0
      19.0         0.9         2.1        13.0
 -68.38862   -56.60518     5.000  326.02  30.14  0.9900E+12    8.57   4.20  -1  -1    39.82     0  4   0.0  0   0.0  0
       0.0         0.0         0.0         0.0
 -68.52588   -56.49376     5.000  326.02  30.14  0.9900E+12   12.86   4.20  -1  -1    39.82     0  4   0.0  0   0.0  0
       0.0         0.0         0.0         0.0
 -68.66314   -56.38235     5.000  326.02  30.14  0.9900E+12   17.14   4.20  -1  -1    39.82     0  4   0.0  0   0.0  0
       0.0         0.0         0.0         0.0
 -68.80040   -56.27094     5.000  326.02  30.14  0.9900E+12   21.43   4.20  -1  -1    39.82     0  4   0.0  0   0.0  0
       0.0         0.0         0.0         0.0
 -68.93766   -56.15952     5.000  326.02  30.14  0.9900E+12   25.71   4.20  -1  -1    39.82     0  4   0.0  0   0.0  0
       0.0         0.0         0.0         0.0
 -69.07492   -56.04811     5.000  326.02  30.14  0.9900E+12   28.98   4.20  -1  -1    39.82     0  4   0.0  0   0.0  0
       0.0         0.0         0.0         0.0
 -67.23076   -57.63647     1.686  326.02  30.14  0.9900E+12   28.98   4.20  -1  -1    39.82     0  4   0.0  0   0.0  0
       0.0         0.0         0.0         0.0
 -67.36802   -57.52505     1.686  326.02  30.14  0.9900E+12   25.78   4.20  -1  -1    39.82     0  4   0.0  0   0.0  0
       0.0         0.0         0.0         0.0
 -67.50528   -57.41364     1.686  326.02  30.14  0.9900E+12   21.51   4.20  -1  -1    39.82     0  4   0.0  0   0.0  0
       0.0         0.0         0.0         0.0
 -67.64254   -57.30223     1.686  326.02  30.14  0.9900E+12   20.23   4.20  -1  -1   104.03   519  4   0.0  0   0.0  0
      76.8        19.9        15.4        11.4
 -67.77980   -57.19081     1.686  326.02  30.14  0.9900E+12   16.10   4.20  -1  -1    97.50   661  4   0.0  0   0.0  0
      99.8        22.2        18.8        16.5
 -67.91706   -57.07940     1.686  326.02  30.14  0.9900E+12   19.01   4.20  -1  -1   114.70   652  4   0.0  0   0.0  0
      42.9        32.3        38.3        41.7
 -68.05432   -56.96799     1.686  326.02  30.14  0.9900E+12   11.64   4.20  -1  -1   116.49   541  4   0.0  0   0.0  0
      47.4        25.3        26.6        29.4
 -68.19158   -56.85658     1.686  326.02  30.14  0.9900E+12    6.14   4.20  -1  -1   119.15   391  4   0.0  0   0.0  0
      61.5        14.1         7.3        10.2
 -68.32884   -56.74517     1.686  326.02  30.14  0.9900E+12    5.11   4.20  -1  -1   129.67   218  4   0.0  0   0.0  0
      25.5        10.6         7.1         8.6
 -68.46610   -56.63375     1.686  326.02  30.14  0.9900E+12    8.78   4.20  -1  -1    39.82     0  4   0.0  0   0.0  0
       0.0         0.0         0.0         0.0
 -68.60336   -56.52234     1.686  326.02  30.14  0.9900E+12   12.99   4.20  -1  -1    39.82     0  4   0.0  0   0.0  0
       0.0         0.0         0.0         0.0
 -68.74062   -56.41093     1.686  326.02  30.14  0.9900E+12   17.25   4.20  -1  -1    39.82     0  4   0.0  0   0.0  0
       0.0         0.0         0.0         0.0
 -68.87788   -56.29951     1.686  326.02  30.14  0.9900E+12   21.51   4.20  -1  -1    39.82     0  4   0.0  0   0.0  0
       0.0         0.0         0.0         0.0
 -69.01514   -56.18810     1.686  326.02  30.14  0.9900E+12   25.78   4.20  -1  -1    39.82     0  4   0.0  0   0.0  0
       0.0         0.0         0.0         0.0
 -69.15240   -56.07669     1.686  326.02  30.14  0.9900E+12   28.98   4.20  -1  -1    39.82     0  4   0.0  0   0.0  0
       0.0         0.0         0.0         0.0
