2.0
#
# http://equake-rc.info/static/paper/SRF-Description-Graves_2.0.pdf
# RECTANGULAR fault MODEL
#
# All subfaults are   5.0 km long along strike and
#   9.0 km wide along dip
#
# Model length along strike is   45.0 km
#
# Model width along dip is   45.0 km
#
# Corners of the rectangular dislocation model (lat, lon):
#     50.960  -175.759 : corner 1
#     50.891  -176.396 : corner 2
#     51.252  -176.495 : corner 3
#     51.320  -175.857 : corner 4
#
#
# Number of elementary sliprate
# isoceles triangular functions
# per subfault:   4
#
# Half duration of elementary sliprate
# isoceles triangular functions (s):   1.55
# Triangles are overlapping each other by half
#
# slip rate unit: cm/s
#
#
# Seismic moment is converted into slip
# using a single constant value for the
# shear modulus mu of  0.250E+12 dyne/cm2
# assumed to be constant and characteristic
# of the fault shear zone
#
#
#
# "rake" (degrees) is the slip angle (Aki"s convention,
# e.g. rake=+45 means left-lateral-reverse movement.
#
#
# ************************************************
# Total seismic moment M0=  0.183E+26 dyne.cm
# ************************************************
#
#
PLANE 1
-176.07750    50.92550    9    5    45.000    45.000
260.28  25.54     3.220     0.000    31.496
POINTS   45
-176.14650    51.17780    16.800  260.28  25.54  0.4500E+12    0.00   1.55  -1  -1   115.51    35  4   0.0  0   0.0  0
      21.0         0.6         0.3         0.6
-175.95378    51.27272    20.680  260.28  25.54  0.4500E+12    6.09   1.55  -1  -1    64.70     7  4   0.0  0   0.0  0
       0.1         0.3         1.5         2.9
-176.02458    51.26511    20.680  260.28  25.54  0.4500E+12    5.69   1.55  -1  -1    86.89     2  4   0.0  0   0.0  0
       0.1         0.1         0.1         1.0
-176.09540    51.25750    20.680  260.28  25.54  0.4500E+12    5.69   1.55  -1  -1    95.09     3  4   0.0  0   0.0  0
       0.1         0.1         0.3         1.4
-176.16621    51.24990    20.680  260.28  25.54  0.4500E+12    7.02   1.55  -1  -1    80.45     8  4   0.0  0   0.0  0
       0.1         0.1         2.4         2.8
-176.23701    51.24229    20.680  260.28  25.54  0.4500E+12    7.04   1.55  -1  -1   119.24     8  4   0.0  0   0.0  0
       0.1         0.1         0.5         4.2
-176.30783    51.23468    20.680  260.28  25.54  0.4500E+12    6.72   1.55  -1  -1   143.17     5  4   0.0  0   0.0  0
       0.1         0.1         0.1         2.9
-176.37863    51.22707    20.680  260.28  25.54  0.4500E+12    7.13   1.55  -1  -1   134.57     4  4   0.0  0   0.0  0
       0.1         0.1         0.1         2.5
-176.44945    51.21947    20.680  260.28  25.54  0.4500E+12    6.27   1.55  -1  -1    64.36     0  4   0.0  0   0.0  0
       0.0         0.0         0.0         0.0
-175.86327    51.20823    16.800  260.28  25.54  0.4500E+12    5.71   1.55  -1  -1    64.36     0  4   0.0  0   0.0  0
       0.0         0.0         0.0         0.0
-175.93407    51.20062    16.800  260.28  25.54  0.4500E+12    4.29   1.55  -1  -1    86.92     5  4   0.0  0   0.0  0
       3.2         0.1         0.1         0.1
-176.00488    51.19301    16.800  260.28  25.54  0.4500E+12    3.56   1.55  -1  -1   101.81     9  4   0.0  0   0.0  0
       5.0         0.6         0.1         0.1
-176.07568    51.18541    16.800  260.28  25.54  0.4500E+12    2.15   1.55  -1  -1   117.59    10  4   0.0  0   0.0  0
       5.0         1.5         0.1         0.1
-175.88297    51.28032    20.680  260.28  25.54  0.4500E+12    6.27   1.55  -1  -1    64.36     0  4   0.0  0   0.0  0
       0.0         0.0         0.0         0.0
-176.21732    51.17019    16.800  260.28  25.54  0.4500E+12    4.21   1.55  -1  -1   140.40     2  4   0.0  0   0.0  0
       0.5         0.4         0.1         0.1
-176.28812    51.16259    16.800  260.28  25.54  0.4500E+12    3.21   1.55  -1  -1   120.31     5  4   0.0  0   0.0  0
       3.2         0.1         0.1         0.1
-176.35893    51.15498    16.800  260.28  25.54  0.4500E+12    4.29   1.55  -1  -1   151.69     5  4   0.0  0   0.0  0
       3.1         0.1         0.1         0.1
-176.42973    51.14737    16.800  260.28  25.54  0.4500E+12    5.71   1.55  -1  -1    64.36     0  4   0.0  0   0.0  0
       0.0         0.0         0.0         0.0
-175.84355    51.13613    12.920  260.28  25.54  0.4500E+12    6.27   1.55  -1  -1    64.36     0  4   0.0  0   0.0  0
       0.0         0.0         0.0         0.0
-175.91437    51.12852    12.920  260.28  25.54  0.4500E+12    5.17   1.55  -1  -1    65.53     1  4   0.0  0   0.0  0
       0.3         0.1         0.1         0.1
-175.98517    51.12092    12.920  260.28  25.54  0.4500E+12    3.98   1.55  -1  -1    85.66     1  4   0.0  0   0.0  0
       0.2         0.1         0.1         0.1
-176.05598    51.11331    12.920  260.28  25.54  0.4500E+12    3.07   1.55  -1  -1   124.54     2  4   0.0  0   0.0  0
       1.0         0.3         0.1         0.1
-176.12679    51.10570    12.920  260.28  25.54  0.4500E+12    2.77   1.55  -1  -1   109.23    11  4   0.0  0   0.0  0
       6.2         0.1         0.7         0.1
-176.19760    51.09809    12.920  260.28  25.54  0.4500E+12    3.07   1.55  -1  -1   143.77     5  4   0.0  0   0.0  0
       2.9         0.1         0.1         0.1
-176.26842    51.09049    12.920  260.28  25.54  0.4500E+12    4.09   1.55  -1  -1   151.96     1  4   0.0  0   0.0  0
       0.6         0.1         0.1         0.1
-176.33922    51.08288    12.920  260.28  25.54  0.4500E+12    5.12   1.55  -1  -1   153.90     2  4   0.0  0   0.0  0
       0.9         0.1         0.1         0.0
-176.41003    51.07528    12.920  260.28  25.54  0.4500E+12    6.27   1.55  -1  -1    64.36     0  4   0.0  0   0.0  0
       0.0         0.0         0.0         0.0
-175.82385    51.06403     9.040  260.28  25.54  0.4500E+12    7.19   1.55  -1  -1    64.36     0  4   0.0  0   0.0  0
       0.0         0.0         0.0         0.0
-175.89465    51.05643     9.040  260.28  25.54  0.4500E+12    7.09   1.55  -1  -1    97.24     0  4   0.0  0   0.0  0
       0.1         0.1         0.1         0.1
-175.96547    51.04882     9.040  260.28  25.54  0.4500E+12    7.11   1.55  -1  -1   136.02     0  4   0.0  0   0.0  0
       0.1         0.1         0.1         0.1
-176.03627    51.04121     9.040  260.28  25.54  0.4500E+12    7.16   1.55  -1  -1   135.76     0  4   0.0  0   0.0  0
       0.1         0.1         0.1         0.1
-176.10709    51.03361     9.040  260.28  25.54  0.4500E+12    7.17   1.55  -1  -1   145.76     0  4   0.0  0   0.0  0
       0.1         0.0         0.0         0.1
-176.17789    51.02600     9.040  260.28  25.54  0.4500E+12    7.18   1.55  -1  -1   153.58     0  4   0.0  0   0.0  0
       0.1         0.1         0.0         0.1
-176.24870    51.01839     9.040  260.28  25.54  0.4500E+12    7.19   1.55  -1  -1   152.74     0  4   0.0  0   0.0  0
       0.0         0.0         0.1         0.1
-176.31952    51.01078     9.040  260.28  25.54  0.4500E+12    6.81   1.55  -1  -1   133.88     0  4   0.0  0   0.0  0
       0.0         0.1         0.1         0.0
-176.39032    51.00318     9.040  260.28  25.54  0.4500E+12    7.19   1.55  -1  -1    64.36     0  4   0.0  0   0.0  0
       0.0         0.0         0.0         0.0
-175.80414    50.99194     5.160  260.28  25.54  0.4500E+12    7.19   1.55  -1  -1    64.36     0  4   0.0  0   0.0  0
       0.0         0.0         0.0         0.0
-175.87495    50.98433     5.160  260.28  25.54  0.4500E+12    7.19   1.55  -1  -1   133.92     9  4   0.0  0   0.0  0
       0.1         1.4         0.3         4.3
-175.94576    50.97672     5.160  260.28  25.54  0.4500E+12    7.19   1.55  -1  -1    90.31     5  4   0.0  0   0.0  0
       0.1         2.4         0.3         0.5
-176.01657    50.96912     5.160  260.28  25.54  0.4500E+12    7.19   1.55  -1  -1    74.40     3  4   0.0  0   0.0  0
       0.1         0.9         0.6         0.1
-176.08737    50.96151     5.160  260.28  25.54  0.4500E+12    7.19   1.55  -1  -1   115.20     3  4   0.0  0   0.0  0
       0.1         0.1         0.5         1.0
-176.15819    50.95390     5.160  260.28  25.54  0.4500E+12    7.19   1.55  -1  -1   146.02     3  4   0.0  0   0.0  0
       0.1         0.4         0.6         0.6
-176.22899    50.94630     5.160  260.28  25.54  0.4500E+12    7.19   1.55  -1  -1   151.96     3  4   0.0  0   0.0  0
       0.1         0.1         1.7         0.3
-176.29980    50.93869     5.160  260.28  25.54  0.4500E+12    7.19   1.55  -1  -1   148.23     3  4   0.0  0   0.0  0
       0.1         0.1         0.3         1.8
-176.37062    50.93108     5.160  260.28  25.54  0.4500E+12    7.19   1.55  -1  -1    64.36     0  4   0.0  0   0.0  0
       0.0         0.0         0.0         0.0
