2.0
#
# http://equake-rc.info/static/paper/SRF-Description-Graves_2.0.pdf
# RECTANGULAR fault MODEL
#
# All subfaults are   4.0 km long along strike and
#   7.0 km wide along dip
#
# Model length along strike is   36.0 km
#
# Model width along dip is   35.0 km
#
# Corners of the rectangular dislocation model (lat, lon):
#     19.580  -155.739 : corner 1
#     19.260  -155.793 : corner 2
#     19.282  -155.940 : corner 3
#     19.602  -155.886 : corner 4
#
#
# Number of elementary sliprate
# isoceles triangular functions
# per subfault:   4
#
# Half duration of elementary sliprate
# isoceles triangular functions (s):   1.33
# Triangles are overlapping each other by half
#
# slip rate unit: cm/s
#
#
# Seismic moment is converted into slip
# using a single constant value for the
# shear modulus mu of  0.250E+12 dyne/cm2
# assumed to be constant and characteristic
# of the fault shear zone
#
#
#
# "rake" (degrees) is the slip angle (Aki"s convention,
# e.g. rake=+45 means left-lateral-reverse movement.
#
#
# ************************************************
# Total seismic moment M0=  0.836E+25 dyne.cm
# ************************************************
#
#
PLANE 1
-155.76599    19.42000    9    5    36.000    35.000
189.14  63.50    11.403     0.000    10.500
POINTS   45
-155.81030    19.42660    20.800  189.14  63.50  0.2800E+12    0.00   1.33  -1  -1    47.37    24  4   0.0  0   0.0  0
      17.5         0.1         0.1         0.1
-155.88034    19.54654    39.594  189.14  63.50  0.2800E+12    5.67   1.33  -1  -1    24.57     0  4   0.0  0   0.0  0
       0.0         0.0         0.0         0.0
-155.88640    19.51102    39.594  189.14  63.50  0.2800E+12    5.67   1.33  -1  -1    24.57     0  4   0.0  0   0.0  0
       0.0         0.0         0.0         0.0
-155.89246    19.47550    39.594  189.14  63.50  0.2800E+12    5.67   1.33  -1  -1    30.77     0  4   0.0  0   0.0  0
       0.1         0.0         0.1         0.0
-155.89851    19.43999    39.594  189.14  63.50  0.2800E+12    5.67   1.33  -1  -1    47.28     0  4   0.0  0   0.0  0
       0.0         0.1         0.0         0.0
-155.90457    19.40447    39.594  189.14  63.50  0.2800E+12    5.67   1.33  -1  -1    31.60     0  4   0.0  0   0.0  0
       0.1         0.1         0.1         0.0
-155.91064    19.36895    39.594  189.14  63.50  0.2800E+12    5.67   1.33  -1  -1    31.05     0  4   0.0  0   0.0  0
       0.1         0.1         0.1         0.1
-155.91670    19.33343    39.594  189.14  63.50  0.2800E+12    5.67   1.33  -1  -1    32.78     0  4   0.0  0   0.0  0
       0.1         0.1         0.1         0.1
-155.92276    19.29791    39.594  189.14  63.50  0.2800E+12    5.67   1.33  -1  -1    24.57     0  4   0.0  0   0.0  0
       0.0         0.0         0.0         0.0
-155.84486    19.57759    33.329  189.14  63.50  0.2800E+12    5.67   1.33  -1  -1    24.57     0  4   0.0  0   0.0  0
       0.0         0.0         0.0         0.0
-155.85094    19.54208    33.329  189.14  63.50  0.2800E+12    5.27   1.33  -1  -1    24.57     0  4   0.0  0   0.0  0
       0.0         0.0         0.0         0.0
-155.85699    19.50656    33.329  189.14  63.50  0.2800E+12    4.61   1.33  -1  -1    24.57     0  4   0.0  0   0.0  0
       0.0         0.0         0.0         0.0
-155.86305    19.47104    33.329  189.14  63.50  0.2800E+12    5.49   1.33  -1  -1    29.82     0  4   0.0  0   0.0  0
       0.0         0.1         0.1         0.1
-155.86911    19.43552    33.329  189.14  63.50  0.2800E+12    5.23   1.33  -1  -1    53.07     1  4   0.0  0   0.0  0
       0.1         0.1         0.1         0.6
-155.87517    19.40001    33.329  189.14  63.50  0.2800E+12    5.25   1.33  -1  -1    42.04     2  4   0.0  0   0.0  0
       0.0         0.1         0.1         1.4
-155.88123    19.36449    33.329  189.14  63.50  0.2800E+12    5.49   1.33  -1  -1    28.01     1  4   0.0  0   0.0  0
       0.0         0.1         0.4         0.1
-155.88730    19.32897    33.329  189.14  63.50  0.2800E+12    5.66   1.33  -1  -1    31.55     0  4   0.0  0   0.0  0
       0.1         0.1         0.2         0.1
-155.89336    19.29345    33.329  189.14  63.50  0.2800E+12    5.67   1.33  -1  -1    24.57     0  4   0.0  0   0.0  0
       0.0         0.0         0.0         0.0
-155.81546    19.57313    27.065  189.14  63.50  0.2800E+12    4.99   1.33  -1  -1    24.57     0  4   0.0  0   0.0  0
       0.0         0.0         0.0         0.0
-155.82153    19.53761    27.065  189.14  63.50  0.2800E+12    3.97   1.33  -1  -1    24.57     0  4   0.0  0   0.0  0
       0.0         0.0         0.0         0.0
-155.82759    19.50210    27.065  189.14  63.50  0.2800E+12    3.04   1.33  -1  -1    24.57     0  4   0.0  0   0.0  0
       0.0         0.0         0.0         0.0
-155.83365    19.46658    27.065  189.14  63.50  0.2800E+12    5.58   1.33  -1  -1    70.79     0  4   0.0  0   0.0  0
       0.0         0.1         0.0         0.1
-155.83971    19.43106    27.065  189.14  63.50  0.2800E+12    5.59   1.33  -1  -1    61.80     2  4   0.0  0   0.0  0
       0.0         0.0         0.1         1.6
-155.84576    19.39554    27.065  189.14  63.50  0.2800E+12    5.38   1.33  -1  -1    28.46     9  4   0.0  0   0.0  0
       0.0         0.0         0.1         6.9
-155.85182    19.36003    27.065  189.14  63.50  0.2800E+12    5.55   1.33  -1  -1    43.78     5  4   0.0  0   0.0  0
       0.1         0.1         0.1         3.5
-155.85789    19.32451    27.065  189.14  63.50  0.2800E+12    5.51   1.33  -1  -1    70.43     5  4   0.0  0   0.0  0
       0.0         0.1         0.1         3.5
-155.86395    19.28899    27.065  189.14  63.50  0.2800E+12    4.99   1.33  -1  -1    24.57     0  4   0.0  0   0.0  0
       0.0         0.0         0.0         0.0
-155.78606    19.56867    20.800  189.14  63.50  0.2800E+12    4.57   1.33  -1  -1    24.57     0  4   0.0  0   0.0  0
       0.0         0.0         0.0         0.0
-155.79211    19.53315    20.800  189.14  63.50  0.2800E+12    3.43   1.33  -1  -1    24.57     0  4   0.0  0   0.0  0
       0.0         0.0         0.0         0.0
-155.79819    19.49763    20.800  189.14  63.50  0.2800E+12    2.29   1.33  -1  -1    24.57     0  4   0.0  0   0.0  0
       0.0         0.0         0.0         0.0
-155.80424    19.46212    20.800  189.14  63.50  0.2800E+12    1.21   1.33  -1  -1    59.75     1  4   0.0  0   0.0  0
       0.4         0.1         0.1         0.0
-155.87427    19.58206    39.594  189.14  63.50  0.2800E+12    5.67   1.33  -1  -1    24.57     0  4   0.0  0   0.0  0
       0.0         0.0         0.0         0.0
-155.81636    19.39108    20.800  189.14  63.50  0.2800E+12    1.71   1.33  -1  -1    70.76    10  4   0.0  0   0.0  0
       6.6         0.6         0.1         0.0
-155.82242    19.35556    20.800  189.14  63.50  0.2800E+12    2.53   1.33  -1  -1    70.63     2  4   0.0  0   0.0  0
       1.2         0.0         0.0         0.0
-155.82849    19.32005    20.800  189.14  63.50  0.2800E+12    5.57   1.33  -1  -1    26.46     0  4   0.0  0   0.0  0
       0.0         0.0         0.0         0.1
-155.83455    19.28453    20.800  189.14  63.50  0.2800E+12    4.57   1.33  -1  -1    24.57     0  4   0.0  0   0.0  0
       0.0         0.0         0.0         0.0
-155.75665    19.56421    14.535  189.14  63.50  0.2800E+12    4.99   1.33  -1  -1    24.57     0  4   0.0  0   0.0  0
       0.0         0.0         0.0         0.0
-155.76271    19.52869    14.535  189.14  63.50  0.2800E+12    3.97   1.33  -1  -1    24.57     0  4   0.0  0   0.0  0
       0.0         0.0         0.0         0.0
-155.76878    19.49317    14.535  189.14  63.50  0.2800E+12    3.04   1.33  -1  -1    24.57     0  4   0.0  0   0.0  0
       0.0         0.0         0.0         0.0
-155.77484    19.45765    14.535  189.14  63.50  0.2800E+12    2.45   1.33  -1  -1   101.08     0  4   0.0  0   0.0  0
       0.1         0.0         0.0         0.1
-155.78090    19.42214    14.535  189.14  63.50  0.2800E+12    2.91   1.33  -1  -1    29.68    11  4   0.0  0   0.0  0
       3.4         4.5         0.1         0.0
-155.78696    19.38662    14.535  189.14  63.50  0.2800E+12    3.38   1.33  -1  -1    57.57    25  4   0.0  0   0.0  0
      18.1         0.4         0.1         0.0
-155.79301    19.35110    14.535  189.14  63.50  0.2800E+12    3.40   1.33  -1  -1    96.11    19  4   0.0  0   0.0  0
      14.0         0.1         0.0         0.0
-155.79907    19.31558    14.535  189.14  63.50  0.2800E+12    4.03   1.33  -1  -1    26.54     0  4   0.0  0   0.0  0
       0.1         0.0         0.0         0.0
-155.80515    19.28007    14.535  189.14  63.50  0.2800E+12    4.99   1.33  -1  -1    24.57     0  4   0.0  0   0.0  0
       0.0         0.0         0.0         0.0
