2.0
#
# http://equake-rc.info/static/paper/SRF-Description-Graves_2.0.pdf
# RECTANGULAR fault MODEL
#
# All subfaults are   4.0 km long along strike and
#   7.0 km wide along dip
#
# Model length along strike is   36.0 km
#
# Model width along dip is   35.0 km
#
# Corners of the rectangular dislocation model (lat, lon):
#     19.380  -155.995 : corner 1
#     19.593  -155.736 : corner 2
#     19.393  -155.552 : corner 3
#     19.181  -155.811 : corner 4
#
#
# Number of elementary sliprate
# isoceles triangular functions
# per subfault:   4
#
# Half duration of elementary sliprate
# isoceles triangular functions (s):   1.33
# Triangles are overlapping each other by half
#
# slip rate unit: cm/s
#
#
# Seismic moment is converted into slip
# using a single constant value for the
# shear modulus mu of  0.250E+12 dyne/cm2
# assumed to be constant and characteristic
# of the fault shear zone
#
#
#
# "rake" (degrees) is the slip angle (Aki"s convention,
# e.g. rake=+45 means left-lateral-reverse movement.
#
#
# ************************************************
# Total seismic moment M0=  0.100E+26 dyne.cm
# ************************************************
#
#
PLANE 1
-155.86549    19.48650    9    5    36.000    35.000
 49.00  33.00    15.082     0.000    10.501
POINTS   45
-155.81030    19.42660    20.800   49.00  33.00  0.2800E+12    0.00   1.33  -1  -1   100.38    12  4   0.0  0   0.0  0
       6.9         1.7         0.1         0.1
-155.78648    19.23625    32.237   49.00  33.00  0.2800E+12    5.67   1.33  -1  -1    80.00     0  4   0.0  0   0.0  0
       0.0         0.0         0.0         0.0
-155.75769    19.25985    32.237   49.00  33.00  0.2800E+12    5.67   1.33  -1  -1    80.89     1  4   0.0  0   0.0  0
       0.1         0.1         0.5         0.1
-155.72890    19.28345    32.237   49.00  33.00  0.2800E+12    5.67   1.33  -1  -1    82.06     1  4   0.0  0   0.0  0
       0.6         0.1         0.1         0.1
-155.70012    19.30706    32.237   49.00  33.00  0.2800E+12    5.67   1.33  -1  -1    81.01     2  4   0.0  0   0.0  0
       1.1         0.1         0.1         0.1
-155.67133    19.33066    32.237   49.00  33.00  0.2800E+12    5.67   1.33  -1  -1    83.68     7  4   0.0  0   0.0  0
       5.2         0.1         0.1         0.1
-155.64253    19.35426    32.237   49.00  33.00  0.2800E+12    5.67   1.33  -1  -1    80.00     0  4   0.0  0   0.0  0
       0.0         0.0         0.0         0.0
-155.61374    19.37786    32.237   49.00  33.00  0.2800E+12    5.67   1.33  -1  -1    80.00     0  4   0.0  0   0.0  0
       0.0         0.0         0.0         0.0
-155.58496    19.40146    32.237   49.00  33.00  0.2800E+12    5.67   1.33  -1  -1    80.00     0  4   0.0  0   0.0  0
       0.0         0.0         0.0         0.0
-155.85201    19.25250    28.425   49.00  33.00  0.2800E+12    5.67   1.33  -1  -1    87.50     1  4   0.0  0   0.0  0
       0.0         0.1         0.3         0.1
-155.82321    19.27610    28.425   49.00  33.00  0.2800E+12    5.27   1.33  -1  -1    80.00     0  4   0.0  0   0.0  0
       0.0         0.0         0.0         0.0
-155.79442    19.29970    28.425   49.00  33.00  0.2800E+12    5.14   1.33  -1  -1    81.13     0  4   0.0  0   0.0  0
       0.0         0.1         0.0         0.1
-155.76562    19.32330    28.425   49.00  33.00  0.2800E+12    5.49   1.33  -1  -1    84.44     0  4   0.0  0   0.0  0
       0.1         0.1         0.0         0.1
-155.73685    19.34690    28.425   49.00  33.00  0.2800E+12    5.43   1.33  -1  -1    83.92     0  4   0.0  0   0.0  0
       0.1         0.0         0.0         0.0
-155.70805    19.37050    28.425   49.00  33.00  0.2800E+12    4.16   1.33  -1  -1   102.41     3  4   0.0  0   0.0  0
       2.1         0.1         0.1         0.1
-155.67926    19.39411    28.425   49.00  33.00  0.2800E+12    4.61   1.33  -1  -1    80.00     0  4   0.0  0   0.0  0
       0.0         0.0         0.0         0.0
-155.65047    19.41771    28.425   49.00  33.00  0.2800E+12    5.27   1.33  -1  -1    80.00     0  4   0.0  0   0.0  0
       0.0         0.0         0.0         0.0
-155.62169    19.44131    28.425   49.00  33.00  0.2800E+12    5.67   1.33  -1  -1    80.00     0  4   0.0  0   0.0  0
       0.0         0.0         0.0         0.0
-155.88873    19.29235    24.612   49.00  33.00  0.2800E+12    5.49   1.33  -1  -1    80.41    12  4   0.0  0   0.0  0
       0.1         0.1         0.1         8.9
-155.85994    19.31595    24.612   49.00  33.00  0.2800E+12    3.97   1.33  -1  -1    80.00     0  4   0.0  0   0.0  0
       0.0         0.0         0.0         0.0
-155.83115    19.33955    24.612   49.00  33.00  0.2800E+12    5.49   1.33  -1  -1   116.28     0  4   0.0  0   0.0  0
       0.0         0.0         0.0         0.2
-155.80237    19.36315    24.612   49.00  33.00  0.2800E+12    2.56   1.33  -1  -1   159.34    13  4   0.0  0   0.0  0
       9.7         0.0         0.0         0.1
-155.77357    19.38675    24.612   49.00  33.00  0.2800E+12    2.61   1.33  -1  -1   164.60     9  4   0.0  0   0.0  0
       6.6         0.4         0.0         0.1
-155.74478    19.41035    24.612   49.00  33.00  0.2800E+12    2.57   1.33  -1  -1   106.83     8  4   0.0  0   0.0  0
       5.6         0.2         0.0         0.0
-155.71599    19.43395    24.612   49.00  33.00  0.2800E+12    3.04   1.33  -1  -1    80.00     0  4   0.0  0   0.0  0
       0.0         0.0         0.0         0.0
-155.68721    19.45756    24.612   49.00  33.00  0.2800E+12    3.97   1.33  -1  -1    80.00     0  4   0.0  0   0.0  0
       0.0         0.0         0.0         0.0
-155.65842    19.48116    24.612   49.00  33.00  0.2800E+12    4.99   1.33  -1  -1    80.00     0  4   0.0  0   0.0  0
       0.0         0.0         0.0         0.0
-155.92546    19.33219    20.800   49.00  33.00  0.2800E+12    5.17   1.33  -1  -1    88.02     3  4   0.0  0   0.0  0
       0.0         0.1         1.6         0.2
-155.89667    19.35579    20.800   49.00  33.00  0.2800E+12    3.43   1.33  -1  -1    80.00     0  4   0.0  0   0.0  0
       0.0         0.0         0.0         0.0
-155.86787    19.37940    20.800   49.00  33.00  0.2800E+12    5.60   1.33  -1  -1   110.39    18  4   0.0  0   0.0  0
       0.0         0.0         0.1        13.7
-155.83910    19.40300    20.800   49.00  33.00  0.2800E+12    1.20   1.33  -1  -1   136.70    46  4   0.0  0   0.0  0
      32.9         2.0         0.0         0.0
-155.81526    19.21265    32.237   49.00  33.00  0.2800E+12    5.67   1.33  -1  -1    81.67     1  4   0.0  0   0.0  0
       0.8         0.0         0.1         0.1
-155.78151    19.45020    20.800   49.00  33.00  0.2800E+12    1.23   1.33  -1  -1   167.98     2  4   0.0  0   0.0  0
       0.1         0.8         0.5         0.0
-155.75273    19.47380    20.800   49.00  33.00  0.2800E+12    2.29   1.33  -1  -1    80.00     0  4   0.0  0   0.0  0
       0.0         0.0         0.0         0.0
-155.72394    19.49740    20.800   49.00  33.00  0.2800E+12    3.43   1.33  -1  -1    80.00     0  4   0.0  0   0.0  0
       0.0         0.0         0.0         0.0
-155.69514    19.52101    20.800   49.00  33.00  0.2800E+12    4.57   1.33  -1  -1    80.00     0  4   0.0  0   0.0  0
       0.0         0.0         0.0         0.0
-155.96219    19.37204    16.988   49.00  33.00  0.2800E+12    5.36   1.33  -1  -1    88.98     1  4   0.0  0   0.0  0
       0.1         0.6         0.0         0.1
-155.93340    19.39564    16.988   49.00  33.00  0.2800E+12    3.97   1.33  -1  -1    80.00     0  4   0.0  0   0.0  0
       0.0         0.0         0.0         0.0
-155.90462    19.41924    16.988   49.00  33.00  0.2800E+12    5.35   1.33  -1  -1   107.27     0  4   0.0  0   0.0  0
       0.1         0.1         0.2         0.0
-155.87582    19.44285    16.988   49.00  33.00  0.2800E+12    5.39   1.33  -1  -1   152.53     0  4   0.0  0   0.0  0
       0.1         0.0         0.0         0.1
-155.84703    19.46645    16.988   49.00  33.00  0.2800E+12    2.38   1.33  -1  -1   167.59     0  4   0.0  0   0.0  0
       0.0         0.1         0.0         0.1
-155.81824    19.49005    16.988   49.00  33.00  0.2800E+12    4.54   1.33  -1  -1   167.26     0  4   0.0  0   0.0  0
       0.0         0.1         0.1         0.1
-155.78946    19.51365    16.988   49.00  33.00  0.2800E+12    3.04   1.33  -1  -1    80.00     0  4   0.0  0   0.0  0
       0.0         0.0         0.0         0.0
-155.76067    19.53725    16.988   49.00  33.00  0.2800E+12    3.97   1.33  -1  -1    80.00     0  4   0.0  0   0.0  0
       0.0         0.0         0.0         0.0
-155.73187    19.56085    16.988   49.00  33.00  0.2800E+12    4.99   1.33  -1  -1    80.00     0  4   0.0  0   0.0  0
       0.0         0.0         0.0         0.0
