2.0
#
# http://equake-rc.info/static/paper/SRF-Description-Graves_2.0.pdf
# RECTANGULAR fault MODEL
#
# All subfaults are   7.0 km long along strike and
#  12.0 km wide along dip
#
# Model length along strike is   77.0 km
#
# Model width along dip is   60.0 km
#
# Corners of the rectangular dislocation model (lat, lon):
#    -46.960   165.665 : corner 1
#    -46.284   165.871 : corner 2
#    -46.386   166.578 : corner 3
#    -47.061   166.372 : corner 4
#
#
# Number of elementary sliprate
# isoceles triangular functions
# per subfault:   4
#
# Half duration of elementary sliprate
# isoceles triangular functions (s):   2.11
# Triangles are overlapping each other by half
#
# slip rate unit: cm/s
#
#
# Seismic moment is converted into slip
# using a single constant value for the
# shear modulus mu of  0.250E+12 dyne/cm2
# assumed to be constant and characteristic
# of the fault shear zone
#
#
#
# "rake" (degrees) is the slip angle (Aki"s convention,
# e.g. rake=+45 means left-lateral-reverse movement.
#
#
# ************************************************
# Total seismic moment M0=  0.584E+26 dyne.cm
# ************************************************
#
#
PLANE 1
 165.76801   -46.62200   11    5    77.000    60.000
 11.84  22.77    11.234     0.000    18.001
POINTS   55
 165.98019   -46.65250    18.200   11.84  22.77  0.8400E+12    0.00   2.11  -1  -1   157.07    53  4   0.0  0   0.0  0
      21.4         0.1         3.3         0.2
 166.32930   -46.95911    32.131   11.84  22.77  0.8400E+12   10.67   2.11  -1  -1    67.17     0  4   0.0  0   0.0  0
       0.0         0.0         0.0         0.0
 166.34805   -46.89772    32.131   11.84  22.77  0.8400E+12   10.67   2.11  -1  -1    67.17     0  4   0.0  0   0.0  0
       0.0         0.0         0.0         0.0
 166.36681   -46.83633    32.131   11.84  22.77  0.8400E+12   10.67   2.11  -1  -1    67.26    18  4   0.0  0   0.0  0
       8.2         0.1         0.1         0.1
 166.38556   -46.77494    32.131   11.84  22.77  0.8400E+12   10.55   2.11  -1  -1    67.30    15  4   0.0  0   0.0  0
       6.4         0.2         0.1         0.2
 166.40431   -46.71355    32.131   11.84  22.77  0.8400E+12   10.45   2.11  -1  -1    67.31    29  4   0.0  0   0.0  0
      11.2         0.1         0.1         2.2
 166.42307   -46.65216    32.131   11.84  22.77  0.8400E+12   10.61   2.11  -1  -1    67.41     1  4   0.0  0   0.0  0
       0.1         0.1         0.1         0.1
 166.44182   -46.59077    32.131   11.84  22.77  0.8400E+12   10.67   2.11  -1  -1    88.68     1  4   0.0  0   0.0  0
       0.1         0.1         0.1         0.1
 166.46057   -46.52938    32.131   11.84  22.77  0.8400E+12   10.67   2.11  -1  -1   112.43    27  4   0.0  0   0.0  0
      12.4         0.1         0.1         0.1
 166.47934   -46.46799    32.131   11.84  22.77  0.8400E+12   10.67   2.11  -1  -1    67.17     0  4   0.0  0   0.0  0
       0.0         0.0         0.0         0.0
 166.49809   -46.40660    32.131   11.84  22.77  0.8400E+12   10.67   2.11  -1  -1    67.17     0  4   0.0  0   0.0  0
       0.0         0.0         0.0         0.0
 166.16916   -47.00015    27.488   11.84  22.77  0.8400E+12   10.67   2.11  -1  -1    67.17     0  4   0.0  0   0.0  0
       0.0         0.0         0.0         0.0
 166.18793   -46.93876    27.488   11.84  22.77  0.8400E+12   10.54   2.11  -1  -1    67.17     0  4   0.0  0   0.0  0
       0.0         0.0         0.0         0.0
 166.20668   -46.87737    27.488   11.84  22.77  0.8400E+12    9.11   2.11  -1  -1    67.17     0  4   0.0  0   0.0  0
       0.0         0.0         0.0         0.0
 166.22543   -46.81598    27.488   11.84  22.77  0.8400E+12   10.55   2.11  -1  -1    67.74     1  4   0.0  0   0.0  0
       0.1         0.1         0.1         0.3
 166.24419   -46.75459    27.488   11.84  22.77  0.8400E+12   10.66   2.11  -1  -1    67.53     1  4   0.0  0   0.0  0
       0.1         0.1         0.1         0.1
 166.26294   -46.69320    27.488   11.84  22.77  0.8400E+12   10.49   2.11  -1  -1    67.42     3  4   0.0  0   0.0  0
       0.1         0.1         0.1         1.1
 166.28169   -46.63181    27.488   11.84  22.77  0.8400E+12    7.71   2.11  -1  -1    98.36     2  4   0.0  0   0.0  0
       0.1         0.1         0.1         0.6
 166.30045   -46.57042    27.488   11.84  22.77  0.8400E+12    9.14   2.11  -1  -1    87.60     1  4   0.0  0   0.0  0
       0.1         0.1         0.1         0.1
 166.31920   -46.50903    27.488   11.84  22.77  0.8400E+12    9.76   2.11  -1  -1   156.25     1  4   0.0  0   0.0  0
       0.1         0.1         0.1         0.1
 166.33797   -46.44764    27.488   11.84  22.77  0.8400E+12   10.54   2.11  -1  -1    67.17     0  4   0.0  0   0.0  0
       0.0         0.0         0.0         0.0
 166.35672   -46.38625    27.488   11.84  22.77  0.8400E+12   10.67   2.11  -1  -1    67.17     0  4   0.0  0   0.0  0
       0.0         0.0         0.0         0.0
 166.02779   -46.97980    22.844   11.84  22.77  0.8400E+12   10.57   2.11  -1  -1    67.17     0  4   0.0  0   0.0  0
       0.0         0.0         0.0         0.0
 166.04654   -46.91842    22.844   11.84  22.77  0.8400E+12    8.70   2.11  -1  -1    67.17     0  4   0.0  0   0.0  0
       0.0         0.0         0.0         0.0
 166.06531   -46.85702    22.844   11.84  22.77  0.8400E+12    6.91   2.11  -1  -1    67.17     0  4   0.0  0   0.0  0
       0.0         0.0         0.0         0.0
 166.08406   -46.79563    22.844   11.84  22.77  0.8400E+12    6.46   2.11  -1  -1    68.93     1  4   0.0  0   0.0  0
       0.1         0.1         0.1         0.1
 166.10281   -46.73424    22.844   11.84  22.77  0.8400E+12   10.56   2.11  -1  -1    68.11     1  4   0.0  0   0.0  0
       0.1         0.1         0.1         0.1
 166.12157   -46.67285    22.844   11.84  22.77  0.8400E+12   10.66   2.11  -1  -1    83.96     4  4   0.0  0   0.0  0
       0.1         0.1         0.1         1.5
 166.14032   -46.61146    22.844   11.84  22.77  0.8400E+12    4.02   2.11  -1  -1   138.28    22  4   0.0  0   0.0  0
       9.7         0.1         0.1         0.4
 166.15907   -46.55007    22.844   11.84  22.77  0.8400E+12    5.27   2.11  -1  -1   138.77    12  4   0.0  0   0.0  0
       5.5         0.1         0.1         0.2
 166.17783   -46.48868    22.844   11.84  22.77  0.8400E+12    6.98   2.11  -1  -1   152.05     7  4   0.0  0   0.0  0
       1.6         0.1         0.8         1.1
 166.19659   -46.42729    22.844   11.84  22.77  0.8400E+12    8.70   2.11  -1  -1    67.17     0  4   0.0  0   0.0  0
       0.0         0.0         0.0         0.0
 166.21535   -46.36590    22.844   11.84  22.77  0.8400E+12   10.57   2.11  -1  -1    67.17     0  4   0.0  0   0.0  0
       0.0         0.0         0.0         0.0
 165.88641   -46.95945    18.200   11.84  22.77  0.8400E+12   10.00   2.11  -1  -1    67.17     0  4   0.0  0   0.0  0
       0.0         0.0         0.0         0.0
 165.90517   -46.89806    18.200   11.84  22.77  0.8400E+12    8.00   2.11  -1  -1    67.17     0  4   0.0  0   0.0  0
       0.0         0.0         0.0         0.0
 165.92393   -46.83667    18.200   11.84  22.77  0.8400E+12    6.00   2.11  -1  -1    67.17     0  4   0.0  0   0.0  0
       0.0         0.0         0.0         0.0
 165.94269   -46.77528    18.200   11.84  22.77  0.8400E+12    8.14   2.11  -1  -1    67.61     1  4   0.0  0   0.0  0
       0.1         0.1         0.1         0.1
 165.96144   -46.71389    18.200   11.84  22.77  0.8400E+12    4.33   2.11  -1  -1   121.43    12  4   0.0  0   0.0  0
       4.2         1.1         0.1         0.1
 166.31053   -47.02050    32.131   11.84  22.77  0.8400E+12   10.67   2.11  -1  -1    67.17     0  4   0.0  0   0.0  0
       0.0         0.0         0.0         0.0
 165.99895   -46.59111    18.200   11.84  22.77  0.8400E+12    2.23   2.11  -1  -1   157.03    25  4   0.0  0   0.0  0
       4.9         3.2         2.3         1.3
 166.01770   -46.52972    18.200   11.84  22.77  0.8400E+12    8.76   2.11  -1  -1   153.41    11  4   0.0  0   0.0  0
       0.8         4.1         0.2         0.1
 166.03645   -46.46833    18.200   11.84  22.77  0.8400E+12    8.81   2.11  -1  -1   157.02    18  4   0.0  0   0.0  0
       0.1         3.7         4.0         0.6
 166.05522   -46.40694    18.200   11.84  22.77  0.8400E+12    8.00   2.11  -1  -1    67.17     0  4   0.0  0   0.0  0
       0.0         0.0         0.0         0.0
 166.07397   -46.34555    18.200   11.84  22.77  0.8400E+12   10.00   2.11  -1  -1    67.17     0  4   0.0  0   0.0  0
       0.0         0.0         0.0         0.0
 165.74504   -46.93910    13.556   11.84  22.77  0.8400E+12   10.57   2.11  -1  -1    67.17     0  4   0.0  0   0.0  0
       0.0         0.0         0.0         0.0
 165.76379   -46.87771    13.556   11.84  22.77  0.8400E+12    8.70   2.11  -1  -1    67.17     0  4   0.0  0   0.0  0
       0.0         0.0         0.0         0.0
 165.78256   -46.81632    13.556   11.84  22.77  0.8400E+12    6.91   2.11  -1  -1    67.17     0  4   0.0  0   0.0  0
       0.0         0.0         0.0         0.0
 165.80132   -46.75493    13.556   11.84  22.77  0.8400E+12    9.95   2.11  -1  -1    71.15     4  4   0.0  0   0.0  0
       0.1         0.1         0.1         1.5
 165.82007   -46.69354    13.556   11.84  22.77  0.8400E+12    7.85   2.11  -1  -1    76.22     1  4   0.0  0   0.0  0
       0.1         0.1         0.1         0.1
 165.83882   -46.63215    13.556   11.84  22.77  0.8400E+12    8.63   2.11  -1  -1    96.66     2  4   0.0  0   0.0  0
       0.1         0.3         0.2         0.2
 165.85757   -46.57076    13.556   11.84  22.77  0.8400E+12    4.09   2.11  -1  -1   119.63     3  4   0.0  0   0.0  0
       1.3         0.1         0.2         0.1
 165.87633   -46.50937    13.556   11.84  22.77  0.8400E+12    5.90   2.11  -1  -1   153.35     2  4   0.0  0   0.0  0
       0.1         0.1         0.3         0.3
 165.89508   -46.44798    13.556   11.84  22.77  0.8400E+12    7.74   2.11  -1  -1   156.42     5  4   0.0  0   0.0  0
       0.1         0.1         1.3         0.7
 165.91385   -46.38659    13.556   11.84  22.77  0.8400E+12    8.70   2.11  -1  -1    67.17     0  4   0.0  0   0.0  0
       0.0         0.0         0.0         0.0
 165.93260   -46.32520    13.556   11.84  22.77  0.8400E+12   10.57   2.11  -1  -1    67.17     0  4   0.0  0   0.0  0
       0.0         0.0         0.0         0.0
