2.0
#
# http://equake-rc.info/static/paper/SRF-Description-Graves_2.0.pdf
# RECTANGULAR fault MODEL
#
# All subfaults are   7.0 km long along strike and
#  10.3 km wide along dip
#
# Model length along strike is   77.0 km
#
# Model width along dip is   51.5 km
#
# Corners of the rectangular dislocation model (lat, lon):
#    -46.291   166.041 : corner 1
#    -46.966   166.250 : corner 2
#    -47.000   166.014 : corner 3
#    -46.325   165.805 : corner 4
#
#
# Number of elementary sliprate
# isoceles triangular functions
# per subfault:   4
#
# Half duration of elementary sliprate
# isoceles triangular functions (s):   2.11
# Triangles are overlapping each other by half
#
# slip rate unit: cm/s
#
#
# Seismic moment is converted into slip
# using a single constant value for the
# shear modulus mu of  0.250E+12 dyne/cm2
# assumed to be constant and characteristic
# of the fault shear zone
#
#
#
# "rake" (degrees) is the slip angle (Aki"s convention,
# e.g. rake=+45 means left-lateral-reverse movement.
#
#
# ************************************************
# Total seismic moment M0=  0.623E+26 dyne.cm
# ************************************************
#
#
PLANE 1
 166.14551   -46.62850   11    5    77.000    51.500
168.00  69.00     0.144     0.000    36.050
POINTS   55
 165.98019   -46.65250    33.800  168.00  69.00  0.7210E+12    0.00   2.11  -1  -1    75.81   112  4   0.0  0   0.0  0
      52.7         0.1         0.1         0.1
 165.85707   -46.41396    43.416  168.00  69.00  0.7210E+12    8.52   2.11  -1  -1    36.00     0  4   0.0  0   0.0  0
       0.0         0.0         0.0         0.0
 165.87607   -46.47531    43.416  168.00  69.00  0.7210E+12    6.68   2.11  -1  -1    36.00     0  4   0.0  0   0.0  0
       0.0         0.0         0.0         0.0
 165.89507   -46.53667    43.416  168.00  69.00  0.7210E+12    6.67   2.11  -1  -1   102.62    37  4   0.0  0   0.0  0
      17.3         0.1         0.1         0.1
 165.91406   -46.59802    43.416  168.00  69.00  0.7210E+12    3.96   2.11  -1  -1   101.77    33  4   0.0  0   0.0  0
      14.1         1.2         0.1         0.1
 165.93306   -46.65938    43.416  168.00  69.00  0.7210E+12    3.96   2.11  -1  -1   106.32    10  4   0.0  0   0.0  0
       4.7         0.1         0.1         0.1
 165.95206   -46.72073    43.416  168.00  69.00  0.7210E+12   10.66   2.11  -1  -1    36.25    20  4   0.0  0   0.0  0
       0.1         0.1         0.1         9.5
 165.97105   -46.78209    43.416  168.00  69.00  0.7210E+12    4.97   2.11  -1  -1    36.00     0  4   0.0  0   0.0  0
       0.0         0.0         0.0         0.0
 165.99005   -46.84344    43.416  168.00  69.00  0.7210E+12    6.68   2.11  -1  -1    36.00     0  4   0.0  0   0.0  0
       0.0         0.0         0.0         0.0
 166.00906   -46.90480    43.416  168.00  69.00  0.7210E+12    8.52   2.11  -1  -1    36.00     0  4   0.0  0   0.0  0
       0.0         0.0         0.0         0.0
 166.02806   -46.96615    43.416  168.00  69.00  0.7210E+12   10.42   2.11  -1  -1    36.00     0  4   0.0  0   0.0  0
       0.0         0.0         0.0         0.0
 165.88519   -46.34572    33.800  168.00  69.00  0.7210E+12   10.00   2.11  -1  -1    36.00     0  4   0.0  0   0.0  0
       0.0         0.0         0.0         0.0
 165.90419   -46.40708    33.800  168.00  69.00  0.7210E+12    8.00   2.11  -1  -1    36.00     0  4   0.0  0   0.0  0
       0.0         0.0         0.0         0.0
 165.92320   -46.46843    33.800  168.00  69.00  0.7210E+12    6.00   2.11  -1  -1    36.00     0  4   0.0  0   0.0  0
       0.0         0.0         0.0         0.0
 165.94220   -46.52979    33.800  168.00  69.00  0.7210E+12    4.16   2.11  -1  -1    82.56     1  4   0.0  0   0.0  0
       0.1         0.1         0.1         0.1
 165.96120   -46.59114    33.800  168.00  69.00  0.7210E+12    2.07   2.11  -1  -1    63.61    15  4   0.0  0   0.0  0
       6.9         0.1         0.1         0.1
 165.83806   -46.35260    43.416  168.00  69.00  0.7210E+12   10.42   2.11  -1  -1    36.00     0  4   0.0  0   0.0  0
       0.0         0.0         0.0         0.0
 165.99919   -46.71386    33.800  168.00  69.00  0.7210E+12    2.22   2.11  -1  -1    38.07     1  4   0.0  0   0.0  0
       0.1         0.1         0.1         0.1
 166.01819   -46.77521    33.800  168.00  69.00  0.7210E+12    4.00   2.11  -1  -1    36.00     0  4   0.0  0   0.0  0
       0.0         0.0         0.0         0.0
 166.03719   -46.83657    33.800  168.00  69.00  0.7210E+12    6.00   2.11  -1  -1    36.00     0  4   0.0  0   0.0  0
       0.0         0.0         0.0         0.0
 166.05620   -46.89792    33.800  168.00  69.00  0.7210E+12    8.00   2.11  -1  -1    36.00     0  4   0.0  0   0.0  0
       0.0         0.0         0.0         0.0
 166.07520   -46.95928    33.800  168.00  69.00  0.7210E+12   10.00   2.11  -1  -1    36.00     0  4   0.0  0   0.0  0
       0.0         0.0         0.0         0.0
 165.93233   -46.33885    24.184  168.00  69.00  0.7210E+12   10.42   2.11  -1  -1    36.00     0  4   0.0  0   0.0  0
       0.0         0.0         0.0         0.0
 165.95132   -46.40020    24.184  168.00  69.00  0.7210E+12    8.52   2.11  -1  -1    36.00     0  4   0.0  0   0.0  0
       0.0         0.0         0.0         0.0
 165.97034   -46.46156    24.184  168.00  69.00  0.7210E+12    6.68   2.11  -1  -1    36.00     0  4   0.0  0   0.0  0
       0.0         0.0         0.0         0.0
 165.98933   -46.52291    24.184  168.00  69.00  0.7210E+12    6.67   2.11  -1  -1    39.03     1  4   0.0  0   0.0  0
       0.1         0.1         0.1         0.1
 166.00833   -46.58427    24.184  168.00  69.00  0.7210E+12   10.52   2.11  -1  -1    38.22     1  4   0.0  0   0.0  0
       0.1         0.1         0.1         0.1
 166.02733   -46.64562    24.184  168.00  69.00  0.7210E+12   10.26   2.11  -1  -1    46.82     1  4   0.0  0   0.0  0
       0.1         0.1         0.1         0.2
 166.04633   -46.70698    24.184  168.00  69.00  0.7210E+12    9.91   2.11  -1  -1    37.09    25  4   0.0  0   0.0  0
       0.1         0.1         0.4        11.2
 166.06532   -46.76833    24.184  168.00  69.00  0.7210E+12    4.97   2.11  -1  -1    36.00     0  4   0.0  0   0.0  0
       0.0         0.0         0.0         0.0
 166.08432   -46.82969    24.184  168.00  69.00  0.7210E+12    6.68   2.11  -1  -1    36.00     0  4   0.0  0   0.0  0
       0.0         0.0         0.0         0.0
 166.10332   -46.89104    24.184  168.00  69.00  0.7210E+12    8.52   2.11  -1  -1    36.00     0  4   0.0  0   0.0  0
       0.0         0.0         0.0         0.0
 166.12233   -46.95240    24.184  168.00  69.00  0.7210E+12   10.42   2.11  -1  -1    36.00     0  4   0.0  0   0.0  0
       0.0         0.0         0.0         0.0
 165.97946   -46.33197    14.568  168.00  69.00  0.7210E+12   10.67   2.11  -1  -1    36.00     0  4   0.0  0   0.0  0
       0.0         0.0         0.0         0.0
 165.99846   -46.39333    14.568  168.00  69.00  0.7210E+12    9.93   2.11  -1  -1    36.00     0  4   0.0  0   0.0  0
       0.0         0.0         0.0         0.0
 166.01746   -46.45468    14.568  168.00  69.00  0.7210E+12    8.40   2.11  -1  -1    36.00     0  4   0.0  0   0.0  0
       0.0         0.0         0.0         0.0
 166.03647   -46.51604    14.568  168.00  69.00  0.7210E+12    9.84   2.11  -1  -1    60.94     4  4   0.0  0   0.0  0
       0.1         0.5         1.0         0.1
 166.05547   -46.57739    14.568  168.00  69.00  0.7210E+12    8.90   2.11  -1  -1    45.68     2  4   0.0  0   0.0  0
       0.1         0.1         0.1         0.5
 166.07446   -46.63875    14.568  168.00  69.00  0.7210E+12   10.22   2.11  -1  -1    36.69     3  4   0.0  0   0.0  0
       0.1         0.5         0.3         0.7
 166.09346   -46.70010    14.568  168.00  69.00  0.7210E+12   10.25   2.11  -1  -1    53.63    11  4   0.0  0   0.0  0
       0.1         2.7         2.2         0.1
 166.11246   -46.76146    14.568  168.00  69.00  0.7210E+12    7.12   2.11  -1  -1    36.00     0  4   0.0  0   0.0  0
       0.0         0.0         0.0         0.0
 166.13145   -46.82281    14.568  168.00  69.00  0.7210E+12    8.40   2.11  -1  -1    36.00     0  4   0.0  0   0.0  0
       0.0         0.0         0.0         0.0
 166.15045   -46.88417    14.568  168.00  69.00  0.7210E+12    9.93   2.11  -1  -1    36.00     0  4   0.0  0   0.0  0
       0.0         0.0         0.0         0.0
 166.16946   -46.94552    14.568  168.00  69.00  0.7210E+12   10.67   2.11  -1  -1    36.00     0  4   0.0  0   0.0  0
       0.0         0.0         0.0         0.0
 166.02660   -46.32509     4.952  168.00  69.00  0.7210E+12   10.67   2.11  -1  -1    36.00     0  4   0.0  0   0.0  0
       0.0         0.0         0.0         0.0
 166.04559   -46.38645     4.952  168.00  69.00  0.7210E+12   10.67   2.11  -1  -1    36.00     0  4   0.0  0   0.0  0
       0.0         0.0         0.0         0.0
 166.06459   -46.44780     4.952  168.00  69.00  0.7210E+12   10.67   2.11  -1  -1    36.00     0  4   0.0  0   0.0  0
       0.0         0.0         0.0         0.0
 166.08360   -46.50916     4.952  168.00  69.00  0.7210E+12    9.98   2.11  -1  -1    36.17     8  4   0.0  0   0.0  0
       0.1         0.3         0.3         3.1
 166.10260   -46.57051     4.952  168.00  69.00  0.7210E+12   10.01   2.11  -1  -1    36.30    10  4   0.0  0   0.0  0
       0.6         0.3         0.1         3.8
 166.12160   -46.63187     4.952  168.00  69.00  0.7210E+12    9.38   2.11  -1  -1    36.12    38  4   0.0  0   0.0  0
       8.8         8.4         0.8         0.2
 166.14059   -46.69323     4.952  168.00  69.00  0.7210E+12   10.66   2.11  -1  -1   104.15    13  4   0.0  0   0.0  0
       0.7         1.3         2.0         2.3
 166.15959   -46.75458     4.952  168.00  69.00  0.7210E+12    9.69   2.11  -1  -1    36.00     0  4   0.0  0   0.0  0
       0.0         0.0         0.0         0.0
 166.17859   -46.81594     4.952  168.00  69.00  0.7210E+12   10.67   2.11  -1  -1    36.00     0  4   0.0  0   0.0  0
       0.0         0.0         0.0         0.0
 166.19759   -46.87729     4.952  168.00  69.00  0.7210E+12   10.67   2.11  -1  -1    36.00     0  4   0.0  0   0.0  0
       0.0         0.0         0.0         0.0
 166.21658   -46.93864     4.952  168.00  69.00  0.7210E+12   10.67   2.11  -1  -1    36.00     0  4   0.0  0   0.0  0
       0.0         0.0         0.0         0.0
