2.0
#
# http://equake-rc.info/static/paper/SRF-Description-Graves_2.0.pdf
# RECTANGULAR fault MODEL
#
# All subfaults are   8.0 km long along strike and
#  10.7 km wide along dip
#
# Model length along strike is   88.0 km
#
# Model width along dip is   53.5 km
#
# Corners of the rectangular dislocation model (lat, lon):
#    -46.264   165.871 : corner 1
#    -47.022   166.187 : corner 2
#    -47.054   166.025 : corner 3
#    -46.296   165.708 : corner 4
#
#
# Number of elementary sliprate
# isoceles triangular functions
# per subfault:   4
#
# Half duration of elementary sliprate
# isoceles triangular functions (s):   2.27
# Triangles are overlapping each other by half
#
# slip rate unit: cm/s
#
#
# Seismic moment is converted into slip
# using a single constant value for the
# shear modulus mu of  0.250E+12 dyne/cm2
# assumed to be constant and characteristic
# of the fault shear zone
#
#
#
# "rake" (degrees) is the slip angle (Aki"s convention,
# e.g. rake=+45 means left-lateral-reverse movement.
#
#
# ************************************************
# Total seismic moment M0=  0.866E+26 dyne.cm
# ************************************************
#
#
PLANE 1
 166.02899   -46.64300   11    5    88.000    53.500
164.00  76.00     0.027     0.000    16.049
POINTS   55
 165.98019   -46.65250    15.600  164.00  76.00  0.8560E+12    0.00   2.27  -1  -1    89.16    70  4   0.0  0   0.0  0
      30.6         0.1         0.1         0.1
 165.76759   -46.39604    46.746  164.00  76.00  0.8560E+12   12.04   2.27  -1  -1    37.00     0  4   0.0  0   0.0  0
       0.0         0.0         0.0         0.0
 165.79639   -46.46495    46.746  164.00  76.00  0.8560E+12   11.45   2.27  -1  -1    37.00     0  4   0.0  0   0.0  0
       0.0         0.0         0.0         0.0
 165.82516   -46.53386    46.746  164.00  76.00  0.8560E+12   11.80   2.27  -1  -1    37.13     1  4   0.0  0   0.0  0
       0.1         0.1         0.1         0.1
 165.85396   -46.60277    46.746  164.00  76.00  0.8560E+12   11.83   2.27  -1  -1    37.65     1  4   0.0  0   0.0  0
       0.1         0.1         0.1         0.1
 165.88275   -46.67168    46.746  164.00  76.00  0.8560E+12   12.02   2.27  -1  -1    37.44     1  4   0.0  0   0.0  0
       0.1         0.1         0.1         0.1
 165.91153   -46.74059    46.746  164.00  76.00  0.8560E+12   11.38   2.27  -1  -1    37.32     2  4   0.0  0   0.0  0
       0.1         0.1         0.1         0.5
 165.94032   -46.80950    46.746  164.00  76.00  0.8560E+12   10.25   2.27  -1  -1    37.00     0  4   0.0  0   0.0  0
       0.0         0.0         0.0         0.0
 165.96910   -46.87841    46.746  164.00  76.00  0.8560E+12   12.02   2.27  -1  -1    49.08    32  4   0.0  0   0.0  0
       0.1         0.1         0.1        13.9
 165.99789   -46.94732    46.746  164.00  76.00  0.8560E+12   12.04   2.27  -1  -1    37.00     0  4   0.0  0   0.0  0
       0.0         0.0         0.0         0.0
 166.02667   -47.01623    46.746  164.00  76.00  0.8560E+12   12.04   2.27  -1  -1    37.00     0  4   0.0  0   0.0  0
       0.0         0.0         0.0         0.0
 165.77130   -46.32074    36.364  164.00  76.00  0.8560E+12   12.04   2.27  -1  -1    37.00     0  4   0.0  0   0.0  0
       0.0         0.0         0.0         0.0
 165.80008   -46.38965    36.364  164.00  76.00  0.8560E+12   11.00   2.27  -1  -1    37.00     0  4   0.0  0   0.0  0
       0.0         0.0         0.0         0.0
 165.82887   -46.45856    36.364  164.00  76.00  0.8560E+12    9.19   2.27  -1  -1    37.00     0  4   0.0  0   0.0  0
       0.0         0.0         0.0         0.0
 165.85765   -46.52747    36.364  164.00  76.00  0.8560E+12    7.80   2.27  -1  -1   105.24    17  4   0.0  0   0.0  0
       7.2         0.1         0.1         0.1
 165.88644   -46.59638    36.364  164.00  76.00  0.8560E+12    6.60   2.27  -1  -1    89.76    23  4   0.0  0   0.0  0
       9.9         0.1         0.1         0.1
 165.91522   -46.66529    36.364  164.00  76.00  0.8560E+12   12.01   2.27  -1  -1    37.29     1  4   0.0  0   0.0  0
       0.1         0.1         0.1         0.1
 165.94402   -46.73420    36.364  164.00  76.00  0.8560E+12   11.06   2.27  -1  -1    37.04    16  4   0.0  0   0.0  0
       0.1         0.1         0.1         6.9
 165.97279   -46.80311    36.364  164.00  76.00  0.8560E+12    7.63   2.27  -1  -1    37.00     0  4   0.0  0   0.0  0
       0.0         0.0         0.0         0.0
 166.00159   -46.87202    36.364  164.00  76.00  0.8560E+12   11.90   2.27  -1  -1    38.05     2  4   0.0  0   0.0  0
       0.1         0.1         0.6         0.2
 166.03038   -46.94093    36.364  164.00  76.00  0.8560E+12   11.00   2.27  -1  -1    37.00     0  4   0.0  0   0.0  0
       0.0         0.0         0.0         0.0
 166.05916   -47.00984    36.364  164.00  76.00  0.8560E+12   12.04   2.27  -1  -1    37.00     0  4   0.0  0   0.0  0
       0.0         0.0         0.0         0.0
 165.80377   -46.31434    25.982  164.00  76.00  0.8560E+12   11.83   2.27  -1  -1    37.00     0  4   0.0  0   0.0  0
       0.0         0.0         0.0         0.0
 165.83257   -46.38326    25.982  164.00  76.00  0.8560E+12    9.64   2.27  -1  -1    37.00     0  4   0.0  0   0.0  0
       0.0         0.0         0.0         0.0
 165.86136   -46.45216    25.982  164.00  76.00  0.8560E+12    7.51   2.27  -1  -1    37.00     0  4   0.0  0   0.0  0
       0.0         0.0         0.0         0.0
 165.89014   -46.52107    25.982  164.00  76.00  0.8560E+12    5.57   2.27  -1  -1    84.00     5  4   0.0  0   0.0  0
       2.1         0.1         0.1         0.1
 165.91893   -46.58998    25.982  164.00  76.00  0.8560E+12    3.82   2.27  -1  -1    51.63    40  4   0.0  0   0.0  0
      17.5         0.1         0.1         0.1
 165.94771   -46.65889    25.982  164.00  76.00  0.8560E+12    3.08   2.27  -1  -1    62.71    16  4   0.0  0   0.0  0
       6.9         0.1         0.1         0.1
 165.97650   -46.72780    25.982  164.00  76.00  0.8560E+12   11.05   2.27  -1  -1    37.19     7  4   0.0  0   0.0  0
       0.1         0.1         1.4         1.5
 166.00528   -46.79671    25.982  164.00  76.00  0.8560E+12    5.50   2.27  -1  -1    37.00     0  4   0.0  0   0.0  0
       0.0         0.0         0.0         0.0
 166.03407   -46.86562    25.982  164.00  76.00  0.8560E+12    9.98   2.27  -1  -1    48.00    10  4   0.0  0   0.0  0
       0.1         0.1         1.8         2.7
 166.06285   -46.93453    25.982  164.00  76.00  0.8560E+12    9.64   2.27  -1  -1    37.00     0  4   0.0  0   0.0  0
       0.0         0.0         0.0         0.0
 166.09164   -47.00344    25.982  164.00  76.00  0.8560E+12   11.83   2.27  -1  -1    37.00     0  4   0.0  0   0.0  0
       0.0         0.0         0.0         0.0
 165.83626   -46.30795    15.600  164.00  76.00  0.8560E+12   11.43   2.27  -1  -1    37.00     0  4   0.0  0   0.0  0
       0.0         0.0         0.0         0.0
 165.86505   -46.37686    15.600  164.00  76.00  0.8560E+12    9.14   2.27  -1  -1    37.00     0  4   0.0  0   0.0  0
       0.0         0.0         0.0         0.0
 165.89383   -46.44577    15.600  164.00  76.00  0.8560E+12    6.86   2.27  -1  -1    37.00     0  4   0.0  0   0.0  0
       0.0         0.0         0.0         0.0
 165.92262   -46.51468    15.600  164.00  76.00  0.8560E+12    7.12   2.27  -1  -1   108.34     5  4   0.0  0   0.0  0
       1.3         0.6         0.4         0.1
 165.95140   -46.58359    15.600  164.00  76.00  0.8560E+12    3.50   2.27  -1  -1   108.19     6  4   0.0  0   0.0  0
       0.1         0.7         1.7         0.1
 165.73882   -46.32713    46.746  164.00  76.00  0.8560E+12   12.04   2.27  -1  -1    37.00     0  4   0.0  0   0.0  0
       0.0         0.0         0.0         0.0
 166.00899   -46.72141    15.600  164.00  76.00  0.8560E+12    7.70   2.27  -1  -1    37.27    15  4   0.0  0   0.0  0
       0.1         0.1         0.1         6.3
 166.03777   -46.79032    15.600  164.00  76.00  0.8560E+12    4.57   2.27  -1  -1    37.00     0  4   0.0  0   0.0  0
       0.0         0.0         0.0         0.0
 166.06656   -46.85923    15.600  164.00  76.00  0.8560E+12   11.01   2.27  -1  -1   105.68     7  4   0.0  0   0.0  0
       0.1         0.3         2.4         0.2
 166.09534   -46.92814    15.600  164.00  76.00  0.8560E+12    9.14   2.27  -1  -1    37.00     0  4   0.0  0   0.0  0
       0.0         0.0         0.0         0.0
 166.12413   -46.99705    15.600  164.00  76.00  0.8560E+12   11.43   2.27  -1  -1    37.00     0  4   0.0  0   0.0  0
       0.0         0.0         0.0         0.0
 165.86874   -46.30156     5.218  164.00  76.00  0.8560E+12   11.83   2.27  -1  -1    37.00     0  4   0.0  0   0.0  0
       0.0         0.0         0.0         0.0
 165.89754   -46.37047     5.218  164.00  76.00  0.8560E+12    9.64   2.27  -1  -1    37.00     0  4   0.0  0   0.0  0
       0.0         0.0         0.0         0.0
 165.92632   -46.43938     5.218  164.00  76.00  0.8560E+12    7.51   2.27  -1  -1    37.00     0  4   0.0  0   0.0  0
       0.0         0.0         0.0         0.0
 165.95511   -46.50829     5.218  164.00  76.00  0.8560E+12   11.70   2.27  -1  -1    37.07    11  4   0.0  0   0.0  0
       0.9         1.8         2.1         0.1
 165.98389   -46.57720     5.218  164.00  76.00  0.8560E+12   11.13   2.27  -1  -1    46.18    23  4   0.0  0   0.0  0
       1.9         1.3         3.1         3.8
 166.01268   -46.64611     5.218  164.00  76.00  0.8560E+12    6.61   2.27  -1  -1    42.46    26  4   0.0  0   0.0  0
       8.1         0.4         2.0         1.2
 166.04146   -46.71502     5.218  164.00  76.00  0.8560E+12    7.98   2.27  -1  -1    37.10    44  4   0.0  0   0.0  0
       8.1         6.0         5.0         0.4
 166.07025   -46.78393     5.218  164.00  76.00  0.8560E+12    5.50   2.27  -1  -1    37.00     0  4   0.0  0   0.0  0
       0.0         0.0         0.0         0.0
 166.09903   -46.85284     5.218  164.00  76.00  0.8560E+12    9.87   2.27  -1  -1   126.91    23  4   0.0  0   0.0  0
       1.3         7.2         1.5         0.2
 166.12782   -46.92175     5.218  164.00  76.00  0.8560E+12    9.64   2.27  -1  -1    37.00     0  4   0.0  0   0.0  0
       0.0         0.0         0.0         0.0
 166.15662   -46.99066     5.218  164.00  76.00  0.8560E+12   11.83   2.27  -1  -1    37.00     0  4   0.0  0   0.0  0
       0.0         0.0         0.0         0.0
