2.0
#
# http://equake-rc.info/static/paper/SRF-Description-Graves_2.0.pdf
# RECTANGULAR fault MODEL
#
# All subfaults are   6.0 km long along strike and
#   5.8 km wide along dip
#
# Model length along strike is   54.0 km
#
# Model width along dip is   29.0 km
#
# Corners of the rectangular dislocation model (lat, lon):
#     39.988    22.042 : corner 1
#     39.621    22.457 : corner 2
#     39.522    22.310 : corner 3
#     39.889    21.895 : corner 4
#
#
# Number of elementary sliprate
# isoceles triangular functions
# per subfault:   4
#
# Half duration of elementary sliprate
# isoceles triangular functions (s):   1.67
# Triangles are overlapping each other by half
#
# slip rate unit: cm/s
#
#
# Seismic moment is converted into slip
# using a single constant value for the
# shear modulus mu of  0.250E+12 dyne/cm2
# assumed to be constant and characteristic
# of the fault shear zone
#
#
#
# "rake" (degrees) is the slip angle (Aki"s convention,
# e.g. rake=+45 means left-lateral-reverse movement.
#
#
# ************************************************
# Total seismic moment M0=  0.453E+26 dyne.cm
# ************************************************
#
#
PLANE 1
  22.24950    39.80450    9    5    54.000    29.000
139.00  55.00     0.122     0.000    14.499
POINTS   45
  22.17600    39.75500    12.000  139.00  55.00  0.3480E+12    0.00   1.67  -1  -1   -62.55    33  4   0.0  0   0.0  0
       8.4         9.0         2.1         0.2
  21.97890    39.83801    21.502  139.00  55.00  0.3480E+12    8.03   1.67  -1  -1  -127.25    39  4   0.0  0   0.0  0
       0.1         0.1         3.6        19.3
  22.02500    39.79724    21.502  139.00  55.00  0.3480E+12    7.01   1.67  -1  -1  -127.85    31  4   0.0  0   0.0  0
       1.9        13.8         2.5         0.3
  22.07110    39.75647    21.502  139.00  55.00  0.3480E+12    7.41   1.67  -1  -1  -122.48     8  4   0.0  0   0.0  0
       1.9         0.1         0.6         2.2
  22.11720    39.71570    21.502  139.00  55.00  0.3480E+12    7.69   1.67  -1  -1  -122.63     3  4   0.0  0   0.0  0
       0.1         0.1         0.1         1.8
  22.16329    39.67493    21.502  139.00  55.00  0.3480E+12    8.08   1.67  -1  -1   -75.22     1  4   0.0  0   0.0  0
       0.1         0.1         0.1         0.1
  22.20939    39.63416    21.502  139.00  55.00  0.3480E+12    7.36   1.67  -1  -1  -105.22     1  4   0.0  0   0.0  0
       0.1         0.1         0.2         0.1
  22.25549    39.59340    21.502  139.00  55.00  0.3480E+12    7.48   1.67  -1  -1  -107.57     4  4   0.0  0   0.0  0
       0.1         0.1         0.1         2.3
  22.30159    39.55263    21.502  139.00  55.00  0.3480E+12    7.62   1.67  -1  -1  -128.00     0  4   0.0  0   0.0  0
       0.0         0.0         0.0         0.0
  21.96220    39.89843    16.751  139.00  55.00  0.3480E+12    7.05   1.67  -1  -1  -128.00     0  4   0.0  0   0.0  0
       0.0         0.0         0.0         0.0
  22.00830    39.85766    16.751  139.00  55.00  0.3480E+12    6.96   1.67  -1  -1  -124.45     1  4   0.0  0   0.0  0
       0.2         0.1         0.1         0.1
  22.05440    39.81689    16.751  139.00  55.00  0.3480E+12    5.97   1.67  -1  -1   -89.48     5  4   0.0  0   0.0  0
       2.9         0.1         0.1         0.1
  22.10050    39.77612    16.751  139.00  55.00  0.3480E+12    5.72   1.67  -1  -1   -94.57     6  4   0.0  0   0.0  0
       1.0         2.2         0.1         0.1
  22.14660    39.73535    16.751  139.00  55.00  0.3480E+12    1.92   1.67  -1  -1   -78.06     3  4   0.0  0   0.0  0
       1.6         0.2         0.1         0.1
  22.19270    39.69458    16.751  139.00  55.00  0.3480E+12    2.59   1.67  -1  -1   -71.98     6  4   0.0  0   0.0  0
       3.0         0.1         0.1         0.7
  22.23879    39.65381    16.751  139.00  55.00  0.3480E+12    8.01   1.67  -1  -1   -43.02     1  4   0.0  0   0.0  0
       0.3         0.1         0.1         0.1
  22.28489    39.61304    16.751  139.00  55.00  0.3480E+12    6.17   1.67  -1  -1   -52.22     3  4   0.0  0   0.0  0
       0.9         0.1         0.8         0.1
  22.33099    39.57228    16.751  139.00  55.00  0.3480E+12    7.05   1.67  -1  -1  -128.00     0  4   0.0  0   0.0  0
       0.0         0.0         0.0         0.0
  21.99161    39.91808    12.000  139.00  55.00  0.3480E+12    6.86   1.67  -1  -1  -128.00     0  4   0.0  0   0.0  0
       0.0         0.0         0.0         0.0
  22.03770    39.87731    12.000  139.00  55.00  0.3480E+12    8.08   1.67  -1  -1   -87.87     1  4   0.0  0   0.0  0
       0.1         0.1         0.1         0.1
  22.08380    39.83654    12.000  139.00  55.00  0.3480E+12    4.17   1.67  -1  -1   -85.90    23  4   0.0  0   0.0  0
      13.5         0.1         0.1         0.1
  22.12990    39.79577    12.000  139.00  55.00  0.3480E+12    1.90   1.67  -1  -1  -100.06    33  4   0.0  0   0.0  0
      18.1         0.3         1.3         0.1
  21.93280    39.87878    21.502  139.00  55.00  0.3480E+12    7.62   1.67  -1  -1  -128.00     0  4   0.0  0   0.0  0
       0.0         0.0         0.0         0.0
  22.22210    39.71423    12.000  139.00  55.00  0.3480E+12    2.73   1.67  -1  -1   -90.61    52  4   0.0  0   0.0  0
      24.5         6.1         0.4         0.1
  22.26820    39.67346    12.000  139.00  55.00  0.3480E+12    3.67   1.67  -1  -1   -58.34    17  4   0.0  0   0.0  0
       3.9         1.9         0.7         3.4
  22.31430    39.63269    12.000  139.00  55.00  0.3480E+12    5.35   1.67  -1  -1   -67.00    13  4   0.0  0   0.0  0
       4.0         0.1         3.6         0.3
  22.36039    39.59193    12.000  139.00  55.00  0.3480E+12    6.86   1.67  -1  -1  -128.00     0  4   0.0  0   0.0  0
       0.0         0.0         0.0         0.0
  22.02101    39.93773     7.249  139.00  55.00  0.3480E+12    7.05   1.67  -1  -1  -128.00     0  4   0.0  0   0.0  0
       0.0         0.0         0.0         0.0
  22.06711    39.89696     7.249  139.00  55.00  0.3480E+12    5.64   1.67  -1  -1   -78.01     0  4   0.0  0   0.0  0
       0.1         0.1         0.1         0.1
  22.11321    39.85619     7.249  139.00  55.00  0.3480E+12    3.96   1.67  -1  -1   -77.30     5  4   0.0  0   0.0  0
       2.7         0.1         0.1         0.1
  22.15931    39.81542     7.249  139.00  55.00  0.3480E+12    2.71   1.67  -1  -1  -100.67    18  4   0.0  0   0.0  0
       7.6         2.8         0.1         0.1
  22.20540    39.77465     7.249  139.00  55.00  0.3480E+12    1.77   1.67  -1  -1   -99.97    36  4   0.0  0   0.0  0
      15.5         2.4         3.6         0.1
  22.25150    39.73388     7.249  139.00  55.00  0.3480E+12    6.34   1.67  -1  -1   -62.38    23  4   0.0  0   0.0  0
       6.1         5.0         2.5         0.2
  22.29760    39.69311     7.249  139.00  55.00  0.3480E+12    3.89   1.67  -1  -1  -110.73    36  4   0.0  0   0.0  0
      20.3         0.4         0.1         0.7
  22.34370    39.65234     7.249  139.00  55.00  0.3480E+12    6.55   1.67  -1  -1   -69.69    15  4   0.0  0   0.0  0
       0.1         5.2         3.7         0.1
  22.38980    39.61158     7.249  139.00  55.00  0.3480E+12    7.05   1.67  -1  -1  -128.00     0  4   0.0  0   0.0  0
       0.0         0.0         0.0         0.0
  22.05041    39.95737     2.498  139.00  55.00  0.3480E+12    7.62   1.67  -1  -1  -128.00     0  4   0.0  0   0.0  0
       0.0         0.0         0.0         0.0
  22.09651    39.91661     2.498  139.00  55.00  0.3480E+12    7.40   1.67  -1  -1   -79.74     1  4   0.0  0   0.0  0
       0.1         0.1         0.1         0.1
  22.14261    39.87584     2.498  139.00  55.00  0.3480E+12    6.98   1.67  -1  -1   -46.56     6  4   0.0  0   0.0  0
       0.1         1.2         2.0         0.1
  22.18871    39.83507     2.498  139.00  55.00  0.3480E+12    5.28   1.67  -1  -1   -38.35     8  4   0.0  0   0.0  0
       0.1         0.1         1.9         2.9
  22.23481    39.79430     2.498  139.00  55.00  0.3480E+12    3.96   1.67  -1  -1   -91.74    15  4   0.0  0   0.0  0
       8.6         0.1         0.1         0.1
  22.28090    39.75353     2.498  139.00  55.00  0.3480E+12    3.74   1.67  -1  -1   -89.52     6  4   0.0  0   0.0  0
       3.1         0.2         0.1         0.1
  22.32700    39.71276     2.498  139.00  55.00  0.3480E+12    4.80   1.67  -1  -1   -83.19    47  4   0.0  0   0.0  0
      27.9         0.1         0.1         0.1
  22.37310    39.67199     2.498  139.00  55.00  0.3480E+12    7.74   1.67  -1  -1  -107.01    22  4   0.0  0   0.0  0
       4.0         0.2         2.2         6.7
  22.41920    39.63123     2.498  139.00  55.00  0.3480E+12    7.62   1.67  -1  -1  -128.00     0  4   0.0  0   0.0  0
       0.0         0.0         0.0         0.0
