2.0
#
# http://equake-rc.info/static/paper/SRF-Description-Graves_2.0.pdf
# RECTANGULAR fault MODEL
#
# All subfaults are   4.0 km long along strike and
#   7.0 km wide along dip
#
# Model length along strike is   36.0 km
#
# Model width along dip is   35.0 km
#
# Corners of the rectangular dislocation model (lat, lon):
#    -22.549   170.349 : corner 1
#    -22.402   170.038 : corner 2
#    -22.160   170.171 : corner 3
#    -22.307   170.482 : corner 4
#
#
# Number of elementary sliprate
# isoceles triangular functions
# per subfault:   4
#
# Half duration of elementary sliprate
# isoceles triangular functions (s):   1.33
# Triangles are overlapping each other by half
#
# slip rate unit: cm/s
#
#
# Seismic moment is converted into slip
# using a single constant value for the
# shear modulus mu of  0.250E+12 dyne/cm2
# assumed to be constant and characteristic
# of the fault shear zone
#
#
#
# "rake" (degrees) is the slip angle (Aki"s convention,
# e.g. rake=+45 means left-lateral-reverse movement.
#
#
# ************************************************
# Total seismic moment M0=  0.109E+26 dyne.cm
# ************************************************
#
#
PLANE 1
 170.19350   -22.47550    9    5    36.000    35.000
297.02  30.14     5.929     0.000    10.500
POINTS   45
 170.23331   -22.40310    11.200  297.02  30.14  0.2800E+12    0.00   1.33  -1  -1   105.60     5  4   0.0  0   0.0  0
       0.3         1.1         0.3         2.1
 170.41710   -22.30684    21.743  297.02  30.14  0.2800E+12    5.67   1.33  -1  -1    96.47    11  4   0.0  0   0.0  0
       0.4         0.1         0.1         7.9
 170.38252   -22.29054    21.743  297.02  30.14  0.2800E+12    5.67   1.33  -1  -1    82.55     5  4   0.0  0   0.0  0
       0.7         0.1         0.1         2.7
 170.34795   -22.27424    21.743  297.02  30.14  0.2800E+12    5.67   1.33  -1  -1    40.12     7  4   0.0  0   0.0  0
       4.7         0.1         0.1         0.1
 170.31337   -22.25794    21.743  297.02  30.14  0.2800E+12    5.67   1.33  -1  -1    44.40     1  4   0.0  0   0.0  0
       0.3         0.1         0.1         0.1
 170.27878   -22.24164    21.743  297.02  30.14  0.2800E+12    5.67   1.33  -1  -1    45.00     0  4   0.0  0   0.0  0
       0.2         0.1         0.0         0.1
 170.24420   -22.22534    21.743  297.02  30.14  0.2800E+12    5.67   1.33  -1  -1    39.82     0  4   0.0  0   0.0  0
       0.0         0.0         0.0         0.0
 170.20963   -22.20904    21.743  297.02  30.14  0.2800E+12    5.67   1.33  -1  -1   103.27     0  4   0.0  0   0.0  0
       0.1         0.1         0.1         0.0
 170.17505   -22.19274    21.743  297.02  30.14  0.2800E+12    5.67   1.33  -1  -1    83.24     0  4   0.0  0   0.0  0
       0.1         0.0         0.1         0.0
 170.42500   -22.37153    18.229  297.02  30.14  0.2800E+12    5.67   1.33  -1  -1    39.82     0  4   0.0  0   0.0  0
       0.0         0.0         0.0         0.0
 170.39041   -22.35523    18.229  297.02  30.14  0.2800E+12    5.33   1.33  -1  -1    41.51     3  4   0.0  0   0.0  0
       1.3         0.5         0.2         0.3
 170.35583   -22.33893    18.229  297.02  30.14  0.2800E+12    4.66   1.33  -1  -1    42.86     2  4   0.0  0   0.0  0
       0.4         0.3         0.2         0.9
 170.32126   -22.32263    18.229  297.02  30.14  0.2800E+12    4.51   1.33  -1  -1    45.02     1  4   0.0  0   0.0  0
       0.1         0.1         0.1         0.6
 170.28668   -22.30633    18.229  297.02  30.14  0.2800E+12    4.75   1.33  -1  -1    44.89     0  4   0.0  0   0.0  0
       0.1         0.0         0.0         0.1
 170.25209   -22.29003    18.229  297.02  30.14  0.2800E+12    4.81   1.33  -1  -1    42.20     0  4   0.0  0   0.0  0
       0.1         0.1         0.0         0.1
 170.21751   -22.27373    18.229  297.02  30.14  0.2800E+12    4.61   1.33  -1  -1    39.82     0  4   0.0  0   0.0  0
       0.0         0.0         0.0         0.0
 170.18294   -22.25742    18.229  297.02  30.14  0.2800E+12    5.41   1.33  -1  -1   118.74     0  4   0.0  0   0.0  0
       0.1         0.1         0.0         0.1
 170.14836   -22.24112    18.229  297.02  30.14  0.2800E+12    5.67   1.33  -1  -1   127.05     1  4   0.0  0   0.0  0
       0.6         0.1         0.1         0.1
 170.39832   -22.41992    14.714  297.02  30.14  0.2800E+12    4.99   1.33  -1  -1    39.82     0  4   0.0  0   0.0  0
       0.0         0.0         0.0         0.0
 170.36374   -22.40362    14.714  297.02  30.14  0.2800E+12    4.10   1.33  -1  -1    39.89    12  4   0.0  0   0.0  0
       6.3         1.6         0.4         1.0
 170.32915   -22.38732    14.714  297.02  30.14  0.2800E+12    3.16   1.33  -1  -1    42.64     6  4   0.0  0   0.0  0
       1.3         1.2         1.2         0.5
 170.29457   -22.37101    14.714  297.02  30.14  0.2800E+12    4.92   1.33  -1  -1    43.08     1  4   0.0  0   0.0  0
       0.1         0.3         0.1         0.1
 170.25999   -22.35471    14.714  297.02  30.14  0.2800E+12    2.50   1.33  -1  -1    78.54     1  4   0.0  0   0.0  0
       0.1         0.2         0.1         0.1
 170.22542   -22.33841    14.714  297.02  30.14  0.2800E+12    2.93   1.33  -1  -1   120.07     3  4   0.0  0   0.0  0
       1.5         0.7         0.0         0.1
 170.19083   -22.32211    14.714  297.02  30.14  0.2800E+12    3.04   1.33  -1  -1    39.82     0  4   0.0  0   0.0  0
       0.0         0.0         0.0         0.0
 170.15625   -22.30581    14.714  297.02  30.14  0.2800E+12    4.46   1.33  -1  -1   129.45     6  4   0.0  0   0.0  0
       0.0         2.2         2.0         0.1
 170.12167   -22.28951    14.714  297.02  30.14  0.2800E+12    5.03   1.33  -1  -1   127.43     2  4   0.0  0   0.0  0
       0.1         0.7         0.1         0.7
 170.37163   -22.46830    11.200  297.02  30.14  0.2800E+12    4.57   1.33  -1  -1    39.82     0  4   0.0  0   0.0  0
       0.0         0.0         0.0         0.0
 170.33705   -22.45200    11.200  297.02  30.14  0.2800E+12    4.58   1.33  -1  -1    40.52     2  4   0.0  0   0.0  0
       0.1         0.1         0.1         1.3
 170.30246   -22.43570    11.200  297.02  30.14  0.2800E+12    3.85   1.33  -1  -1    51.69     1  4   0.0  0   0.0  0
       0.2         0.1         0.1         0.1
 170.26788   -22.41940    11.200  297.02  30.14  0.2800E+12    1.27   1.33  -1  -1   100.68    15  4   0.0  0   0.0  0
      10.9         0.1         0.1         0.1
 170.45169   -22.32315    21.743  297.02  30.14  0.2800E+12    5.67   1.33  -1  -1    39.82     0  4   0.0  0   0.0  0
       0.0         0.0         0.0         0.0
 170.19873   -22.38680    11.200  297.02  30.14  0.2800E+12    3.95   1.33  -1  -1   114.00     7  4   0.0  0   0.0  0
       3.3         1.6         0.3         0.0
 170.16415   -22.37050    11.200  297.02  30.14  0.2800E+12    2.29   1.33  -1  -1    39.82     0  4   0.0  0   0.0  0
       0.0         0.0         0.0         0.0
 170.12956   -22.35420    11.200  297.02  30.14  0.2800E+12    4.67   1.33  -1  -1   123.63     3  4   0.0  0   0.0  0
       0.1         2.3         0.1         0.1
 170.09499   -22.33789    11.200  297.02  30.14  0.2800E+12    4.96   1.33  -1  -1   115.33     3  4   0.0  0   0.0  0
       0.1         0.1         0.1         2.0
 170.34494   -22.51669     7.686  297.02  30.14  0.2800E+12    4.99   1.33  -1  -1    39.82     0  4   0.0  0   0.0  0
       0.0         0.0         0.0         0.0
 170.31036   -22.50039     7.686  297.02  30.14  0.2800E+12    5.60   1.33  -1  -1    52.57     2  4   0.0  0   0.0  0
       0.1         0.0         0.1         1.0
 170.27579   -22.48409     7.686  297.02  30.14  0.2800E+12    3.36   1.33  -1  -1    57.58     1  4   0.0  0   0.0  0
       0.4         0.1         0.1         0.0
 170.24120   -22.46779     7.686  297.02  30.14  0.2800E+12    2.72   1.33  -1  -1    94.61    12  4   0.0  0   0.0  0
       8.7         0.1         0.1         0.1
 170.20662   -22.45148     7.686  297.02  30.14  0.2800E+12    2.24   1.33  -1  -1    81.69    19  4   0.0  0   0.0  0
      13.1         1.2         0.1         0.1
 170.17204   -22.43518     7.686  297.02  30.14  0.2800E+12    2.74   1.33  -1  -1    80.13    12  4   0.0  0   0.0  0
       5.4         3.5         0.2         0.1
 170.13747   -22.41888     7.686  297.02  30.14  0.2800E+12    3.04   1.33  -1  -1    39.82     0  4   0.0  0   0.0  0
       0.0         0.0         0.0         0.0
 170.10287   -22.40258     7.686  297.02  30.14  0.2800E+12    4.13   1.33  -1  -1    68.58     6  4   0.0  0   0.0  0
       3.4         0.7         0.2         0.1
 170.06830   -22.38628     7.686  297.02  30.14  0.2800E+12    5.55   1.33  -1  -1    66.53     5  4   0.0  0   0.0  0
       3.3         0.1         0.1         0.0
