2.0
#
# http://equake-rc.info/static/paper/SRF-Description-Graves_2.0.pdf
# RECTANGULAR fault MODEL
#
# All subfaults are  10.0 km long along strike and
#  18.0 km wide along dip
#
# Model length along strike is  110.0 km
#
# Model width along dip is   90.0 km
#
# Corners of the rectangular dislocation model (lat, lon):
#    -23.044   -68.893 : corner 1
#    -22.057   -68.912 : corner 2
#    -22.052   -68.627 : corner 3
#    -23.039   -68.609 : corner 4
#
#
# Number of elementary sliprate
# isoceles triangular functions
# per subfault:   4
#
# Half duration of elementary sliprate
# isoceles triangular functions (s):   2.65
# Triangles are overlapping each other by half
#
# slip rate unit: cm/s
#
#
# Seismic moment is converted into slip
# using a single constant value for the
# shear modulus mu of  0.250E+12 dyne/cm2
# assumed to be constant and characteristic
# of the fault shear zone
#
#
#
# "rake" (degrees) is the slip angle (Aki"s convention,
# e.g. rake=+45 means left-lateral-reverse movement.
#
#
# ************************************************
# Total seismic moment M0=  0.137E+27 dyne.cm
# ************************************************
#
#
PLANE 1
 -68.90250   -22.55050   11    5   110.000    90.000
359.00  71.00    30.432     0.000    63.001
POINTS   55
 -68.70330   -22.54720    90.000  359.00  71.00  0.1800E+13    0.00   2.65  -1  -1   -79.94    62  4   0.0  0   0.0  0
      19.6         1.3         2.2         0.1
 -68.63960   -22.90509   107.019  359.00  71.00  0.1800E+13   12.53   2.65  -1  -1  -142.00     0  4   0.0  0   0.0  0
       0.0         0.0         0.0         0.0
 -68.64130   -22.81539   107.019  359.00  71.00  0.1800E+13   13.99   2.65  -1  -1  -104.73     1  4   0.0  0   0.0  0
       0.1         0.1         0.1         0.1
 -68.64299   -22.72568   107.019  359.00  71.00  0.1800E+13    7.83   2.65  -1  -1   -70.53     1  4   0.0  0   0.0  0
       0.1         0.1         0.1         0.1
 -68.64469   -22.63598   107.019  359.00  71.00  0.1800E+13   13.99   2.65  -1  -1  -122.75     1  4   0.0  0   0.0  0
       0.1         0.1         0.1         0.1
 -68.64639   -22.54628   107.019  359.00  71.00  0.1800E+13    5.17   2.65  -1  -1  -119.29     4  4   0.0  0   0.0  0
       1.0         0.1         0.1         0.1
 -68.64808   -22.45658   107.019  359.00  71.00  0.1800E+13    5.91   2.65  -1  -1  -118.03    11  4   0.0  0   0.0  0
       3.7         0.1         0.1         0.1
 -68.64977   -22.36688   107.019  359.00  71.00  0.1800E+13    8.99   2.65  -1  -1  -139.38    30  4   0.0  0   0.0  0
      11.1         0.1         0.1         0.1
 -68.65147   -22.27718   107.019  359.00  71.00  0.1800E+13   15.25   2.65  -1  -1  -141.27     1  4   0.0  0   0.0  0
       0.2         0.1         0.1         0.1
 -68.65317   -22.18748   107.019  359.00  71.00  0.1800E+13   12.53   2.65  -1  -1  -142.00     0  4   0.0  0   0.0  0
       0.0         0.0         0.0         0.0
 -68.65486   -22.09778   107.019  359.00  71.00  0.1800E+13   15.18   2.65  -1  -1  -142.00     0  4   0.0  0   0.0  0
       0.0         0.0         0.0         0.0
 -68.69482   -22.99570    90.000  359.00  71.00  0.1800E+13   14.49   2.65  -1  -1  -123.73     8  4   0.0  0   0.0  0
       0.1         0.9         0.1         1.8
 -68.69652   -22.90600    90.000  359.00  71.00  0.1800E+13   11.43   2.65  -1  -1  -142.00     0  4   0.0  0   0.0  0
       0.0         0.0         0.0         0.0
 -68.69821   -22.81630    90.000  359.00  71.00  0.1800E+13   14.54   2.65  -1  -1   -88.17     1  4   0.0  0   0.0  0
       0.1         0.1         0.1         0.1
 -68.69991   -22.72660    90.000  359.00  71.00  0.1800E+13   14.48   2.65  -1  -1  -122.28     1  4   0.0  0   0.0  0
       0.1         0.1         0.1         0.1
 -68.70161   -22.63690    90.000  359.00  71.00  0.1800E+13    2.94   2.65  -1  -1   -89.17     4  4   0.0  0   0.0  0
       1.2         0.1         0.1         0.1
 -68.63791   -22.99479   107.019  359.00  71.00  0.1800E+13   15.31   2.65  -1  -1  -137.87     9  4   0.0  0   0.0  0
       0.1         0.1         1.8         1.3
 -68.70499   -22.45750    90.000  359.00  71.00  0.1800E+13    3.23   2.65  -1  -1  -104.53    74  4   0.0  0   0.0  0
      19.1         8.7         0.1         0.1
 -68.70669   -22.36780    90.000  359.00  71.00  0.1800E+13    5.81   2.65  -1  -1  -125.79    21  4   0.0  0   0.0  0
       6.9         0.7         0.1         0.1
 -68.70839   -22.27810    90.000  359.00  71.00  0.1800E+13    9.77   2.65  -1  -1  -137.00    16  4   0.0  0   0.0  0
       5.6         0.1         0.1         0.1
 -68.71008   -22.18839    90.000  359.00  71.00  0.1800E+13   11.43   2.65  -1  -1  -142.00     0  4   0.0  0   0.0  0
       0.0         0.0         0.0         0.0
 -68.71178   -22.09869    90.000  359.00  71.00  0.1800E+13   14.29   2.65  -1  -1  -142.00     0  4   0.0  0   0.0  0
       0.0         0.0         0.0         0.0
 -68.75174   -22.99662    72.981  359.00  71.00  0.1800E+13   15.26   2.65  -1  -1  -124.13     6  4   0.0  0   0.0  0
       0.1         1.8         0.1         0.3
 -68.75343   -22.90692    72.981  359.00  71.00  0.1800E+13   12.53   2.65  -1  -1  -142.00     0  4   0.0  0   0.0  0
       0.0         0.0         0.0         0.0
 -68.75513   -22.81722    72.981  359.00  71.00  0.1800E+13   14.98   2.65  -1  -1  -106.07     1  4   0.0  0   0.0  0
       0.1         0.1         0.1         0.1
 -68.75683   -22.72752    72.981  359.00  71.00  0.1800E+13   10.22   2.65  -1  -1  -139.84     1  4   0.0  0   0.0  0
       0.1         0.1         0.1         0.1
 -68.75852   -22.63782    72.981  359.00  71.00  0.1800E+13    7.54   2.65  -1  -1  -102.16     1  4   0.0  0   0.0  0
       0.1         0.1         0.1         0.1
 -68.76022   -22.54812    72.981  359.00  71.00  0.1800E+13    6.38   2.65  -1  -1  -104.72     2  4   0.0  0   0.0  0
       0.2         0.2         0.1         0.1
 -68.76191   -22.45842    72.981  359.00  71.00  0.1800E+13    6.39   2.65  -1  -1   -99.55     6  4   0.0  0   0.0  0
       2.0         0.1         0.1         0.1
 -68.76361   -22.36872    72.981  359.00  71.00  0.1800E+13    7.80   2.65  -1  -1   -85.92     1  4   0.0  0   0.0  0
       0.2         0.1         0.1         0.1
 -68.76530   -22.27901    72.981  359.00  71.00  0.1800E+13   13.02   2.65  -1  -1  -139.84     1  4   0.0  0   0.0  0
       0.1         0.1         0.1         0.1
 -68.76700   -22.18931    72.981  359.00  71.00  0.1800E+13   12.53   2.65  -1  -1  -142.00     0  4   0.0  0   0.0  0
       0.0         0.0         0.0         0.0
 -68.76869   -22.09961    72.981  359.00  71.00  0.1800E+13   15.18   2.65  -1  -1  -142.00     0  4   0.0  0   0.0  0
       0.0         0.0         0.0         0.0
 -68.80866   -22.99754    55.961  359.00  71.00  0.1800E+13   15.34   2.65  -1  -1  -139.93     3  4   0.0  0   0.0  0
       0.1         0.3         0.5         0.1
 -68.81036   -22.90784    55.961  359.00  71.00  0.1800E+13   15.34   2.65  -1  -1  -142.00     0  4   0.0  0   0.0  0
       0.0         0.0         0.0         0.0
 -68.81205   -22.81814    55.961  359.00  71.00  0.1800E+13   13.63   2.65  -1  -1  -105.66     2  4   0.0  0   0.0  0
       0.3         0.1         0.1         0.1
 -68.81374   -22.72844    55.961  359.00  71.00  0.1800E+13   11.95   2.65  -1  -1  -124.87     2  4   0.0  0   0.0  0
       0.3         0.1         0.2         0.1
 -68.81544   -22.63873    55.961  359.00  71.00  0.1800E+13   11.94   2.65  -1  -1   -89.93     3  4   0.0  0   0.0  0
       0.8         0.1         0.1         0.1
 -68.81714   -22.54903    55.961  359.00  71.00  0.1800E+13   10.29   2.65  -1  -1   -69.38     5  4   0.0  0   0.0  0
       0.8         0.7         0.1         0.1
 -68.81883   -22.45933    55.961  359.00  71.00  0.1800E+13   10.89   2.65  -1  -1  -105.96     1  4   0.0  0   0.0  0
       0.1         0.1         0.1         0.1
 -68.82053   -22.36963    55.961  359.00  71.00  0.1800E+13   15.06   2.65  -1  -1  -140.83     2  4   0.0  0   0.0  0
       0.1         0.1         0.1         0.3
 -68.82222   -22.27993    55.961  359.00  71.00  0.1800E+13   13.48   2.65  -1  -1  -124.00     1  4   0.0  0   0.0  0
       0.1         0.1         0.1         0.1
 -68.82391   -22.19023    55.961  359.00  71.00  0.1800E+13   15.34   2.65  -1  -1  -142.00     0  4   0.0  0   0.0  0
       0.0         0.0         0.0         0.0
 -68.82561   -22.10053    55.961  359.00  71.00  0.1800E+13   15.34   2.65  -1  -1  -142.00     0  4   0.0  0   0.0  0
       0.0         0.0         0.0         0.0
 -68.86558   -22.99846    38.942  359.00  71.00  0.1800E+13   15.34   2.65  -1  -1  -141.26     7  4   0.0  0   0.0  0
       1.0         1.0         0.6         0.2
 -68.86727   -22.90876    38.942  359.00  71.00  0.1800E+13   15.34   2.65  -1  -1  -142.00     0  4   0.0  0   0.0  0
       0.0         0.0         0.0         0.0
 -68.86897   -22.81906    38.942  359.00  71.00  0.1800E+13   15.34   2.65  -1  -1   -91.78     1  4   0.0  0   0.0  0
       0.3         0.1         0.1         0.1
 -68.87066   -22.72935    38.942  359.00  71.00  0.1800E+13   15.34   2.65  -1  -1  -141.83     2  4   0.0  0   0.0  0
       0.1         0.3         0.1         0.1
 -68.87236   -22.63965    38.942  359.00  71.00  0.1800E+13   15.34   2.65  -1  -1  -127.65     4  4   0.0  0   0.0  0
       0.1         1.2         0.1         0.1
 -68.87405   -22.54995    38.942  359.00  71.00  0.1800E+13   15.34   2.65  -1  -1  -141.53     2  4   0.0  0   0.0  0
       0.1         0.2         0.1         0.5
 -68.87575   -22.46025    38.942  359.00  71.00  0.1800E+13   15.34   2.65  -1  -1  -123.49     6  4   0.0  0   0.0  0
       0.1         0.1         0.1         1.8
 -68.87744   -22.37055    38.942  359.00  71.00  0.1800E+13   15.34   2.65  -1  -1   -54.35     2  4   0.0  0   0.0  0
       0.3         0.1         0.1         0.1
 -68.87914   -22.28085    38.942  359.00  71.00  0.1800E+13   15.34   2.65  -1  -1   -52.37     1  4   0.0  0   0.0  0
       0.1         0.1         0.2         0.1
 -68.88084   -22.19115    38.942  359.00  71.00  0.1800E+13   15.34   2.65  -1  -1  -142.00     0  4   0.0  0   0.0  0
       0.0         0.0         0.0         0.0
 -68.88253   -22.10145    38.942  359.00  71.00  0.1800E+13   15.34   2.65  -1  -1  -142.00     0  4   0.0  0   0.0  0
       0.0         0.0         0.0         0.0
