2.0
#
# http://equake-rc.info/static/paper/SRF-Description-Graves_2.0.pdf
# RECTANGULAR fault MODEL
#
# All subfaults are  10.0 km long along strike and
#  18.0 km wide along dip
#
# Model length along strike is  110.0 km
#
# Model width along dip is   90.0 km
#
# Corners of the rectangular dislocation model (lat, lon):
#    -22.210   -68.137 : corner 1
#    -23.139   -68.497 : corner 2
#    -22.884   -69.269 : corner 3
#    -21.955   -68.910 : corner 4
#
#
# Number of elementary sliprate
# isoceles triangular functions
# per subfault:   4
#
# Half duration of elementary sliprate
# isoceles triangular functions (s):   2.65
# Triangles are overlapping each other by half
#
# slip rate unit: cm/s
#
#
# Seismic moment is converted into slip
# using a single constant value for the
# shear modulus mu of  0.250E+12 dyne/cm2
# assumed to be constant and characteristic
# of the fault shear zone
#
#
#
# "rake" (degrees) is the slip angle (Aki"s convention,
# e.g. rake=+45 means left-lateral-reverse movement.
#
#
# ************************************************
# Total seismic moment M0=  0.147E+27 dyne.cm
# ************************************************
#
#
PLANE 1
 -68.31700   -22.67450   11    5   110.000    90.000
199.66  20.20   101.459     0.000    45.001
POINTS   55
 -68.70330   -22.54720   117.000  199.66  20.20  0.1800E+13    0.00   2.65  -1  -1   -76.77    50  4   0.0  0   0.0  0
      18.4         0.1         0.1         0.1
 -68.88160   -22.10728   129.433  199.66  20.20  0.1800E+13   15.34   2.65  -1  -1   -25.76     1  4   0.0  0   0.0  0
       0.1         0.1         0.1         0.1
 -68.91428   -22.19176   129.433  199.66  20.20  0.1800E+13   13.98   2.65  -1  -1   -28.27     1  4   0.0  0   0.0  0
       0.1         0.1         0.1         0.1
 -68.94698   -22.27624   129.433  199.66  20.20  0.1800E+13   13.50   2.65  -1  -1   -25.77     1  4   0.0  0   0.0  0
       0.1         0.1         0.1         0.1
 -68.97966   -22.36072   129.433  199.66  20.20  0.1800E+13   15.02   2.65  -1  -1   -25.80     1  4   0.0  0   0.0  0
       0.1         0.1         0.1         0.1
 -69.01235   -22.44521   129.433  199.66  20.20  0.1800E+13   13.57   2.65  -1  -1   -28.23     1  4   0.0  0   0.0  0
       0.1         0.1         0.1         0.1
 -69.04504   -22.52969   129.433  199.66  20.20  0.1800E+13   11.44   2.65  -1  -1   -41.67     1  4   0.0  0   0.0  0
       0.1         0.1         0.1         0.1
 -69.07772   -22.61417   129.433  199.66  20.20  0.1800E+13   11.77   2.65  -1  -1  -115.51     0  4   0.0  0   0.0  0
       0.0         0.0         0.0         0.0
 -69.11041   -22.69866   129.433  199.66  20.20  0.1800E+13   14.46   2.65  -1  -1   -26.46     1  4   0.0  0   0.0  0
       0.1         0.1         0.1         0.1
 -69.14310   -22.78314   129.433  199.66  20.20  0.1800E+13   15.34   2.65  -1  -1  -115.51     0  4   0.0  0   0.0  0
       0.0         0.0         0.0         0.0
 -69.17578   -22.86762   129.433  199.66  20.20  0.1800E+13   15.34   2.65  -1  -1  -115.51     0  4   0.0  0   0.0  0
       0.0         0.0         0.0         0.0
 -68.69439   -22.07379   123.216  199.66  20.20  0.1800E+13   15.18   2.65  -1  -1  -115.51     0  4   0.0  0   0.0  0
       0.0         0.0         0.0         0.0
 -68.72707   -22.15827   123.216  199.66  20.20  0.1800E+13   14.98   2.65  -1  -1   -26.35     2  4   0.0  0   0.0  0
       0.1         0.1         0.1         0.3
 -68.75977   -22.24275   123.216  199.66  20.20  0.1800E+13   13.35   2.65  -1  -1   -35.39     1  4   0.0  0   0.0  0
       0.1         0.1         0.1         0.1
 -68.79245   -22.32724   123.216  199.66  20.20  0.1800E+13    8.25   2.65  -1  -1   -44.62    17  4   0.0  0   0.0  0
       6.2         0.1         0.1         0.1
 -68.82513   -22.41172   123.216  199.66  20.20  0.1800E+13    7.09   2.65  -1  -1  -102.95    26  4   0.0  0   0.0  0
       9.5         0.3         0.1         0.1
 -68.85783   -22.49620   123.216  199.66  20.20  0.1800E+13    8.25   2.65  -1  -1   -38.65    13  4   0.0  0   0.0  0
       3.3         1.4         0.1         0.1
 -68.89051   -22.58069   123.216  199.66  20.20  0.1800E+13    8.23   2.65  -1  -1   -25.59    11  4   0.0  0   0.0  0
       1.7         2.1         0.1         0.1
 -68.92320   -22.66517   123.216  199.66  20.20  0.1800E+13    7.69   2.65  -1  -1  -115.51     0  4   0.0  0   0.0  0
       0.0         0.0         0.0         0.0
 -68.95589   -22.74965   123.216  199.66  20.20  0.1800E+13   10.02   2.65  -1  -1   -58.63     4  4   0.0  0   0.0  0
       1.3         0.1         0.1         0.1
 -68.98857   -22.83414   123.216  199.66  20.20  0.1800E+13   12.53   2.65  -1  -1  -115.51     0  4   0.0  0   0.0  0
       0.0         0.0         0.0         0.0
 -69.02126   -22.91862   123.216  199.66  20.20  0.1800E+13   15.18   2.65  -1  -1  -115.51     0  4   0.0  0   0.0  0
       0.0         0.0         0.0         0.0
 -68.53986   -22.12478   117.000  199.66  20.20  0.1800E+13   14.29   2.65  -1  -1  -115.51     0  4   0.0  0   0.0  0
       0.0         0.0         0.0         0.0
 -68.57256   -22.20927   117.000  199.66  20.20  0.1800E+13   14.85   2.65  -1  -1   -25.69     4  4   0.0  0   0.0  0
       0.1         0.1         0.1         1.3
 -68.60524   -22.29375   117.000  199.66  20.20  0.1800E+13    9.15   2.65  -1  -1   -59.57     7  4   0.0  0   0.0  0
       1.6         0.7         0.1         0.1
 -68.63792   -22.37823   117.000  199.66  20.20  0.1800E+13    5.73   2.65  -1  -1   -72.27    35  4   0.0  0   0.0  0
      12.8         0.2         0.1         0.1
 -68.67062   -22.46272   117.000  199.66  20.20  0.1800E+13    3.37   2.65  -1  -1   -67.22    69  4   0.0  0   0.0  0
      22.8         3.1         0.1         0.1
 -68.84892   -22.02279   129.433  199.66  20.20  0.1800E+13   15.34   2.65  -1  -1  -115.51     0  4   0.0  0   0.0  0
       0.0         0.0         0.0         0.0
 -68.73598   -22.63168   117.000  199.66  20.20  0.1800E+13    4.24   2.65  -1  -1   -25.59     6  4   0.0  0   0.0  0
       0.6         1.5         0.1         0.2
 -68.76868   -22.71617   117.000  199.66  20.20  0.1800E+13    5.71   2.65  -1  -1  -115.51     0  4   0.0  0   0.0  0
       0.0         0.0         0.0         0.0
 -68.80136   -22.80065   117.000  199.66  20.20  0.1800E+13   12.40   2.65  -1  -1   -25.79     1  4   0.0  0   0.0  0
       0.2         0.1         0.1         0.1
 -68.83405   -22.88513   117.000  199.66  20.20  0.1800E+13   11.43   2.65  -1  -1  -115.51     0  4   0.0  0   0.0  0
       0.0         0.0         0.0         0.0
 -68.86674   -22.96961   117.000  199.66  20.20  0.1800E+13   14.29   2.65  -1  -1  -115.51     0  4   0.0  0   0.0  0
       0.0         0.0         0.0         0.0
 -68.38534   -22.17578   110.784  199.66  20.20  0.1800E+13   15.18   2.65  -1  -1  -115.51     0  4   0.0  0   0.0  0
       0.0         0.0         0.0         0.0
 -68.41803   -22.26026   110.784  199.66  20.20  0.1800E+13   14.99   2.65  -1  -1   -26.22     2  4   0.0  0   0.0  0
       0.1         0.1         0.1         0.4
 -68.45071   -22.34475   110.784  199.66  20.20  0.1800E+13   14.39   2.65  -1  -1   -27.08     1  4   0.0  0   0.0  0
       0.1         0.1         0.1         0.1
 -68.48340   -22.42923   110.784  199.66  20.20  0.1800E+13   13.38   2.65  -1  -1   -43.06     3  4   0.0  0   0.0  0
       0.9         0.1         0.1         0.1
 -68.51609   -22.51371   110.784  199.66  20.20  0.1800E+13   15.18   2.65  -1  -1   -26.84     4  4   0.0  0   0.0  0
       1.3         0.1         0.1         0.1
 -68.54877   -22.59820   110.784  199.66  20.20  0.1800E+13    8.18   2.65  -1  -1   -25.60     1  4   0.0  0   0.0  0
       0.1         0.1         0.1         0.1
 -68.58147   -22.68268   110.784  199.66  20.20  0.1800E+13    8.25   2.65  -1  -1   -25.78     1  4   0.0  0   0.0  0
       0.1         0.1         0.1         0.1
 -68.61415   -22.76716   110.784  199.66  20.20  0.1800E+13    7.69   2.65  -1  -1  -115.51     0  4   0.0  0   0.0  0
       0.0         0.0         0.0         0.0
 -68.64684   -22.85164   110.784  199.66  20.20  0.1800E+13   15.27   2.65  -1  -1   -25.99    11  4   0.0  0   0.0  0
       0.5         0.1         0.8         2.7
 -68.67953   -22.93613   110.784  199.66  20.20  0.1800E+13   12.53   2.65  -1  -1  -115.51     0  4   0.0  0   0.0  0
       0.0         0.0         0.0         0.0
 -68.71221   -23.02061   110.784  199.66  20.20  0.1800E+13   15.18   2.65  -1  -1  -115.51     0  4   0.0  0   0.0  0
       0.0         0.0         0.0         0.0
 -68.23082   -22.22678   104.567  199.66  20.20  0.1800E+13   15.34   2.65  -1  -1  -115.51     0  4   0.0  0   0.0  0
       0.0         0.0         0.0         0.0
 -68.26350   -22.31126   104.567  199.66  20.20  0.1800E+13   15.34   2.65  -1  -1   -25.59    11  4   0.0  0   0.0  0
       0.2         0.3         0.1         3.6
 -68.29619   -22.39574   104.567  199.66  20.20  0.1800E+13   14.49   2.65  -1  -1   -25.74     1  4   0.0  0   0.0  0
       0.1         0.1         0.1         0.1
 -68.32888   -22.48022   104.567  199.66  20.20  0.1800E+13   12.85   2.65  -1  -1   -26.01     1  4   0.0  0   0.0  0
       0.1         0.1         0.1         0.1
 -68.36156   -22.56471   104.567  199.66  20.20  0.1800E+13   10.97   2.65  -1  -1   -25.68     2  4   0.0  0   0.0  0
       0.5         0.1         0.1         0.1
 -68.39425   -22.64919   104.567  199.66  20.20  0.1800E+13   10.50   2.65  -1  -1   -25.60     4  4   0.0  0   0.0  0
       0.6         0.4         0.1         0.6
 -68.42694   -22.73368   104.567  199.66  20.20  0.1800E+13   14.91   2.65  -1  -1   -25.60     8  4   0.0  0   0.0  0
       0.1         1.3         0.6         1.1
 -68.45963   -22.81816   104.567  199.66  20.20  0.1800E+13   11.77   2.65  -1  -1  -115.51     0  4   0.0  0   0.0  0
       0.0         0.0         0.0         0.0
 -68.49232   -22.90264   104.567  199.66  20.20  0.1800E+13   15.26   2.65  -1  -1  -103.78    23  4   0.0  0   0.0  0
       0.1         0.1         1.1         7.2
 -68.52500   -22.98712   104.567  199.66  20.20  0.1800E+13   15.34   2.65  -1  -1  -115.51     0  4   0.0  0   0.0  0
       0.0         0.0         0.0         0.0
 -68.55769   -23.07161   104.567  199.66  20.20  0.1800E+13   15.34   2.65  -1  -1  -115.51     0  4   0.0  0   0.0  0
       0.0         0.0         0.0         0.0
