2.0
#
# http://equake-rc.info/static/paper/SRF-Description-Graves_2.0.pdf
# RECTANGULAR fault MODEL
#
# All subfaults are   6.0 km long along strike and
#  11.0 km wide along dip
#
# Model length along strike is   54.0 km
#
# Model width along dip is   55.0 km
#
# Corners of the rectangular dislocation model (lat, lon):
#     39.705   143.650 : corner 1
#     39.220   143.694 : corner 2
#     39.187   143.093 : corner 3
#     39.672   143.049 : corner 4
#
#
# Number of elementary sliprate
# isoceles triangular functions
# per subfault:   4
#
# Half duration of elementary sliprate
# isoceles triangular functions (s):   1.67
# Triangles are overlapping each other by half
#
# slip rate unit: cm/s
#
#
# Seismic moment is converted into slip
# using a single constant value for the
# shear modulus mu of  0.250E+12 dyne/cm2
# assumed to be constant and characteristic
# of the fault shear zone
#
#
#
# "rake" (degrees) is the slip angle (Aki"s convention,
# e.g. rake=+45 means left-lateral-reverse movement.
#
#
# ************************************************
# Total seismic moment M0=  0.359E+26 dyne.cm
# ************************************************
#
#
PLANE 1
 143.67200    39.46250    9    5    54.000    55.000
176.00  20.00    15.595     0.000    27.501
POINTS   45
 143.37170    39.44620    25.000  176.00  20.00  0.6600E+12    0.00   1.67  -1  -1    59.43    46  4   0.0  0   0.0  0
      18.0         9.5         0.1         0.1
 143.11662    39.59488    32.524  176.00  20.00  0.6600E+12    8.11   1.67  -1  -1    29.56     1  4   0.0  0   0.0  0
       0.1         0.1         0.1         0.5
 143.12151    39.54099    32.524  176.00  20.00  0.6600E+12    7.50   1.67  -1  -1    21.42     0  4   0.0  0   0.0  0
       0.1         0.1         0.1         0.1
 143.12639    39.48711    32.524  176.00  20.00  0.6600E+12    7.56   1.67  -1  -1    13.61     4  4   0.0  0   0.0  0
       2.4         0.1         0.1         0.1
 143.13127    39.43322    32.524  176.00  20.00  0.6600E+12    7.63   1.67  -1  -1    21.28    10  4   0.0  0   0.0  0
       6.0         0.1         0.1         0.1
 143.13615    39.37933    32.524  176.00  20.00  0.6600E+12    6.53   1.67  -1  -1    13.47    12  4   0.0  0   0.0  0
       6.8         0.1         0.1         0.1
 143.14102    39.32544    32.524  176.00  20.00  0.6600E+12    8.10   1.67  -1  -1    85.72     5  4   0.0  0   0.0  0
       2.5         0.1         0.1         0.1
 143.14590    39.27156    32.524  176.00  20.00  0.6600E+12    8.11   1.67  -1  -1   101.84    13  4   0.0  0   0.0  0
       0.1         0.1         0.1         7.6
 143.15079    39.21767    32.524  176.00  20.00  0.6600E+12    8.11   1.67  -1  -1    13.00     0  4   0.0  0   0.0  0
       0.0         0.0         0.0         0.0
 143.23196    39.65526    28.762  176.00  20.00  0.6600E+12    7.98   1.67  -1  -1    92.20     1  4   0.0  0   0.0  0
       0.1         0.1         0.2         0.1
 143.23685    39.60137    28.762  176.00  20.00  0.6600E+12    6.55   1.67  -1  -1   100.16     5  4   0.0  0   0.0  0
       0.2         0.1         2.7         0.1
 143.24173    39.54749    28.762  176.00  20.00  0.6600E+12    4.91   1.67  -1  -1   102.54     5  4   0.0  0   0.0  0
       0.9         0.1         1.5         0.7
 143.24661    39.49360    28.762  176.00  20.00  0.6600E+12    4.81   1.67  -1  -1    63.64     2  4   0.0  0   0.0  0
       1.2         0.1         0.1         0.1
 143.25148    39.43971    28.762  176.00  20.00  0.6600E+12    3.39   1.67  -1  -1    23.54     1  4   0.0  0   0.0  0
       0.1         0.4         0.1         0.1
 143.25636    39.38582    28.762  176.00  20.00  0.6600E+12    3.78   1.67  -1  -1    26.97    15  4   0.0  0   0.0  0
       8.6         0.5         0.1         0.1
 143.26125    39.33194    28.762  176.00  20.00  0.6600E+12    5.25   1.67  -1  -1    38.60     3  4   0.0  0   0.0  0
       1.4         0.1         0.1         0.1
 143.26613    39.27805    28.762  176.00  20.00  0.6600E+12    7.77   1.67  -1  -1    88.33     0  4   0.0  0   0.0  0
       0.1         0.1         0.1         0.1
 143.27101    39.22416    28.762  176.00  20.00  0.6600E+12    7.54   1.67  -1  -1    13.00     0  4   0.0  0   0.0  0
       0.0         0.0         0.0         0.0
 143.35219    39.66175    25.000  176.00  20.00  0.6600E+12    6.92   1.67  -1  -1    98.67     1  4   0.0  0   0.0  0
       0.1         0.1         0.1         0.1
 143.35707    39.60786    25.000  176.00  20.00  0.6600E+12    6.56   1.67  -1  -1   102.20     5  4   0.0  0   0.0  0
       0.1         0.9         1.8         0.2
 143.36194    39.55397    25.000  176.00  20.00  0.6600E+12    4.81   1.67  -1  -1   100.83     1  4   0.0  0   0.0  0
       0.2         0.5         0.1         0.1
 143.36682    39.50009    25.000  176.00  20.00  0.6600E+12    1.81   1.67  -1  -1    80.65     8  4   0.0  0   0.0  0
       2.6         2.3         0.1         0.1
 143.11176    39.64877    32.524  176.00  20.00  0.6600E+12    8.11   1.67  -1  -1    29.36     1  4   0.0  0   0.0  0
       0.1         0.1         0.1         0.2
 143.37659    39.39231    25.000  176.00  20.00  0.6600E+12    1.86   1.67  -1  -1    75.91    16  4   0.0  0   0.0  0
       9.5         0.1         0.1         0.1
 143.38147    39.33843    25.000  176.00  20.00  0.6600E+12    3.67   1.67  -1  -1    29.64     0  4   0.0  0   0.0  0
       0.1         0.1         0.1         0.1
 143.38634    39.28454    25.000  176.00  20.00  0.6600E+12    5.53   1.67  -1  -1    71.43     0  4   0.0  0   0.0  0
       0.1         0.1         0.1         0.1
 143.39122    39.23066    25.000  176.00  20.00  0.6600E+12    6.86   1.67  -1  -1    13.00     0  4   0.0  0   0.0  0
       0.0         0.0         0.0         0.0
 143.47240    39.66824    21.238  176.00  20.00  0.6600E+12    8.05   1.67  -1  -1    97.79     1  4   0.0  0   0.0  0
       0.2         0.5         0.1         0.1
 143.47728    39.61435    21.238  176.00  20.00  0.6600E+12    6.43   1.67  -1  -1    94.53     2  4   0.0  0   0.0  0
       0.1         0.2         1.1         0.1
 143.48216    39.56047    21.238  176.00  20.00  0.6600E+12    6.21   1.67  -1  -1    46.82     2  4   0.0  0   0.0  0
       0.1         0.1         0.1         0.9
 143.48705    39.50658    21.238  176.00  20.00  0.6600E+12    4.32   1.67  -1  -1   102.65     7  4   0.0  0   0.0  0
       2.8         1.4         0.1         0.1
 143.49193    39.45269    21.238  176.00  20.00  0.6600E+12    7.47   1.67  -1  -1    47.85     5  4   0.0  0   0.0  0
       1.8         1.0         0.2         0.1
 143.49680    39.39881    21.238  176.00  20.00  0.6600E+12    4.05   1.67  -1  -1    44.78     3  4   0.0  0   0.0  0
       0.1         0.3         1.0         0.1
 143.50168    39.34492    21.238  176.00  20.00  0.6600E+12    5.64   1.67  -1  -1    14.54     0  4   0.0  0   0.0  0
       0.1         0.1         0.1         0.1
 143.50656    39.29103    21.238  176.00  20.00  0.6600E+12    6.60   1.67  -1  -1    76.70     0  4   0.0  0   0.0  0
       0.1         0.1         0.1         0.1
 143.51144    39.23714    21.238  176.00  20.00  0.6600E+12    7.54   1.67  -1  -1    13.00     0  4   0.0  0   0.0  0
       0.0         0.0         0.0         0.0
 143.59262    39.67473    17.476  176.00  20.00  0.6600E+12    8.11   1.67  -1  -1   101.64     1  4   0.0  0   0.0  0
       0.1         0.1         0.3         0.1
 143.59750    39.62085    17.476  176.00  20.00  0.6600E+12    8.11   1.67  -1  -1    71.93     1  4   0.0  0   0.0  0
       0.1         0.1         0.1         0.3
 143.60239    39.56696    17.476  176.00  20.00  0.6600E+12    7.86   1.67  -1  -1    16.11     1  4   0.0  0   0.0  0
       0.1         0.1         0.1         0.5
 143.60725    39.51307    17.476  176.00  20.00  0.6600E+12    7.87   1.67  -1  -1    16.73     5  4   0.0  0   0.0  0
       0.1         0.2         2.7         0.1
 143.61214    39.45918    17.476  176.00  20.00  0.6600E+12    6.76   1.67  -1  -1    27.03     8  4   0.0  0   0.0  0
       0.1         4.1         0.7         0.1
 143.61702    39.40530    17.476  176.00  20.00  0.6600E+12    7.56   1.67  -1  -1    13.37    16  4   0.0  0   0.0  0
       5.4         3.8         0.1         0.1
 143.62190    39.35141    17.476  176.00  20.00  0.6600E+12    7.32   1.67  -1  -1    13.45     4  4   0.0  0   0.0  0
       2.2         0.1         0.1         0.1
 143.62679    39.29752    17.476  176.00  20.00  0.6600E+12    8.11   1.67  -1  -1    64.73     0  4   0.0  0   0.0  0
       0.1         0.1         0.1         0.1
 143.63165    39.24364    17.476  176.00  20.00  0.6600E+12    8.11   1.67  -1  -1    13.00     0  4   0.0  0   0.0  0
       0.0         0.0         0.0         0.0
