2.0
#
# http://equake-rc.info/static/paper/SRF-Description-Graves_2.0.pdf
# RECTANGULAR fault MODEL
#
# All subfaults are   6.0 km long along strike and
#   5.2 km wide along dip
#
# Model length along strike is   54.0 km
#
# Model width along dip is   26.0 km
#
# Corners of the rectangular dislocation model (lat, lon):
#     39.258   143.163 : corner 1
#     39.681   143.474 : corner 2
#     39.647   143.550 : corner 3
#     39.225   143.239 : corner 4
#
#
# Number of elementary sliprate
# isoceles triangular functions
# per subfault:   4
#
# Half duration of elementary sliprate
# isoceles triangular functions (s):   1.67
# Triangles are overlapping each other by half
#
# slip rate unit: cm/s
#
#
# Seismic moment is converted into slip
# using a single constant value for the
# shear modulus mu of  0.250E+12 dyne/cm2
# assumed to be constant and characteristic
# of the fault shear zone
#
#
#
# "rake" (degrees) is the slip angle (Aki"s convention,
# e.g. rake=+45 means left-lateral-reverse movement.
#
#
# ************************************************
# Total seismic moment M0=  0.374E+26 dyne.cm
# ************************************************
#
#
PLANE 1
 143.31850    39.46950    9    5    54.000    26.000
 29.62  73.14     0.083     0.000    18.199
POINTS   45
 143.37170    39.44620    17.500   29.62  73.14  0.3120E+12    0.00   1.67  -1  -1   103.53    61  4   0.0  0   0.0  0
       9.9        26.7         0.1         0.1
 143.28326    39.29861    22.476   29.62  73.14  0.3120E+12    6.55   1.67  -1  -1   109.38     1  4   0.0  0   0.0  0
       0.1         0.1         0.1         0.1
 143.31784    39.34557    22.476   29.62  73.14  0.3120E+12    5.72   1.67  -1  -1    79.51    38  4   0.0  0   0.0  0
      21.3         0.5         0.1         0.5
 143.35242    39.39253    22.476   29.62  73.14  0.3120E+12    3.81   1.67  -1  -1    74.40    33  4   0.0  0   0.0  0
      10.0         6.5         2.1         1.2
 143.38699    39.43949    22.476   29.62  73.14  0.3120E+12    1.89   1.67  -1  -1    85.03    27  4   0.0  0   0.0  0
       7.7         0.2         4.8         3.8
 143.42157    39.48645    22.476   29.62  73.14  0.3120E+12    7.00   1.67  -1  -1   108.52    28  4   0.0  0   0.0  0
       0.1         0.3         8.5         7.7
 143.45615    39.53341    22.476   29.62  73.14  0.3120E+12    5.77   1.67  -1  -1   104.81    32  4   0.0  0   0.0  0
       9.1         0.1         0.4         9.4
 143.49072    39.58036    22.476   29.62  73.14  0.3120E+12    7.56   1.67  -1  -1   142.21     1  4   0.0  0   0.0  0
       0.1         0.1         0.3         0.2
 143.52530    39.62732    22.476   29.62  73.14  0.3120E+12    7.02   1.67  -1  -1    55.92     0  4   0.0  0   0.0  0
       0.0         0.0         0.0         0.0
 143.23340    39.25837    17.500   29.62  73.14  0.3120E+12    6.86   1.67  -1  -1    55.92     0  4   0.0  0   0.0  0
       0.0         0.0         0.0         0.0
 143.26797    39.30533    17.500   29.62  73.14  0.3120E+12    5.21   1.67  -1  -1    91.40     8  4   0.0  0   0.0  0
       4.9         0.1         0.1         0.1
 143.30255    39.35228    17.500   29.62  73.14  0.3120E+12    3.70   1.67  -1  -1    89.61    56  4   0.0  0   0.0  0
      32.8         0.5         0.3         0.1
 143.33713    39.39924    17.500   29.62  73.14  0.3120E+12    1.87   1.67  -1  -1    94.91    30  4   0.0  0   0.0  0
      15.4         0.1         0.1         2.3
 143.24869    39.25166    22.476   29.62  73.14  0.3120E+12    7.02   1.67  -1  -1    55.92     0  4   0.0  0   0.0  0
       0.0         0.0         0.0         0.0
 143.40628    39.49316    17.500   29.62  73.14  0.3120E+12    1.86   1.67  -1  -1   111.85    14  4   0.0  0   0.0  0
       6.7         0.1         0.2         1.6
 143.44086    39.54012    17.500   29.62  73.14  0.3120E+12    7.97   1.67  -1  -1   120.18     8  4   0.0  0   0.0  0
       0.1         0.1         3.5         1.0
 143.47543    39.58707    17.500   29.62  73.14  0.3120E+12    7.66   1.67  -1  -1   129.22     2  4   0.0  0   0.0  0
       0.1         0.1         0.1         1.1
 143.51001    39.63403    17.500   29.62  73.14  0.3120E+12    6.86   1.67  -1  -1    55.92     0  4   0.0  0   0.0  0
       0.0         0.0         0.0         0.0
 143.21811    39.26508    12.524   29.62  73.14  0.3120E+12    7.02   1.67  -1  -1    55.92     0  4   0.0  0   0.0  0
       0.0         0.0         0.0         0.0
 143.25269    39.31204    12.524   29.62  73.14  0.3120E+12    5.40   1.67  -1  -1   116.92     1  4   0.0  0   0.0  0
       0.3         0.1         0.1         0.1
 143.28726    39.35900    12.524   29.62  73.14  0.3120E+12    3.85   1.67  -1  -1    74.50    26  4   0.0  0   0.0  0
      15.6         0.1         0.1         0.1
 143.32184    39.40596    12.524   29.62  73.14  0.3120E+12    2.34   1.67  -1  -1    72.78     8  4   0.0  0   0.0  0
       2.3         1.5         0.7         0.1
 143.35641    39.45291    12.524   29.62  73.14  0.3120E+12    1.87   1.67  -1  -1    97.60    35  4   0.0  0   0.0  0
      20.5         0.1         0.1         0.3
 143.39099    39.49987    12.524   29.62  73.14  0.3120E+12    6.96   1.67  -1  -1    79.73     4  4   0.0  0   0.0  0
       0.1         0.1         0.1         1.9
 143.42557    39.54683    12.524   29.62  73.14  0.3120E+12    7.70   1.67  -1  -1   113.45     1  4   0.0  0   0.0  0
       0.1         0.1         0.1         0.2
 143.46014    39.59379    12.524   29.62  73.14  0.3120E+12    7.58   1.67  -1  -1   125.83     1  4   0.0  0   0.0  0
       0.1         0.1         0.1         0.3
 143.49472    39.64075    12.524   29.62  73.14  0.3120E+12    7.02   1.67  -1  -1    55.92     0  4   0.0  0   0.0  0
       0.0         0.0         0.0         0.0
 143.20282    39.27179     7.547   29.62  73.14  0.3120E+12    7.47   1.67  -1  -1    55.92     0  4   0.0  0   0.0  0
       0.0         0.0         0.0         0.0
 143.23740    39.31875     7.547   29.62  73.14  0.3120E+12    6.58   1.67  -1  -1   127.96     1  4   0.0  0   0.0  0
       0.1         0.1         0.1         0.1
 143.27197    39.36571     7.547   29.62  73.14  0.3120E+12    4.83   1.67  -1  -1    80.50     1  4   0.0  0   0.0  0
       0.1         0.1         0.1         0.1
 143.30655    39.41267     7.547   29.62  73.14  0.3120E+12    3.46   1.67  -1  -1    68.95    17  4   0.0  0   0.0  0
       3.7         2.3         0.1         3.9
 143.34113    39.45963     7.547   29.62  73.14  0.3120E+12    3.91   1.67  -1  -1    61.02     1  4   0.0  0   0.0  0
       0.1         0.1         0.1         0.1
 143.37570    39.50658     7.547   29.62  73.14  0.3120E+12    6.55   1.67  -1  -1    67.39     4  4   0.0  0   0.0  0
       0.1         0.1         0.1         2.3
 143.41028    39.55354     7.547   29.62  73.14  0.3120E+12    6.85   1.67  -1  -1    89.96     3  4   0.0  0   0.0  0
       0.1         0.1         0.1         1.7
 143.44485    39.60050     7.547   29.62  73.14  0.3120E+12    7.17   1.67  -1  -1    88.96     1  4   0.0  0   0.0  0
       0.1         0.1         0.1         0.3
 143.47943    39.64746     7.547   29.62  73.14  0.3120E+12    7.47   1.67  -1  -1    55.92     0  4   0.0  0   0.0  0
       0.0         0.0         0.0         0.0
 143.18755    39.27850     2.571   29.62  73.14  0.3120E+12    8.11   1.67  -1  -1    55.92     0  4   0.0  0   0.0  0
       0.0         0.0         0.0         0.0
 143.22212    39.32546     2.571   29.62  73.14  0.3120E+12    7.76   1.67  -1  -1   145.70    17  4   0.0  0   0.0  0
      10.1         0.1         0.1         0.1
 143.25670    39.37242     2.571   29.62  73.14  0.3120E+12    8.04   1.67  -1  -1   126.45     1  4   0.0  0   0.0  0
       0.1         0.1         0.1         0.1
 143.29128    39.41938     2.571   29.62  73.14  0.3120E+12    6.58   1.67  -1  -1    85.39     1  4   0.0  0   0.0  0
       0.1         0.1         0.1         0.1
 143.32585    39.46634     2.571   29.62  73.14  0.3120E+12    5.66   1.67  -1  -1    57.31     8  4   0.0  0   0.0  0
       4.5         0.1         0.1         0.2
 143.36043    39.51329     2.571   29.62  73.14  0.3120E+12    6.56   1.67  -1  -1    60.69     1  4   0.0  0   0.0  0
       0.1         0.1         0.1         0.4
 143.39500    39.56025     2.571   29.62  73.14  0.3120E+12    6.76   1.67  -1  -1    73.60     7  4   0.0  0   0.0  0
       0.1         0.1         0.1         3.9
 143.42958    39.60721     2.571   29.62  73.14  0.3120E+12    7.06   1.67  -1  -1    66.49     3  4   0.0  0   0.0  0
       0.1         0.1         0.1         1.7
 143.46416    39.65417     2.571   29.62  73.14  0.3120E+12    8.11   1.67  -1  -1    55.92     0  4   0.0  0   0.0  0
       0.0         0.0         0.0         0.0
