2.0
#
# http://equake-rc.info/static/paper/SRF-Description-Graves_2.0.pdf
# RECTANGULAR fault MODEL
#
# All subfaults are   5.0 km long along strike and
#   6.1 km wide along dip
#
# Model length along strike is   45.0 km
#
# Model width along dip is   30.5 km
#
# Corners of the rectangular dislocation model (lat, lon):
#    -30.577   -71.414 : corner 1
#    -30.956   -71.254 : corner 2
#    -31.006   -71.412 : corner 3
#    -30.627   -71.573 : corner 4
#
#
# Number of elementary sliprate
# isoceles triangular functions
# per subfault:   4
#
# Half duration of elementary sliprate
# isoceles triangular functions (s):   1.55
# Triangles are overlapping each other by half
#
# slip rate unit: cm/s
#
#
# Seismic moment is converted into slip
# using a single constant value for the
# shear modulus mu of  0.250E+12 dyne/cm2
# assumed to be constant and characteristic
# of the fault shear zone
#
#
#
# "rake" (degrees) is the slip angle (Aki"s convention,
# e.g. rake=+45 means left-lateral-reverse movement.
#
#
# ************************************************
# Total seismic moment M0=  0.277E+26 dyne.cm
# ************************************************
#
#
PLANE 1
 -71.33400   -30.76650    9    5    45.000    30.500
160.00  58.00     0.094     0.000    21.352
POINTS   45
 -71.44510   -30.80120    18.200  160.00  58.00  0.3050E+12    0.00   1.55  -1  -1   117.53    21  4   0.0  0   0.0  0
       8.3         0.1         0.6         4.3
 -71.53037   -30.68472    23.373  160.00  58.00  0.3050E+12    5.02   1.55  -1  -1    65.94     6  4   0.0  0   0.0  0
       1.3         1.5         0.2         0.5
 -71.51252   -30.72685    23.373  160.00  58.00  0.3050E+12    3.47   1.55  -1  -1    65.00    10  4   0.0  0   0.0  0
       2.1         0.6         1.4         2.4
 -71.49467   -30.76898    23.373  160.00  58.00  0.3050E+12    4.93   1.55  -1  -1    65.68    12  4   0.0  0   0.0  0
       2.3         1.7         0.1         3.5
 -71.47681   -30.81112    23.373  160.00  58.00  0.3050E+12    3.12   1.55  -1  -1   118.78    14  4   0.0  0   0.0  0
       5.3         3.4         0.3         0.2
 -71.45896   -30.85325    23.373  160.00  58.00  0.3050E+12    2.74   1.55  -1  -1    43.14    21  4   0.0  0   0.0  0
      12.2         0.1         0.1         1.4
 -71.44110   -30.89538    23.373  160.00  58.00  0.3050E+12    3.36   1.55  -1  -1    39.11    18  4   0.0  0   0.0  0
       7.5         0.1         0.2         4.0
 -71.42325   -30.93752    23.373  160.00  58.00  0.3050E+12    4.82   1.55  -1  -1    42.91    21  4   0.0  0   0.0  0
      10.3         0.1         0.3         2.6
 -71.40540   -30.97965    23.373  160.00  58.00  0.3050E+12    6.95   1.55  -1  -1    42.21    26  4   0.0  0   0.0  0
      11.1         0.8         0.3         4.5
 -71.51651   -30.63267    18.200  160.00  58.00  0.3050E+12    5.71   1.55  -1  -1    29.00     0  4   0.0  0   0.0  0
       0.0         0.0         0.0         0.0
 -71.49866   -30.67480    18.200  160.00  58.00  0.3050E+12    7.18   1.55  -1  -1    31.33     7  4   0.0  0   0.0  0
       0.1         0.5         1.9         2.2
 -71.48080   -30.71693    18.200  160.00  58.00  0.3050E+12    7.18   1.55  -1  -1    44.31     7  4   0.0  0   0.0  0
       0.4         1.3         1.0         2.0
 -71.46295   -30.75907    18.200  160.00  58.00  0.3050E+12    1.66   1.55  -1  -1    69.52     5  4   0.0  0   0.0  0
       0.6         0.1         0.0         2.6
 -71.54823   -30.64258    23.373  160.00  58.00  0.3050E+12    5.97   1.55  -1  -1    29.00     0  4   0.0  0   0.0  0
       0.0         0.0         0.0         0.0
 -71.42725   -30.84333    18.200  160.00  58.00  0.3050E+12    1.43   1.55  -1  -1    65.90     6  4   0.0  0   0.0  0
       3.5         0.1         0.1         0.3
 -71.40939   -30.88547    18.200  160.00  58.00  0.3050E+12    7.10   1.55  -1  -1    69.62    10  4   0.0  0   0.0  0
       3.2         0.5         0.1         3.0
 -71.39154   -30.92760    18.200  160.00  58.00  0.3050E+12    5.21   1.55  -1  -1   101.17     5  4   0.0  0   0.0  0
       0.1         0.1         1.0         1.7
 -71.37369   -30.96973    18.200  160.00  58.00  0.3050E+12    7.11   1.55  -1  -1    63.26    11  4   0.0  0   0.0  0
       3.0         1.0         0.9         2.2
 -71.48480   -30.62275    13.027  160.00  58.00  0.3050E+12    5.97   1.55  -1  -1    29.00     0  4   0.0  0   0.0  0
       0.0         0.0         0.0         0.0
 -71.46695   -30.66489    13.027  160.00  58.00  0.3050E+12    4.66   1.55  -1  -1    71.52     8  4   0.0  0   0.0  0
       2.0         0.8         1.3         1.2
 -71.44910   -30.70702    13.027  160.00  58.00  0.3050E+12    6.78   1.55  -1  -1    37.37     5  4   0.0  0   0.0  0
       0.4         1.7         1.1         0.2
 -71.43124   -30.74915    13.027  160.00  58.00  0.3050E+12    6.79   1.55  -1  -1    45.79     5  4   0.0  0   0.0  0
       0.2         0.8         0.6         1.8
 -71.41338   -30.79129    13.027  160.00  58.00  0.3050E+12    6.10   1.55  -1  -1    63.67     3  4   0.0  0   0.0  0
       0.1         0.4         0.5         0.8
 -71.39553   -30.83342    13.027  160.00  58.00  0.3050E+12    6.11   1.55  -1  -1   108.39     5  4   0.0  0   0.0  0
       0.1         1.3         0.8         0.9
 -71.37768   -30.87555    13.027  160.00  58.00  0.3050E+12    6.09   1.55  -1  -1   100.23     7  4   0.0  0   0.0  0
       0.8         0.9         0.8         2.1
 -71.35983   -30.91769    13.027  160.00  58.00  0.3050E+12    6.16   1.55  -1  -1   117.84    14  4   0.0  0   0.0  0
       0.1         2.3         2.9         3.5
 -71.34197   -30.95982    13.027  160.00  58.00  0.3050E+12    7.17   1.55  -1  -1    93.79    10  4   0.0  0   0.0  0
       0.1         0.3         3.7         2.6
 -71.45309   -30.61284     7.854  160.00  58.00  0.3050E+12    6.69   1.55  -1  -1    29.00     0  4   0.0  0   0.0  0
       0.0         0.0         0.0         0.0
 -71.43523   -30.65497     7.854  160.00  58.00  0.3050E+12    6.03   1.55  -1  -1    88.43     5  4   0.0  0   0.0  0
       2.4         0.1         0.2         0.3
 -71.41738   -30.69711     7.854  160.00  58.00  0.3050E+12    4.55   1.55  -1  -1    75.83     8  4   0.0  0   0.0  0
       3.7         0.5         0.4         0.4
 -71.39953   -30.73924     7.854  160.00  58.00  0.3050E+12    3.79   1.55  -1  -1    87.18     7  4   0.0  0   0.0  0
       0.8         0.2         0.7         2.9
 -71.38168   -30.78137     7.854  160.00  58.00  0.3050E+12    5.37   1.55  -1  -1    48.54     5  4   0.0  0   0.0  0
       1.8         0.1         0.4         1.2
 -71.36382   -30.82351     7.854  160.00  58.00  0.3050E+12    6.82   1.55  -1  -1    95.62     4  4   0.0  0   0.0  0
       0.5         1.1         0.5         0.1
 -71.34597   -30.86564     7.854  160.00  58.00  0.3050E+12    4.55   1.55  -1  -1    59.96     6  4   0.0  0   0.0  0
       1.3         1.3         1.2         0.4
 -71.32811   -30.90777     7.854  160.00  58.00  0.3050E+12    5.54   1.55  -1  -1    61.31     4  4   0.0  0   0.0  0
       1.4         1.0         0.5         0.1
 -71.31026   -30.94991     7.854  160.00  58.00  0.3050E+12    7.00   1.55  -1  -1    40.81     9  4   0.0  0   0.0  0
       0.5         2.0         0.7         2.6
 -71.42138   -30.60292     2.681  160.00  58.00  0.3050E+12    7.19   1.55  -1  -1    29.00     0  4   0.0  0   0.0  0
       0.0         0.0         0.0         0.0
 -71.40352   -30.64506     2.681  160.00  58.00  0.3050E+12    6.79   1.55  -1  -1    67.57     0  4   0.0  0   0.0  0
       0.0         0.1         0.1         0.1
 -71.38567   -30.68719     2.681  160.00  58.00  0.3050E+12    6.04   1.55  -1  -1    81.63     1  4   0.0  0   0.0  0
       0.5         0.1         0.1         0.1
 -71.36781   -30.72932     2.681  160.00  58.00  0.3050E+12    6.05   1.55  -1  -1    35.84     2  4   0.0  0   0.0  0
       0.1         0.7         0.1         0.1
 -71.34996   -30.77146     2.681  160.00  58.00  0.3050E+12    5.25   1.55  -1  -1    72.36     5  4   0.0  0   0.0  0
       2.2         0.4         0.4         0.1
 -71.33211   -30.81359     2.681  160.00  58.00  0.3050E+12    5.53   1.55  -1  -1    72.67    14  4   0.0  0   0.0  0
       8.4         0.5         0.1         0.1
 -71.31425   -30.85572     2.681  160.00  58.00  0.3050E+12    6.82   1.55  -1  -1   105.26     6  4   0.0  0   0.0  0
       1.8         2.0         0.3         0.1
 -71.29640   -30.89786     2.681  160.00  58.00  0.3050E+12    7.00   1.55  -1  -1    82.18     5  4   0.0  0   0.0  0
       2.1         1.2         0.1         0.1
 -71.27855   -30.93999     2.681  160.00  58.00  0.3050E+12    7.19   1.55  -1  -1    32.52    25  4   0.0  0   0.0  0
       5.5         3.4         0.4         6.6
