2.0
#
# http://equake-rc.info/static/paper/SRF-Description-Graves_2.0.pdf
# RECTANGULAR fault MODEL
#
# All subfaults are   3.0 km long along strike and
#   5.0 km wide along dip
#
# Model length along strike is   27.0 km
#
# Model width along dip is   25.0 km
#
# Corners of the rectangular dislocation model (lat, lon):
#     23.484   121.827 : corner 1
#     23.312   121.640 : corner 2
#     23.424   121.517 : corner 3
#     23.596   121.704 : corner 4
#
#
# Number of elementary sliprate
# isoceles triangular functions
# per subfault:   4
#
# Half duration of elementary sliprate
# isoceles triangular functions (s):   1.06
# Triangles are overlapping each other by half
#
# slip rate unit: cm/s
#
#
# Seismic moment is converted into slip
# using a single constant value for the
# shear modulus mu of  0.250E+12 dyne/cm2
# assumed to be constant and characteristic
# of the fault shear zone
#
#
#
# "rake" (degrees) is the slip angle (Aki"s convention,
# e.g. rake=+45 means left-lateral-reverse movement.
#
#
# ************************************************
# Total seismic moment M0=  0.331E+25 dyne.cm
# ************************************************
#
#
PLANE 1
 121.73351    23.39800    9    5    27.000    25.000
225.00  45.00    26.161     0.000    12.500
POINTS   45
 121.67200    23.45400    35.000  225.00  45.00  0.1500E+12    0.00   1.06  -1  -1   117.35    19  4   0.0  0   0.0  0
      17.7         0.0         0.0         0.0
 121.68537    23.55623    42.071  225.00  45.00  0.1500E+12    3.84   1.06  -1  -1    72.70     0  4   0.0  0   0.0  0
       0.0         0.0         0.0         0.0
 121.66457    23.53714    42.071  225.00  45.00  0.1500E+12    3.74   1.06  -1  -1   128.00     0  4   0.0  0   0.0  0
       0.0         0.0         0.0         0.0
 121.64377    23.51806    42.071  225.00  45.00  0.1500E+12    3.51   1.06  -1  -1   129.49     0  4   0.0  0   0.0  0
       0.0         0.0         0.0         0.0
 121.62297    23.49898    42.071  225.00  45.00  0.1500E+12    2.90   1.06  -1  -1   153.41     1  4   0.0  0   0.0  0
       0.7         0.0         0.0         0.0
 121.60217    23.47990    42.071  225.00  45.00  0.1500E+12    3.17   1.06  -1  -1   162.69     6  4   0.0  0   0.0  0
       5.4         0.5         0.0         0.0
 121.58137    23.46081    42.071  225.00  45.00  0.1500E+12    3.69   1.06  -1  -1   122.17     0  4   0.0  0   0.0  0
       0.1         0.0         0.0         0.0
 121.56056    23.44173    42.071  225.00  45.00  0.1500E+12    3.87   1.06  -1  -1   109.73     0  4   0.0  0   0.0  0
       0.1         0.0         0.0         0.1
 121.53976    23.42265    42.071  225.00  45.00  0.1500E+12    4.01   1.06  -1  -1   132.70    12  4   0.0  0   0.0  0
      10.8         0.0         0.0         0.1
 121.73069    23.55282    38.536  225.00  45.00  0.1500E+12    3.71   1.06  -1  -1    72.70     0  4   0.0  0   0.0  0
       0.0         0.0         0.0         0.0
 121.70988    23.53374    38.536  225.00  45.00  0.1500E+12    2.94   1.06  -1  -1    72.70     0  4   0.0  0   0.0  0
       0.0         0.0         0.0         0.0
 121.68909    23.51466    38.536  225.00  45.00  0.1500E+12    3.71   1.06  -1  -1   142.12     0  4   0.0  0   0.0  0
       0.0         0.0         0.0         0.0
 121.66828    23.49557    38.536  225.00  45.00  0.1500E+12    1.73   1.06  -1  -1   158.44     1  4   0.0  0   0.0  0
       0.4         0.0         0.0         0.0
 121.64748    23.47649    38.536  225.00  45.00  0.1500E+12    1.73   1.06  -1  -1   162.01     0  4   0.0  0   0.0  0
       0.2         0.0         0.0         0.0
 121.62668    23.45741    38.536  225.00  45.00  0.1500E+12    1.73   1.06  -1  -1   139.40     1  4   0.0  0   0.0  0
       1.2         0.0         0.0         0.0
 121.60588    23.43832    38.536  225.00  45.00  0.1500E+12    2.73   1.06  -1  -1   147.74     0  4   0.0  0   0.0  0
       0.0         0.0         0.0         0.0
 121.58508    23.41924    38.536  225.00  45.00  0.1500E+12    2.95   1.06  -1  -1    97.42     2  4   0.0  0   0.0  0
       1.7         0.0         0.0         0.0
 121.56428    23.40016    38.536  225.00  45.00  0.1500E+12    3.93   1.06  -1  -1    72.81     9  4   0.0  0   0.0  0
       6.4         0.0         0.0         2.1
 121.75520    23.53033    35.000  225.00  45.00  0.1500E+12    3.43   1.06  -1  -1    72.70     0  4   0.0  0   0.0  0
       0.0         0.0         0.0         0.0
 121.73440    23.51125    35.000  225.00  45.00  0.1500E+12    2.57   1.06  -1  -1    72.70     0  4   0.0  0   0.0  0
       0.0         0.0         0.0         0.0
 121.71360    23.49217    35.000  225.00  45.00  0.1500E+12    1.74   1.06  -1  -1   152.41     1  4   0.0  0   0.0  0
       0.8         0.0         0.0         0.0
 121.69279    23.47308    35.000  225.00  45.00  0.1500E+12    0.98   1.06  -1  -1   156.04     1  4   0.0  0   0.0  0
       1.1         0.0         0.0         0.0
 121.70618    23.57531    42.071  225.00  45.00  0.1500E+12    4.01   1.06  -1  -1    72.70     0  4   0.0  0   0.0  0
       0.0         0.0         0.0         0.0
 121.65120    23.43492    35.000  225.00  45.00  0.1500E+12    0.91   1.06  -1  -1   110.91    27  4   0.0  0   0.0  0
      25.7         0.0         0.0         0.0
 121.63039    23.41583    35.000  225.00  45.00  0.1500E+12    1.73   1.06  -1  -1   139.91     0  4   0.0  0   0.0  0
       0.0         0.0         0.0         0.0
 121.60960    23.39675    35.000  225.00  45.00  0.1500E+12    2.79   1.06  -1  -1    73.61     0  4   0.0  0   0.0  0
       0.0         0.0         0.0         0.0
 121.58879    23.37767    35.000  225.00  45.00  0.1500E+12    3.61   1.06  -1  -1    72.72     2  4   0.0  0   0.0  0
       1.8         0.0         0.0         0.0
 121.77972    23.50784    31.464  225.00  45.00  0.1500E+12    3.71   1.06  -1  -1    72.70     0  4   0.0  0   0.0  0
       0.0         0.0         0.0         0.0
 121.75892    23.48876    31.464  225.00  45.00  0.1500E+12    2.94   1.06  -1  -1    72.70     0  4   0.0  0   0.0  0
       0.0         0.0         0.0         0.0
 121.73811    23.46968    31.464  225.00  45.00  0.1500E+12    4.01   1.06  -1  -1   148.21     1  4   0.0  0   0.0  0
       0.0         0.0         0.0         0.7
 121.71732    23.45059    31.464  225.00  45.00  0.1500E+12    3.59   1.06  -1  -1   162.55     0  4   0.0  0   0.0  0
       0.0         0.0         0.0         0.0
 121.69651    23.43151    31.464  225.00  45.00  0.1500E+12    2.53   1.06  -1  -1   154.77     0  4   0.0  0   0.0  0
       0.0         0.0         0.0         0.0
 121.67571    23.41243    31.464  225.00  45.00  0.1500E+12    3.79   1.06  -1  -1   129.68     0  4   0.0  0   0.0  0
       0.0         0.0         0.0         0.0
 121.65491    23.39334    31.464  225.00  45.00  0.1500E+12    3.85   1.06  -1  -1   106.23     0  4   0.0  0   0.0  0
       0.0         0.0         0.0         0.0
 121.63411    23.37426    31.464  225.00  45.00  0.1500E+12    3.20   1.06  -1  -1    79.24     0  4   0.0  0   0.0  0
       0.0         0.0         0.0         0.0
 121.61330    23.35518    31.464  225.00  45.00  0.1500E+12    3.86   1.06  -1  -1    73.00     0  4   0.0  0   0.0  0
       0.1         0.0         0.0         0.0
 121.80423    23.48535    27.929  225.00  45.00  0.1500E+12    4.01   1.06  -1  -1    72.70     0  4   0.0  0   0.0  0
       0.0         0.0         0.0         0.0
 121.78343    23.46627    27.929  225.00  45.00  0.1500E+12    3.84   1.06  -1  -1    72.70     0  4   0.0  0   0.0  0
       0.0         0.0         0.0         0.0
 121.76263    23.44719    27.929  225.00  45.00  0.1500E+12    3.99   1.06  -1  -1   135.28     2  4   0.0  0   0.0  0
       0.0         0.0         0.0         1.4
 121.74183    23.42810    27.929  225.00  45.00  0.1500E+12    4.01   1.06  -1  -1   138.03     0  4   0.0  0   0.0  0
       0.0         0.0         0.0         0.2
 121.72102    23.40902    27.929  225.00  45.00  0.1500E+12    3.77   1.06  -1  -1   140.56     0  4   0.0  0   0.0  0
       0.0         0.0         0.0         0.1
 121.70023    23.38994    27.929  225.00  45.00  0.1500E+12    4.01   1.06  -1  -1    90.87     0  4   0.0  0   0.0  0
       0.0         0.0         0.0         0.2
 121.67942    23.37086    27.929  225.00  45.00  0.1500E+12    3.93   1.06  -1  -1    74.99     0  4   0.0  0   0.0  0
       0.0         0.0         0.0         0.0
 121.65862    23.35177    27.929  225.00  45.00  0.1500E+12    3.92   1.06  -1  -1    72.81     0  4   0.0  0   0.0  0
       0.0         0.0         0.0         0.0
 121.63782    23.33269    27.929  225.00  45.00  0.1500E+12    4.01   1.06  -1  -1    74.70     1  4   0.0  0   0.0  0
       0.8         0.0         0.0         0.0
