2.0
#
# http://equake-rc.info/static/paper/SRF-Description-Graves_2.0.pdf
# RECTANGULAR fault MODEL
#
# All subfaults are   5.0 km long along strike and
#   6.6 km wide along dip
#
# Model length along strike is   45.0 km
#
# Model width along dip is   33.0 km
#
# Corners of the rectangular dislocation model (lat, lon):
#     40.638    28.192 : corner 1
#     41.040    28.127 : corner 2
#     41.049    28.215 : corner 3
#     40.646    28.280 : corner 4
#
#
# Number of elementary sliprate
# isoceles triangular functions
# per subfault:   4
#
# Half duration of elementary sliprate
# isoceles triangular functions (s):   1.55
# Triangles are overlapping each other by half
#
# slip rate unit: cm/s
#
#
# Seismic moment is converted into slip
# using a single constant value for the
# shear modulus mu of  0.250E+12 dyne/cm2
# assumed to be constant and characteristic
# of the fault shear zone
#
#
#
# "rake" (degrees) is the slip angle (Aki"s convention,
# e.g. rake=+45 means left-lateral-reverse movement.
#
#
# ************************************************
# Total seismic moment M0=  0.203E+26 dyne.cm
# ************************************************
#
#
PLANE 1
  28.15950    40.83900    9    5    45.000    33.000
353.00  77.00     0.154     0.000     9.900
POINTS   45
  28.18600    40.84180     9.800  353.00  77.00  0.3300E+12    0.00   1.55  -1  -1    -5.11    60  4   0.0  0   0.0  0
      38.7         0.1         0.1         0.1
  28.26037    40.71264    29.093  353.00  77.00  0.3300E+12    7.10   1.55  -1  -1   -45.00     0  4   0.0  0   0.0  0
       0.0         0.0         0.0         0.0
  28.25312    40.75732    29.093  353.00  77.00  0.3300E+12    6.80   1.55  -1  -1    27.82     0  4   0.0  0   0.0  0
       0.1         0.1         0.1         0.1
  28.24587    40.80201    29.093  353.00  77.00  0.3300E+12    6.28   1.55  -1  -1   -15.32     0  4   0.0  0   0.0  0
       0.1         0.1         0.1         0.1
  28.23862    40.84669    29.093  353.00  77.00  0.3300E+12    6.39   1.55  -1  -1   -34.36     1  4   0.0  0   0.0  0
       0.5         0.1         0.1         0.1
  28.23136    40.89137    29.093  353.00  77.00  0.3300E+12    6.32   1.55  -1  -1   -43.77     6  4   0.0  0   0.0  0
       3.9         0.1         0.1         0.0
  28.22411    40.93605    29.093  353.00  77.00  0.3300E+12    6.36   1.55  -1  -1   -43.55     0  4   0.0  0   0.0  0
       0.1         0.1         0.0         0.1
  28.21686    40.98074    29.093  353.00  77.00  0.3300E+12    7.10   1.55  -1  -1   -45.00     0  4   0.0  0   0.0  0
       0.0         0.0         0.0         0.0
  28.20961    41.02542    29.093  353.00  77.00  0.3300E+12    7.19   1.55  -1  -1   -45.00     0  4   0.0  0   0.0  0
       0.0         0.0         0.0         0.0
  28.25009    40.66633    22.662  353.00  77.00  0.3300E+12    6.85   1.55  -1  -1   -45.00     0  4   0.0  0   0.0  0
       0.0         0.0         0.0         0.0
  28.24283    40.71101    22.662  353.00  77.00  0.3300E+12    5.71   1.55  -1  -1   -45.00     0  4   0.0  0   0.0  0
       0.0         0.0         0.0         0.0
  28.23558    40.75569    22.662  353.00  77.00  0.3300E+12    4.74   1.55  -1  -1    19.39     0  4   0.0  0   0.0  0
       0.1         0.1         0.0         0.1
  28.22833    40.80038    22.662  353.00  77.00  0.3300E+12    4.19   1.55  -1  -1   -28.67     0  4   0.0  0   0.0  0
       0.1         0.1         0.1         0.1
  28.22108    40.84506    22.662  353.00  77.00  0.3300E+12    4.68   1.55  -1  -1   -42.39     2  4   0.0  0   0.0  0
       0.8         0.1         0.1         0.1
  28.21383    40.88974    22.662  353.00  77.00  0.3300E+12    4.70   1.55  -1  -1   -44.78    10  4   0.0  0   0.0  0
       5.0         1.2         0.1         0.0
  28.20657    40.93443    22.662  353.00  77.00  0.3300E+12    5.65   1.55  -1  -1   -43.66     2  4   0.0  0   0.0  0
       0.8         0.1         0.1         0.1
  28.19932    40.97911    22.662  353.00  77.00  0.3300E+12    5.71   1.55  -1  -1   -45.00     0  4   0.0  0   0.0  0
       0.0         0.0         0.0         0.0
  28.19207    41.02379    22.662  353.00  77.00  0.3300E+12    6.85   1.55  -1  -1   -45.00     0  4   0.0  0   0.0  0
       0.0         0.0         0.0         0.0
  28.23255    40.66470    16.231  353.00  77.00  0.3300E+12    6.02   1.55  -1  -1   -45.00     0  4   0.0  0   0.0  0
       0.0         0.0         0.0         0.0
  28.22530    40.70938    16.231  353.00  77.00  0.3300E+12    4.68   1.55  -1  -1   -45.00     0  4   0.0  0   0.0  0
       0.0         0.0         0.0         0.0
  28.21804    40.75406    16.231  353.00  77.00  0.3300E+12    3.76   1.55  -1  -1    29.13     2  4   0.0  0   0.0  0
       1.3         0.1         0.1         0.1
  28.21079    40.79875    16.231  353.00  77.00  0.3300E+12    2.79   1.55  -1  -1     8.92     1  4   0.0  0   0.0  0
       0.6         0.1         0.1         0.1
  28.20354    40.84343    16.231  353.00  77.00  0.3300E+12    1.89   1.55  -1  -1   -18.96    17  4   0.0  0   0.0  0
      10.8         0.1         0.1         0.1
  28.19629    40.88811    16.231  353.00  77.00  0.3300E+12    2.80   1.55  -1  -1   -43.89    23  4   0.0  0   0.0  0
      14.8         0.1         0.1         0.1
  28.18904    40.93280    16.231  353.00  77.00  0.3300E+12    4.71   1.55  -1  -1   -44.74     3  4   0.0  0   0.0  0
       1.4         0.1         0.1         0.1
  28.18178    40.97748    16.231  353.00  77.00  0.3300E+12    4.68   1.55  -1  -1   -45.00     0  4   0.0  0   0.0  0
       0.0         0.0         0.0         0.0
  28.17453    41.02216    16.231  353.00  77.00  0.3300E+12    6.02   1.55  -1  -1   -45.00     0  4   0.0  0   0.0  0
       0.0         0.0         0.0         0.0
  28.21501    40.66307     9.800  353.00  77.00  0.3300E+12    5.71   1.55  -1  -1   -45.00     0  4   0.0  0   0.0  0
       0.0         0.0         0.0         0.0
  28.20776    40.70775     9.800  353.00  77.00  0.3300E+12    4.29   1.55  -1  -1   -45.00     0  4   0.0  0   0.0  0
       0.0         0.0         0.0         0.0
  28.20050    40.75243     9.800  353.00  77.00  0.3300E+12    5.62   1.55  -1  -1   -13.82     0  4   0.0  0   0.0  0
       0.1         0.1         0.1         0.1
  28.19325    40.79712     9.800  353.00  77.00  0.3300E+12    1.88   1.55  -1  -1    -6.22     7  4   0.0  0   0.0  0
       4.5         0.1         0.1         0.1
  28.26762    40.66796    29.093  353.00  77.00  0.3300E+12    7.19   1.55  -1  -1   -45.00     0  4   0.0  0   0.0  0
       0.0         0.0         0.0         0.0
  28.17875    40.88648     9.800  353.00  77.00  0.3300E+12    1.87   1.55  -1  -1   -11.38    47  4   0.0  0   0.0  0
      29.9         0.1         0.1         0.1
  28.17150    40.93117     9.800  353.00  77.00  0.3300E+12    6.91   1.55  -1  -1   -44.91    12  4   0.0  0   0.0  0
       0.1         0.1         0.1         7.7
  28.16424    40.97585     9.800  353.00  77.00  0.3300E+12    4.29   1.55  -1  -1   -45.00     0  4   0.0  0   0.0  0
       0.0         0.0         0.0         0.0
  28.15699    41.02053     9.800  353.00  77.00  0.3300E+12    5.71   1.55  -1  -1   -45.00     0  4   0.0  0   0.0  0
       0.0         0.0         0.0         0.0
  28.19747    40.66144     3.369  353.00  77.00  0.3300E+12    6.02   1.55  -1  -1   -45.00     0  4   0.0  0   0.0  0
       0.0         0.0         0.0         0.0
  28.19022    40.70612     3.369  353.00  77.00  0.3300E+12    4.68   1.55  -1  -1   -45.00     0  4   0.0  0   0.0  0
       0.0         0.0         0.0         0.0
  28.18297    40.75080     3.369  353.00  77.00  0.3300E+12    5.88   1.55  -1  -1    -8.76    24  4   0.0  0   0.0  0
       0.1         7.1         8.0         0.1
  28.17571    40.79549     3.369  353.00  77.00  0.3300E+12    6.77   1.55  -1  -1   -44.81    12  4   0.0  0   0.0  0
       0.1         0.1         1.6         6.3
  28.16846    40.84017     3.369  353.00  77.00  0.3300E+12    2.80   1.55  -1  -1   -22.70     1  4   0.0  0   0.0  0
       0.3         0.1         0.1         0.1
  28.16121    40.88485     3.369  353.00  77.00  0.3300E+12    6.91   1.55  -1  -1   -41.82     7  4   0.0  0   0.0  0
       0.1         0.1         0.1         4.2
  28.15396    40.92954     3.369  353.00  77.00  0.3300E+12    5.61   1.55  -1  -1   -44.74     6  4   0.0  0   0.0  0
       0.1         0.5         3.3         0.3
  28.14671    40.97422     3.369  353.00  77.00  0.3300E+12    4.68   1.55  -1  -1   -45.00     0  4   0.0  0   0.0  0
       0.0         0.0         0.0         0.0
  28.13945    41.01890     3.369  353.00  77.00  0.3300E+12    6.02   1.55  -1  -1   -45.00     0  4   0.0  0   0.0  0
       0.0         0.0         0.0         0.0
