2.0
#
# http://equake-rc.info/static/paper/SRF-Description-Graves_2.0.pdf
# RECTANGULAR fault MODEL
#
# All subfaults are   5.0 km long along strike and
#   2.7 km wide along dip
#
# Model length along strike is   45.0 km
#
# Model width along dip is   13.5 km
#
# Corners of the rectangular dislocation model (lat, lon):
#     40.866    28.452 : corner 1
#     40.817    27.920 : corner 2
#     40.817    27.920 : corner 3
#     40.866    28.452 : corner 4
#
#
# Number of elementary sliprate
# isoceles triangular functions
# per subfault:   4
#
# Half duration of elementary sliprate
# isoceles triangular functions (s):   1.55
# Triangles are overlapping each other by half
#
# slip rate unit: cm/s
#
#
# Seismic moment is converted into slip
# using a single constant value for the
# shear modulus mu of  0.250E+12 dyne/cm2
# assumed to be constant and characteristic
# of the fault shear zone
#
#
#
# "rake" (degrees) is the slip angle (Aki"s convention,
# e.g. rake=+45 means left-lateral-reverse movement.
#
#
# ************************************************
# Total seismic moment M0=  0.237E+26 dyne.cm
# ************************************************
#
#
PLANE 1
  28.18600    40.84150    9    5    45.000    13.500
263.00  90.00     0.350     0.000     9.450
POINTS   45
  28.18600    40.84180     9.800  263.00  90.00  0.1350E+12    0.00   1.55  -1  -1  -173.54    59  4   0.0  0   0.0  0
      36.8         1.1         0.1         0.1
  28.36319    40.85826    12.500  263.00  90.00  0.1350E+12    4.42   1.55  -1  -1  -148.08    56  4   0.0  0   0.0  0
      36.0         0.2         0.1         0.1
  28.30413    40.85277    12.500  263.00  90.00  0.1350E+12    3.03   1.55  -1  -1  -148.16    44  4   0.0  0   0.0  0
      28.1         0.3         0.1         0.1
  28.24506    40.84729    12.500  263.00  90.00  0.1350E+12    1.63   1.55  -1  -1  -157.54    12  4   0.0  0   0.0  0
       6.9         0.5         0.1         0.1
  28.18600    40.84180    12.500  263.00  90.00  0.1350E+12    0.83   1.55  -1  -1  -172.95    58  4   0.0  0   0.0  0
      37.0         0.1         0.1         0.1
  28.12694    40.83632    12.500  263.00  90.00  0.1350E+12    4.30   1.55  -1  -1   126.32     9  4   0.0  0   0.0  0
       0.1         0.1         0.2         5.6
  28.06787    40.83083    12.500  263.00  90.00  0.1350E+12    2.96   1.55  -1  -1   122.00     0  4   0.0  0   0.0  0
       0.0         0.0         0.0         0.0
  28.00881    40.82534    12.500  263.00  90.00  0.1350E+12    4.35   1.55  -1  -1   122.00     0  4   0.0  0   0.0  0
       0.0         0.0         0.0         0.0
  27.94975    40.81985    12.500  263.00  90.00  0.1350E+12    5.77   1.55  -1  -1   122.00     0  4   0.0  0   0.0  0
       0.0         0.0         0.0         0.0
  28.42225    40.86375     9.800  263.00  90.00  0.1350E+12    5.71   1.55  -1  -1   122.00     0  4   0.0  0   0.0  0
       0.0         0.0         0.0         0.0
  28.36319    40.85826     9.800  263.00  90.00  0.1350E+12    4.35   1.55  -1  -1  -164.51     9  4   0.0  0   0.0  0
       5.5         0.4         0.1         0.1
  28.30413    40.85277     9.800  263.00  90.00  0.1350E+12    2.87   1.55  -1  -1  -148.35    31  4   0.0  0   0.0  0
      19.6         0.1         0.2         0.1
  28.24506    40.84729     9.800  263.00  90.00  0.1350E+12    1.46   1.55  -1  -1  -155.71    46  4   0.0  0   0.0  0
      28.7         0.5         0.2         0.1
  28.42225    40.86375    12.500  263.00  90.00  0.1350E+12    5.77   1.55  -1  -1   122.00     0  4   0.0  0   0.0  0
       0.0         0.0         0.0         0.0
  28.12694    40.83632     9.800  263.00  90.00  0.1350E+12    4.28   1.55  -1  -1   126.15     3  4   0.0  0   0.0  0
       0.1         0.1         0.5         1.4
  28.06787    40.83083     9.800  263.00  90.00  0.1350E+12    2.86   1.55  -1  -1   122.00     0  4   0.0  0   0.0  0
       0.0         0.0         0.0         0.0
  28.00881    40.82534     9.800  263.00  90.00  0.1350E+12    4.29   1.55  -1  -1   122.00     0  4   0.0  0   0.0  0
       0.0         0.0         0.0         0.0
  27.94975    40.81985     9.800  263.00  90.00  0.1350E+12    5.71   1.55  -1  -1   122.00     0  4   0.0  0   0.0  0
       0.0         0.0         0.0         0.0
  28.42225    40.86375     7.100  263.00  90.00  0.1350E+12    5.77   1.55  -1  -1   122.00     0  4   0.0  0   0.0  0
       0.0         0.0         0.0         0.0
  28.36319    40.85826     7.100  263.00  90.00  0.1350E+12    5.89   1.55  -1  -1   146.77     8  4   0.0  0   0.0  0
       2.7         2.3         0.1         0.1
  28.30413    40.85277     7.100  263.00  90.00  0.1350E+12    2.97   1.55  -1  -1  -152.23     7  4   0.0  0   0.0  0
       3.8         0.1         0.3         0.1
  28.24506    40.84729     7.100  263.00  90.00  0.1350E+12    1.63   1.55  -1  -1  -162.81    41  4   0.0  0   0.0  0
      26.2         0.1         0.2         0.1
  28.18600    40.84180     7.100  263.00  90.00  0.1350E+12    0.82   1.55  -1  -1   169.77    18  4   0.0  0   0.0  0
      11.1         0.3         0.1         0.1
  28.12694    40.83632     7.100  263.00  90.00  0.1350E+12    3.99   1.55  -1  -1   122.25    31  4   0.0  0   0.0  0
       0.1         0.1        10.6         8.9
  28.06787    40.83083     7.100  263.00  90.00  0.1350E+12    2.96   1.55  -1  -1   122.00     0  4   0.0  0   0.0  0
       0.0         0.0         0.0         0.0
  28.00881    40.82534     7.100  263.00  90.00  0.1350E+12    4.35   1.55  -1  -1   122.00     0  4   0.0  0   0.0  0
       0.0         0.0         0.0         0.0
  27.94975    40.81985     7.100  263.00  90.00  0.1350E+12    5.77   1.55  -1  -1   122.00     0  4   0.0  0   0.0  0
       0.0         0.0         0.0         0.0
  28.42225    40.86375     4.400  263.00  90.00  0.1350E+12    5.92   1.55  -1  -1   122.00     0  4   0.0  0   0.0  0
       0.0         0.0         0.0         0.0
  28.36319    40.85826     4.400  263.00  90.00  0.1350E+12    4.97   1.55  -1  -1   137.07    25  4   0.0  0   0.0  0
       0.6        15.3         0.3         0.1
  28.30413    40.85277     4.400  263.00  90.00  0.1350E+12    3.44   1.55  -1  -1  -179.78    22  4   0.0  0   0.0  0
       3.7         9.7         0.5         0.1
  28.24506    40.84729     4.400  263.00  90.00  0.1350E+12    3.02   1.55  -1  -1   154.10    48  4   0.0  0   0.0  0
      26.7         0.2         0.1         3.9
  28.18600    40.84180     4.400  263.00  90.00  0.1350E+12    2.01   1.55  -1  -1   155.10    16  4   0.0  0   0.0  0
      10.3         0.2         0.1         0.1
  28.12694    40.83632     4.400  263.00  90.00  0.1350E+12    6.77   1.55  -1  -1   130.44     1  4   0.0  0   0.0  0
       0.1         0.2         0.1         0.1
  28.06787    40.83083     4.400  263.00  90.00  0.1350E+12    3.25   1.55  -1  -1   122.00     0  4   0.0  0   0.0  0
       0.0         0.0         0.0         0.0
  28.00881    40.82534     4.400  263.00  90.00  0.1350E+12    4.55   1.55  -1  -1   122.00     0  4   0.0  0   0.0  0
       0.0         0.0         0.0         0.0
  27.94975    40.81985     4.400  263.00  90.00  0.1350E+12    5.92   1.55  -1  -1   122.00     0  4   0.0  0   0.0  0
       0.0         0.0         0.0         0.0
  28.42225    40.86375     1.700  263.00  90.00  0.1350E+12    6.17   1.55  -1  -1   122.00     0  4   0.0  0   0.0  0
       0.0         0.0         0.0         0.0
  28.36319    40.85826     1.700  263.00  90.00  0.1350E+12    4.98   1.55  -1  -1   159.06    39  4   0.0  0   0.0  0
      19.5         5.7         0.1         0.1
  28.30413    40.85277     1.700  263.00  90.00  0.1350E+12    3.90   1.55  -1  -1   154.63    56  4   0.0  0   0.0  0
      36.0         0.3         0.1         0.0
  28.24506    40.84729     1.700  263.00  90.00  0.1350E+12    3.00   1.55  -1  -1   170.08    41  4   0.0  0   0.0  0
      15.6         0.4         0.1        10.2
  28.18600    40.84180     1.700  263.00  90.00  0.1350E+12    2.43   1.55  -1  -1   165.05    22  4   0.0  0   0.0  0
       9.8         0.1         0.1         3.9
  28.12694    40.83632     1.700  263.00  90.00  0.1350E+12    5.32   1.55  -1  -1   140.15     1  4   0.0  0   0.0  0
       0.1         0.1         0.1         0.1
  28.06787    40.83083     1.700  263.00  90.00  0.1350E+12    3.68   1.55  -1  -1   122.00     0  4   0.0  0   0.0  0
       0.0         0.0         0.0         0.0
  28.00881    40.82534     1.700  263.00  90.00  0.1350E+12    4.87   1.55  -1  -1   122.00     0  4   0.0  0   0.0  0
       0.0         0.0         0.0         0.0
  27.94975    40.81985     1.700  263.00  90.00  0.1350E+12    6.17   1.55  -1  -1   122.00     0  4   0.0  0   0.0  0
       0.0         0.0         0.0         0.0
