2.0
#
# http://equake-rc.info/static/paper/SRF-Description-Graves_2.0.pdf
# RECTANGULAR fault MODEL
#
# All subfaults are   7.0 km long along strike and
#   2.0 km wide along dip
#
# Model length along strike is   77.0 km
#
# Model width along dip is   10.0 km
#
# Corners of the rectangular dislocation model (lat, lon):
#     43.206    13.010 : corner 1
#     42.547    13.302 : corner 2
#     42.526    13.217 : corner 3
#     43.186    12.924 : corner 4
#
#
# Number of elementary sliprate
# isoceles triangular functions
# per subfault:   4
#
# Half duration of elementary sliprate
# isoceles triangular functions (s):   2.11
# Triangles are overlapping each other by half
#
# slip rate unit: cm/s
#
#
# Seismic moment is converted into slip
# using a single constant value for the
# shear modulus mu of  0.250E+12 dyne/cm2
# assumed to be constant and characteristic
# of the fault shear zone
#
#
#
# "rake" (degrees) is the slip angle (Aki"s convention,
# e.g. rake=+45 means left-lateral-reverse movement.
#
#
# ************************************************
# Total seismic moment M0=  0.973E+26 dyne.cm
# ************************************************
#
#
PLANE 1
  13.15600    42.87650   11    5    77.000    10.000
162.00  43.00     0.226     0.000     7.001
POINTS   55
  13.09600    42.86200     5.000  162.00  43.00  0.1400E+12    0.00   2.11  -1  -1   -35.36   133  4   0.0  0   0.0  0
      51.3        11.2         0.2         0.1
  12.97262    43.09771     6.364  162.00  43.00  0.1400E+12    8.02   2.11  -1  -1  -113.00     0  4   0.0  0   0.0  0
       0.0         0.0         0.0         0.0
  12.99919    43.03777     6.364  162.00  43.00  0.1400E+12    6.03   2.11  -1  -1  -113.00     0  4   0.0  0   0.0  0
       0.0         0.0         0.0         0.0
  13.02576    42.97782     6.364  162.00  43.00  0.1400E+12    7.20   2.11  -1  -1  -102.91     4  4   0.0  0   0.0  0
       0.3         0.9         0.4         0.5
  13.05234    42.91788     6.364  162.00  43.00  0.1400E+12    3.10   2.11  -1  -1  -109.86    37  4   0.0  0   0.0  0
      12.4         4.7         0.2         0.2
  13.07891    42.85793     6.364  162.00  43.00  0.1400E+12    0.73   2.11  -1  -1   -64.03    96  4   0.0  0   0.0  0
      45.3         0.2         0.2         0.1
  13.10548    42.79798     6.364  162.00  43.00  0.1400E+12    5.85   2.11  -1  -1   -27.18    50  4   0.0  0   0.0  0
       5.3        13.9         4.1         0.4
  13.13206    42.73804     6.364  162.00  43.00  0.1400E+12    4.76   2.11  -1  -1  -102.07     3  4   0.0  0   0.0  0
       0.7         0.3         0.1         0.3
  13.15863    42.67809     6.364  162.00  43.00  0.1400E+12   10.64   2.11  -1  -1   -23.42    53  4   0.0  0   0.0  0
       0.6         4.7         2.9        17.1
  13.18520    42.61814     6.364  162.00  43.00  0.1400E+12    8.49   2.11  -1  -1   -29.88     7  4   0.0  0   0.0  0
       2.5         0.1         0.3         0.2
  13.21177    42.55820     6.364  162.00  43.00  0.1400E+12   10.02   2.11  -1  -1  -113.00     0  4   0.0  0   0.0  0
       0.0         0.0         0.0         0.0
  12.96314    43.16173     5.000  162.00  43.00  0.1400E+12   10.00   2.11  -1  -1  -113.00     0  4   0.0  0   0.0  0
       0.0         0.0         0.0         0.0
  12.98971    43.10178     5.000  162.00  43.00  0.1400E+12    8.00   2.11  -1  -1  -113.00     0  4   0.0  0   0.0  0
       0.0         0.0         0.0         0.0
  13.01628    43.04184     5.000  162.00  43.00  0.1400E+12    6.00   2.11  -1  -1  -113.00     0  4   0.0  0   0.0  0
       0.0         0.0         0.0         0.0
  13.04285    42.98189     5.000  162.00  43.00  0.1400E+12    5.74   2.11  -1  -1  -102.82     5  4   0.0  0   0.0  0
       1.4         0.8         0.3         0.1
  13.06943    42.92195     5.000  162.00  43.00  0.1400E+12    4.32   2.11  -1  -1  -111.49    47  4   0.0  0   0.0  0
      19.9         1.1         1.3         0.1
  12.94605    43.15766     6.364  162.00  43.00  0.1400E+12   10.02   2.11  -1  -1  -113.00     0  4   0.0  0   0.0  0
       0.0         0.0         0.0         0.0
  13.12257    42.80205     5.000  162.00  43.00  0.1400E+12    2.03   2.11  -1  -1   -93.56    84  4   0.0  0   0.0  0
      31.8         7.0         0.5         0.3
  13.14915    42.74211     5.000  162.00  43.00  0.1400E+12    5.00   2.11  -1  -1  -110.92    41  4   0.0  0   0.0  0
      12.9         4.6         1.9         0.2
  13.17572    42.68216     5.000  162.00  43.00  0.1400E+12   10.22   2.11  -1  -1   -23.80    61  4   0.0  0   0.0  0
       7.4         6.8         9.0         5.9
  13.20229    42.62222     5.000  162.00  43.00  0.1400E+12    8.75   2.11  -1  -1   -23.37    31  4   0.0  0   0.0  0
       8.2         0.3         0.4         5.9
  13.22886    42.56227     5.000  162.00  43.00  0.1400E+12   10.00   2.11  -1  -1  -113.00     0  4   0.0  0   0.0  0
       0.0         0.0         0.0         0.0
  12.98022    43.16580     3.636  162.00  43.00  0.1400E+12   10.02   2.11  -1  -1  -113.00     0  4   0.0  0   0.0  0
       0.0         0.0         0.0         0.0
  13.00680    43.10585     3.636  162.00  43.00  0.1400E+12    8.02   2.11  -1  -1  -113.00     0  4   0.0  0   0.0  0
       0.0         0.0         0.0         0.0
  13.03337    43.04591     3.636  162.00  43.00  0.1400E+12    6.03   2.11  -1  -1  -113.00     0  4   0.0  0   0.0  0
       0.0         0.0         0.0         0.0
  13.05994    42.98596     3.636  162.00  43.00  0.1400E+12    5.41   2.11  -1  -1   -73.59     9  4   0.0  0   0.0  0
       1.3         2.6         0.2         0.2
  13.08652    42.92602     3.636  162.00  43.00  0.1400E+12    4.30   2.11  -1  -1  -108.82    77  4   0.0  0   0.0  0
       5.9        29.0         1.3         0.4
  13.11309    42.86607     3.636  162.00  43.00  0.1400E+12    0.87   2.11  -1  -1   -48.54   169  4   0.0  0   0.0  0
      53.2        26.4         0.1         0.1
  13.13966    42.80612     3.636  162.00  43.00  0.1400E+12    2.10   2.11  -1  -1   -90.98   141  4   0.0  0   0.0  0
      40.3        19.9         0.1         6.5
  13.16623    42.74618     3.636  162.00  43.00  0.1400E+12    5.45   2.11  -1  -1  -102.07   114  4   0.0  0   0.0  0
      51.3         2.1         0.2         0.3
  13.19281    42.68623     3.636  162.00  43.00  0.1400E+12    6.88   2.11  -1  -1   -67.54    94  4   0.0  0   0.0  0
      43.8         0.4         0.1         0.1
  13.21938    42.62629     3.636  162.00  43.00  0.1400E+12   10.00   2.11  -1  -1   -27.45    24  4   0.0  0   0.0  0
       3.0         0.3         0.3         7.8
  13.24595    42.56634     3.636  162.00  43.00  0.1400E+12   10.02   2.11  -1  -1  -113.00     0  4   0.0  0   0.0  0
       0.0         0.0         0.0         0.0
  12.99731    43.16987     2.272  162.00  43.00  0.1400E+12   10.06   2.11  -1  -1  -113.00     0  4   0.0  0   0.0  0
       0.0         0.0         0.0         0.0
  13.02389    43.10992     2.272  162.00  43.00  0.1400E+12    8.08   2.11  -1  -1  -113.00     0  4   0.0  0   0.0  0
       0.0         0.0         0.0         0.0
  13.05046    43.04998     2.272  162.00  43.00  0.1400E+12    6.11   2.11  -1  -1  -113.00     0  4   0.0  0   0.0  0
       0.0         0.0         0.0         0.0
  13.07703    42.99003     2.272  162.00  43.00  0.1400E+12    6.59   2.11  -1  -1   -72.81     5  4   0.0  0   0.0  0
       1.9         0.2         0.1         0.1
  13.10361    42.93008     2.272  162.00  43.00  0.1400E+12    3.15   2.11  -1  -1   -90.44   105  4   0.0  0   0.0  0
      11.6        20.8        16.9         0.6
  13.13018    42.87014     2.272  162.00  43.00  0.1400E+12    1.25   2.11  -1  -1   -73.79   209  4   0.0  0   0.0  0
      53.5        45.2         0.1         0.1
  13.15675    42.81019     2.272  162.00  43.00  0.1400E+12    2.33   2.11  -1  -1   -79.17   199  4   0.0  0   0.0  0
      53.3        40.4         0.4         0.3
  13.18332    42.75025     2.272  162.00  43.00  0.1400E+12    4.96   2.11  -1  -1   -77.47   129  4   0.0  0   0.0  0
      45.7        15.1         0.1         0.4
  13.20990    42.69030     2.272  162.00  43.00  0.1400E+12    7.64   2.11  -1  -1   -29.72   102  4   0.0  0   0.0  0
      12.9         4.8         5.4        25.3
  13.23647    42.63036     2.272  162.00  43.00  0.1400E+12    8.60   2.11  -1  -1   -36.27     9  4   0.0  0   0.0  0
       0.2         0.2         1.9         1.9
  13.26304    42.57041     2.272  162.00  43.00  0.1400E+12   10.06   2.11  -1  -1  -113.00     0  4   0.0  0   0.0  0
       0.0         0.0         0.0         0.0
  13.01440    43.17394     0.908  162.00  43.00  0.1400E+12   10.15   2.11  -1  -1  -113.00     0  4   0.0  0   0.0  0
       0.0         0.0         0.0         0.0
  13.04098    43.11399     0.908  162.00  43.00  0.1400E+12    8.18   2.11  -1  -1  -113.00     0  4   0.0  0   0.0  0
       0.0         0.0         0.0         0.0
  13.06755    43.05405     0.908  162.00  43.00  0.1400E+12    6.24   2.11  -1  -1  -113.00     0  4   0.0  0   0.0  0
       0.0         0.0         0.0         0.0
  13.09412    42.99410     0.908  162.00  43.00  0.1400E+12    5.50   2.11  -1  -1   -88.86     2  4   0.0  0   0.0  0
       0.1         0.3         0.1         0.4
  13.12069    42.93415     0.908  162.00  43.00  0.1400E+12    2.68   2.11  -1  -1  -104.78    99  4   0.0  0   0.0  0
      31.1         7.9         7.5         0.2
  13.14727    42.87421     0.908  162.00  43.00  0.1400E+12    1.74   2.11  -1  -1   -82.95   154  4   0.0  0   0.0  0
      53.8        18.6         0.3         0.4
  13.17384    42.81426     0.908  162.00  43.00  0.1400E+12    2.64   2.11  -1  -1   -74.94   140  4   0.0  0   0.0  0
      53.7        11.7         0.2         0.7
  13.20041    42.75432     0.908  162.00  43.00  0.1400E+12    4.70   2.11  -1  -1   -61.31   136  4   0.0  0   0.0  0
      41.0        22.9         0.3         0.1
  13.22699    42.69437     0.908  162.00  43.00  0.1400E+12    8.82   2.11  -1  -1   -34.55   129  4   0.0  0   0.0  0
      35.5        20.1         1.0         4.3
  13.25356    42.63443     0.908  162.00  43.00  0.1400E+12    9.19   2.11  -1  -1   -23.22    82  4   0.0  0   0.0  0
       1.9        22.2         5.0         9.7
  13.28013    42.57448     0.908  162.00  43.00  0.1400E+12   10.15   2.11  -1  -1  -113.00     0  4   0.0  0   0.0  0
       0.0         0.0         0.0         0.0
