2.0
#
# http://equake-rc.info/static/paper/SRF-Description-Graves_2.0.pdf
# RECTANGULAR fault MODEL
#
# All subfaults are   7.0 km long along strike and
#   4.1 km wide along dip
#
# Model length along strike is   77.0 km
#
# Model width along dip is   20.5 km
#
# Corners of the rectangular dislocation model (lat, lon):
#     42.583    13.387 : corner 1
#     43.056    12.696 : corner 2
#     43.141    12.805 : corner 3
#     42.668    13.496 : corner 4
#
#
# Number of elementary sliprate
# isoceles triangular functions
# per subfault:   4
#
# Half duration of elementary sliprate
# isoceles triangular functions (s):   2.11
# Triangles are overlapping each other by half
#
# slip rate unit: cm/s
#
#
# Seismic moment is converted into slip
# using a single constant value for the
# shear modulus mu of  0.250E+12 dyne/cm2
# assumed to be constant and characteristic
# of the fault shear zone
#
#
#
# "rake" (degrees) is the slip angle (Aki"s convention,
# e.g. rake=+45 means left-lateral-reverse movement.
#
#
# ************************************************
# Total seismic moment M0=  0.889E+26 dyne.cm
# ************************************************
#
#
PLANE 1
  13.04150    42.81950   11    5    77.000    20.500
313.08  50.78     0.060     0.000    10.251
POINTS   55
  13.09600    42.86200     8.000  313.08  50.78  0.2870E+12    0.00   2.11  -1  -1   -92.10   112  4   0.0  0   0.0  0
      52.6         0.2         0.1         0.1
  13.39073    42.72389    14.352  313.08  50.78  0.2870E+12    8.34   2.11  -1  -1  -154.26     0  4   0.0  0   0.0  0
       0.0         0.0         0.0         0.0
  13.32793    42.76694    14.352  313.08  50.78  0.2870E+12    7.35   2.11  -1  -1  -144.34     4  4   0.0  0   0.0  0
       0.3         1.0         0.5         0.2
  13.26512    42.80999    14.352  313.08  50.78  0.2870E+12    7.93   2.11  -1  -1  -140.74     1  4   0.0  0   0.0  0
       0.1         0.1         0.2         0.1
  13.20231    42.85305    14.352  313.08  50.78  0.2870E+12    6.04   2.11  -1  -1  -119.56     1  4   0.0  0   0.0  0
       0.1         0.1         0.2         0.1
  13.13951    42.89610    14.352  313.08  50.78  0.2870E+12    6.32   2.11  -1  -1  -149.32     1  4   0.0  0   0.0  0
       0.1         0.1         0.1         0.2
  13.07670    42.93916    14.352  313.08  50.78  0.2870E+12    5.47   2.11  -1  -1  -114.43     1  4   0.0  0   0.0  0
       0.1         0.1         0.1         0.1
  13.01390    42.98221    14.352  313.08  50.78  0.2870E+12    9.27   2.11  -1  -1  -126.77     1  4   0.0  0   0.0  0
       0.1         0.2         0.1         0.2
  12.95109    43.02526    14.352  313.08  50.78  0.2870E+12    6.44   2.11  -1  -1  -154.26     0  4   0.0  0   0.0  0
       0.0         0.0         0.0         0.0
  12.88828    43.06831    14.352  313.08  50.78  0.2870E+12    8.34   2.11  -1  -1  -154.26     0  4   0.0  0   0.0  0
       0.0         0.0         0.0         0.0
  12.82548    43.11137    14.352  313.08  50.78  0.2870E+12   10.27   2.11  -1  -1  -154.26     0  4   0.0  0   0.0  0
       0.0         0.0         0.0         0.0
  13.43178    42.66378    11.176  313.08  50.78  0.2870E+12   10.07   2.11  -1  -1  -154.26     0  4   0.0  0   0.0  0
       0.0         0.0         0.0         0.0
  13.36898    42.70684    11.176  313.08  50.78  0.2870E+12    8.09   2.11  -1  -1  -154.26     0  4   0.0  0   0.0  0
       0.0         0.0         0.0         0.0
  13.30617    42.74989    11.176  313.08  50.78  0.2870E+12    6.74   2.11  -1  -1  -147.34     3  4   0.0  0   0.0  0
       0.1         0.1         0.5         0.7
  13.24337    42.79294    11.176  313.08  50.78  0.2870E+12    8.85   2.11  -1  -1  -122.29     1  4   0.0  0   0.0  0
       0.2         0.2         0.1         0.1
  13.18056    42.83600    11.176  313.08  50.78  0.2870E+12    7.34   2.11  -1  -1  -148.02     1  4   0.0  0   0.0  0
       0.2         0.2         0.2         0.1
  13.11775    42.87905    11.176  313.08  50.78  0.2870E+12    2.10   2.11  -1  -1  -154.20    43  4   0.0  0   0.0  0
      20.0         0.1         0.1         0.1
  13.05495    42.92210    11.176  313.08  50.78  0.2870E+12    2.62   2.11  -1  -1  -135.11    10  4   0.0  0   0.0  0
       4.5         0.1         0.1         0.1
  12.99214    42.96516    11.176  313.08  50.78  0.2870E+12    4.61   2.11  -1  -1  -143.24     5  4   0.0  0   0.0  0
       1.7         0.1         0.2         0.3
  12.92934    43.00821    11.176  313.08  50.78  0.2870E+12    6.11   2.11  -1  -1  -154.26     0  4   0.0  0   0.0  0
       0.0         0.0         0.0         0.0
  12.86653    43.05126    11.176  313.08  50.78  0.2870E+12    8.09   2.11  -1  -1  -154.26     0  4   0.0  0   0.0  0
       0.0         0.0         0.0         0.0
  12.80372    43.09432    11.176  313.08  50.78  0.2870E+12   10.07   2.11  -1  -1  -154.26     0  4   0.0  0   0.0  0
       0.0         0.0         0.0         0.0
  13.41003    42.64673     8.000  313.08  50.78  0.2870E+12   10.00   2.11  -1  -1  -154.26     0  4   0.0  0   0.0  0
       0.0         0.0         0.0         0.0
  13.34722    42.68979     8.000  313.08  50.78  0.2870E+12    8.00   2.11  -1  -1  -154.26     0  4   0.0  0   0.0  0
       0.0         0.0         0.0         0.0
  13.28442    42.73284     8.000  313.08  50.78  0.2870E+12    6.46   2.11  -1  -1   -80.27    12  4   0.0  0   0.0  0
       0.1         0.1         0.1         5.4
  13.22161    42.77589     8.000  313.08  50.78  0.2870E+12    5.03   2.11  -1  -1  -103.36     5  4   0.0  0   0.0  0
       1.9         0.1         0.1         0.1
  13.15881    42.81895     8.000  313.08  50.78  0.2870E+12    2.13   2.11  -1  -1  -122.14   111  4   0.0  0   0.0  0
      52.4         0.3         0.1         0.1
  13.45354    42.68084    14.352  313.08  50.78  0.2870E+12   10.27   2.11  -1  -1  -154.26     0  4   0.0  0   0.0  0
       0.0         0.0         0.0         0.0
  13.03319    42.90505     8.000  313.08  50.78  0.2870E+12    2.75   2.11  -1  -1  -151.53    39  4   0.0  0   0.0  0
      16.5         1.6         0.2         0.1
  12.97039    42.94810     8.000  313.08  50.78  0.2870E+12    4.62   2.11  -1  -1  -147.39    21  4   0.0  0   0.0  0
       9.6         0.2         0.1         0.2
  12.90758    42.99116     8.000  313.08  50.78  0.2870E+12    6.00   2.11  -1  -1  -154.26     0  4   0.0  0   0.0  0
       0.0         0.0         0.0         0.0
  12.84478    43.03421     8.000  313.08  50.78  0.2870E+12    8.00   2.11  -1  -1  -154.26     0  4   0.0  0   0.0  0
       0.0         0.0         0.0         0.0
  12.78197    43.07727     8.000  313.08  50.78  0.2870E+12   10.00   2.11  -1  -1  -154.26     0  4   0.0  0   0.0  0
       0.0         0.0         0.0         0.0
  13.38828    42.62968     4.824  313.08  50.78  0.2870E+12   10.07   2.11  -1  -1  -154.26     0  4   0.0  0   0.0  0
       0.0         0.0         0.0         0.0
  13.32547    42.67274     4.824  313.08  50.78  0.2870E+12    8.09   2.11  -1  -1  -154.26     0  4   0.0  0   0.0  0
       0.0         0.0         0.0         0.0
  13.26266    42.71579     4.824  313.08  50.78  0.2870E+12   10.47   2.11  -1  -1   -65.13    59  4   0.0  0   0.0  0
       0.2         6.9        10.6        10.6
  13.19986    42.75884     4.824  313.08  50.78  0.2870E+12    4.73   2.11  -1  -1   -71.64    34  4   0.0  0   0.0  0
      14.0         1.7         0.1         0.2
  13.13705    42.80190     4.824  313.08  50.78  0.2870E+12    7.15   2.11  -1  -1  -105.96     2  4   0.0  0   0.0  0
       0.1         0.4         0.1         0.1
  13.07425    42.84495     4.824  313.08  50.78  0.2870E+12    1.21   2.11  -1  -1  -132.57    28  4   0.0  0   0.0  0
      10.4         2.7         0.1         0.1
  13.01144    42.88800     4.824  313.08  50.78  0.2870E+12    3.21   2.11  -1  -1  -146.87     8  4   0.0  0   0.0  0
       2.6         1.0         0.2         0.1
  12.94863    42.93106     4.824  313.08  50.78  0.2870E+12    4.63   2.11  -1  -1  -142.85     5  4   0.0  0   0.0  0
       2.1         0.1         0.2         0.2
  12.88583    42.97411     4.824  313.08  50.78  0.2870E+12    6.11   2.11  -1  -1  -154.26     0  4   0.0  0   0.0  0
       0.0         0.0         0.0         0.0
  12.82302    43.01716     4.824  313.08  50.78  0.2870E+12    8.09   2.11  -1  -1  -154.26     0  4   0.0  0   0.0  0
       0.0         0.0         0.0         0.0
  12.76021    43.06021     4.824  313.08  50.78  0.2870E+12   10.07   2.11  -1  -1  -154.26     0  4   0.0  0   0.0  0
       0.0         0.0         0.0         0.0
  13.36652    42.61263     1.648  313.08  50.78  0.2870E+12   10.27   2.11  -1  -1  -154.26     0  4   0.0  0   0.0  0
       0.0         0.0         0.0         0.0
  13.30372    42.65569     1.648  313.08  50.78  0.2870E+12    8.34   2.11  -1  -1  -154.26     0  4   0.0  0   0.0  0
       0.0         0.0         0.0         0.0
  13.24091    42.69874     1.648  313.08  50.78  0.2870E+12    7.55   2.11  -1  -1  -102.36    89  4   0.0  0   0.0  0
      40.6         0.1         0.1         1.3
  13.17810    42.74179     1.648  313.08  50.78  0.2870E+12    4.83   2.11  -1  -1  -120.51   133  4   0.0  0   0.0  0
      53.7         8.9         0.2         0.1
  13.11530    42.78484     1.648  313.08  50.78  0.2870E+12    4.72   2.11  -1  -1  -106.33   244  4   0.0  0   0.0  0
      46.6        16.4        34.9        17.8
  13.05249    42.82790     1.648  313.08  50.78  0.2870E+12    2.35   2.11  -1  -1   -92.00   154  4   0.0  0   0.0  0
      53.7        18.7         0.3         0.1
  12.98969    42.87095     1.648  313.08  50.78  0.2870E+12    4.56   2.11  -1  -1  -152.67    64  4   0.0  0   0.0  0
      18.7        11.4         0.2         0.2
  12.92688    42.91401     1.648  313.08  50.78  0.2870E+12    6.44   2.11  -1  -1  -153.98    46  4   0.0  0   0.0  0
       9.1         7.8         4.8         0.3
  12.86407    42.95706     1.648  313.08  50.78  0.2870E+12    6.44   2.11  -1  -1  -154.26     0  4   0.0  0   0.0  0
       0.0         0.0         0.0         0.0
  12.80127    43.00011     1.648  313.08  50.78  0.2870E+12    8.34   2.11  -1  -1  -154.26     0  4   0.0  0   0.0  0
       0.0         0.0         0.0         0.0
  12.73846    43.04316     1.648  313.08  50.78  0.2870E+12   10.27   2.11  -1  -1  -154.26     0  4   0.0  0   0.0  0
       0.0         0.0         0.0         0.0
