2.0
#
# http://equake-rc.info/static/paper/SRF-Description-Graves_2.0.pdf
# RECTANGULAR fault MODEL
#
# All subfaults are  10.0 km long along strike and
#   6.2 km wide along dip
#
# Model length along strike is  130.0 km
#
# Model width along dip is   31.0 km
#
# Corners of the rectangular dislocation model (lat, lon):
#     59.967  -138.650 : corner 1
#     60.785  -140.348 : corner 2
#     60.874  -140.172 : corner 3
#     60.057  -138.474 : corner 4
#
#
# Number of elementary sliprate
# isoceles triangular functions
# per subfault:   4
#
# Half duration of elementary sliprate
# isoceles triangular functions (s):   2.86
# Triangles are overlapping each other by half
#
# slip rate unit: cm/s
#
#
# Seismic moment is converted into slip
# using a single constant value for the
# shear modulus mu of  0.250E+12 dyne/cm2
# assumed to be constant and characteristic
# of the fault shear zone
#
#
#
# "rake" (degrees) is the slip angle (Aki"s convention,
# e.g. rake=+45 means left-lateral-reverse movement.
#
#
# ************************************************
# Total seismic moment M0=  0.461E+27 dyne.cm
# ************************************************
#
#
PLANE 1
-139.49899    60.37600   13    5   130.000    31.000
314.28  63.51     0.076     0.000     9.300
POINTS   65
-139.44600    60.40310     8.400  314.28  63.51  0.6200E+12    0.00   2.86  -1  -1   175.85   133  4   0.0  0   0.0  0
      22.2         0.2        24.0         0.2
-138.68726    60.14209    25.047  314.28  63.51  0.6200E+12   15.24   2.86  -1  -1   101.04     0  4   0.0  0   0.0  0
       0.0         0.0         0.0         0.0
-138.81787    60.20500    25.047  314.28  63.51  0.6200E+12   12.60   2.86  -1  -1   101.04     0  4   0.0  0   0.0  0
       0.0         0.0         0.0         0.0
-138.94849    60.26790    25.047  314.28  63.51  0.6200E+12   10.09   2.86  -1  -1   101.04     0  4   0.0  0   0.0  0
       0.0         0.0         0.0         0.0
-139.07910    60.33081    25.047  314.28  63.51  0.6200E+12   13.05   2.86  -1  -1   172.77     2  4   0.0  0   0.0  0
       0.1         0.2         0.1         0.1
-139.20972    60.39371    25.047  314.28  63.51  0.6200E+12   14.32   2.86  -1  -1  -172.81     2  4   0.0  0   0.0  0
       0.1         0.2         0.3         0.1
-139.34033    60.45662    25.047  314.28  63.51  0.6200E+12   17.05   2.86  -1  -1   165.06     3  4   0.0  0   0.0  0
       0.6         0.2         0.2         0.1
-139.47095    60.51952    25.047  314.28  63.51  0.6200E+12   15.93   2.86  -1  -1   117.02     7  4   0.0  0   0.0  0
       1.7         0.2         0.2         0.4
-139.60156    60.58243    25.047  314.28  63.51  0.6200E+12   12.42   2.86  -1  -1   116.47    32  4   0.0  0   0.0  0
       8.2         2.5         0.3         0.1
-139.73218    60.64534    25.047  314.28  63.51  0.6200E+12   12.50   2.86  -1  -1   106.58    59  4   0.0  0   0.0  0
      10.2        10.1         0.1         0.1
-139.86279    60.70824    25.047  314.28  63.51  0.6200E+12   13.65   2.86  -1  -1   126.16    25  4   0.0  0   0.0  0
       7.3         0.2         0.2         1.0
-139.99341    60.77114    25.047  314.28  63.51  0.6200E+12   15.24   2.86  -1  -1   101.04     0  4   0.0  0   0.0  0
       0.0         0.0         0.0         0.0
-140.12402    60.83405    25.047  314.28  63.51  0.6200E+12   17.32   2.86  -1  -1   101.04     0  4   0.0  0   0.0  0
       0.0         0.0         0.0         0.0
-138.59186    60.06135    19.498  314.28  63.51  0.6200E+12   17.32   2.86  -1  -1   101.04     0  4   0.0  0   0.0  0
       0.0         0.0         0.0         0.0
-138.72247    60.12425    19.498  314.28  63.51  0.6200E+12   14.72   2.86  -1  -1   101.04     0  4   0.0  0   0.0  0
       0.0         0.0         0.0         0.0
-138.85309    60.18716    19.498  314.28  63.51  0.6200E+12   11.97   2.86  -1  -1   101.04     0  4   0.0  0   0.0  0
       0.0         0.0         0.0         0.0
-138.98370    60.25006    19.498  314.28  63.51  0.6200E+12    9.27   2.86  -1  -1   101.04     0  4   0.0  0   0.0  0
       0.0         0.0         0.0         0.0
-139.11432    60.31297    19.498  314.28  63.51  0.6200E+12   12.88   2.86  -1  -1   160.94     1  4   0.0  0   0.0  0
       0.1         0.1         0.1         0.1
-139.24493    60.37587    19.498  314.28  63.51  0.6200E+12   12.31   2.86  -1  -1  -171.89     9  4   0.0  0   0.0  0
       0.3         0.5         0.8         1.5
-139.37555    60.43878    19.498  314.28  63.51  0.6200E+12    4.53   2.86  -1  -1   144.79    56  4   0.0  0   0.0  0
      18.8         0.1         0.4         0.1
-139.50616    60.50168    19.498  314.28  63.51  0.6200E+12    5.55   2.86  -1  -1   151.11    76  4   0.0  0   0.0  0
      25.6         0.1         0.6         0.2
-139.63678    60.56459    19.498  314.28  63.51  0.6200E+12    7.30   2.86  -1  -1   126.69   119  4   0.0  0   0.0  0
      33.3         7.5         0.3         0.7
-139.76741    60.62749    19.498  314.28  63.51  0.6200E+12   13.68   2.86  -1  -1   107.45    49  4   0.0  0   0.0  0
      13.5         1.9         1.5         0.2
-139.89803    60.69040    19.498  314.28  63.51  0.6200E+12   15.64   2.86  -1  -1   126.96    15  4   0.0  0   0.0  0
       3.5         1.3         0.2         0.4
-140.02864    60.75330    19.498  314.28  63.51  0.6200E+12   14.72   2.86  -1  -1   101.04     0  4   0.0  0   0.0  0
       0.0         0.0         0.0         0.0
-140.15926    60.81621    19.498  314.28  63.51  0.6200E+12   17.32   2.86  -1  -1   101.04     0  4   0.0  0   0.0  0
       0.0         0.0         0.0         0.0
-138.62708    60.04351    13.949  314.28  63.51  0.6200E+12   17.23   2.86  -1  -1   101.04     0  4   0.0  0   0.0  0
       0.0         0.0         0.0         0.0
-138.75769    60.10641    13.949  314.28  63.51  0.6200E+12   14.40   2.86  -1  -1   101.04     0  4   0.0  0   0.0  0
       0.0         0.0         0.0         0.0
-138.88832    60.16932    13.949  314.28  63.51  0.6200E+12   11.56   2.86  -1  -1   101.04     0  4   0.0  0   0.0  0
       0.0         0.0         0.0         0.0
-139.01894    60.23222    13.949  314.28  63.51  0.6200E+12    8.75   2.86  -1  -1   101.04     0  4   0.0  0   0.0  0
       0.0         0.0         0.0         0.0
-139.14955    60.29513    13.949  314.28  63.51  0.6200E+12   12.48   2.86  -1  -1  -173.10     4  4   0.0  0   0.0  0
       0.1         0.5         0.5         0.2
-139.28017    60.35803    13.949  314.28  63.51  0.6200E+12    5.51   2.86  -1  -1   179.09    46  4   0.0  0   0.0  0
      15.2         0.2         0.2         0.5
-139.41078    60.42094    13.949  314.28  63.51  0.6200E+12    5.57   2.86  -1  -1   161.76    77  4   0.0  0   0.0  0
      10.7        15.7         0.1         0.5
-139.54140    60.48384    13.949  314.28  63.51  0.6200E+12    5.57   2.86  -1  -1   162.75   105  4   0.0  0   0.0  0
      23.9         7.6         5.1         0.3
-139.67201    60.54675    13.949  314.28  63.51  0.6200E+12    7.43   2.86  -1  -1   127.75   175  4   0.0  0   0.0  0
      42.8         7.9         3.5         7.1
-139.80263    60.60965    13.949  314.28  63.51  0.6200E+12    9.63   2.86  -1  -1   129.61   107  4   0.0  0   0.0  0
      23.7         7.8         3.5         2.5
-139.93324    60.67256    13.949  314.28  63.51  0.6200E+12   13.75   2.86  -1  -1   130.97    29  4   0.0  0   0.0  0
       0.2         5.3         4.7         0.1
-140.06386    60.73547    13.949  314.28  63.51  0.6200E+12   14.40   2.86  -1  -1   101.04     0  4   0.0  0   0.0  0
       0.0         0.0         0.0         0.0
-140.19447    60.79837    13.949  314.28  63.51  0.6200E+12   17.23   2.86  -1  -1   101.04     0  4   0.0  0   0.0  0
       0.0         0.0         0.0         0.0
-138.66231    60.02567     8.400  314.28  63.51  0.6200E+12   17.14   2.86  -1  -1   101.04     0  4   0.0  0   0.0  0
       0.0         0.0         0.0         0.0
-138.79292    60.08857     8.400  314.28  63.51  0.6200E+12   14.29   2.86  -1  -1   101.04     0  4   0.0  0   0.0  0
       0.0         0.0         0.0         0.0
-138.92354    60.15148     8.400  314.28  63.51  0.6200E+12   11.43   2.86  -1  -1   101.04     0  4   0.0  0   0.0  0
       0.0         0.0         0.0         0.0
-139.05415    60.21438     8.400  314.28  63.51  0.6200E+12    8.57   2.86  -1  -1   101.04     0  4   0.0  0   0.0  0
       0.0         0.0         0.0         0.0
-139.18477    60.27729     8.400  314.28  63.51  0.6200E+12   11.97   2.86  -1  -1   174.18    19  4   0.0  0   0.0  0
       0.7         3.1         2.9         0.1
-139.31538    60.34019     8.400  314.28  63.51  0.6200E+12    5.51   2.86  -1  -1   117.79    46  4   0.0  0   0.0  0
       6.2         9.7         0.1         0.1
-138.55664    60.07919    25.047  314.28  63.51  0.6200E+12   17.32   2.86  -1  -1   101.04     0  4   0.0  0   0.0  0
       0.0         0.0         0.0         0.0
-139.57661    60.46600     8.400  314.28  63.51  0.6200E+12    4.53   2.86  -1  -1   161.41   201  4   0.0  0   0.0  0
      25.1        17.2        10.9        17.0
-139.70723    60.52891     8.400  314.28  63.51  0.6200E+12    9.56   2.86  -1  -1   122.27   228  4   0.0  0   0.0  0
      16.9        18.8        31.1        13.0
-139.83784    60.59182     8.400  314.28  63.51  0.6200E+12    9.66   2.86  -1  -1   134.26   196  4   0.0  0   0.0  0
      38.5        25.3         4.3         0.6
-139.96846    60.65472     8.400  314.28  63.51  0.6200E+12   13.65   2.86  -1  -1   132.30    44  4   0.0  0   0.0  0
       8.2         4.0         3.0         0.3
-140.09908    60.71762     8.400  314.28  63.51  0.6200E+12   14.29   2.86  -1  -1   101.04     0  4   0.0  0   0.0  0
       0.0         0.0         0.0         0.0
-140.22969    60.78053     8.400  314.28  63.51  0.6200E+12   17.14   2.86  -1  -1   101.04     0  4   0.0  0   0.0  0
       0.0         0.0         0.0         0.0
-138.69753    60.00783     2.851  314.28  63.51  0.6200E+12   17.23   2.86  -1  -1   101.04     0  4   0.0  0   0.0  0
       0.0         0.0         0.0         0.0
-138.82814    60.07073     2.851  314.28  63.51  0.6200E+12   14.40   2.86  -1  -1   101.04     0  4   0.0  0   0.0  0
       0.0         0.0         0.0         0.0
-138.95876    60.13364     2.851  314.28  63.51  0.6200E+12   11.56   2.86  -1  -1   101.04     0  4   0.0  0   0.0  0
       0.0         0.0         0.0         0.0
-139.08937    60.19654     2.851  314.28  63.51  0.6200E+12    8.75   2.86  -1  -1   101.04     0  4   0.0  0   0.0  0
       0.0         0.0         0.0         0.0
-139.21999    60.25945     2.851  314.28  63.51  0.6200E+12    6.30   2.86  -1  -1   166.80     7  4   0.0  0   0.0  0
       1.6         0.7         0.1         0.1
-139.35060    60.32235     2.851  314.28  63.51  0.6200E+12    5.57   2.86  -1  -1   120.18   101  4   0.0  0   0.0  0
      23.8         6.3         5.2         0.2
-139.48122    60.38526     2.851  314.28  63.51  0.6200E+12    4.27   2.86  -1  -1   134.78   222  4   0.0  0   0.0  0
       2.9        21.3        53.4         0.1
-139.61183    60.44817     2.851  314.28  63.51  0.6200E+12    6.54   2.86  -1  -1   141.72   240  4   0.0  0   0.0  0
      31.6        35.7         9.6         7.1
-139.74245    60.51107     2.851  314.28  63.51  0.6200E+12    7.43   2.86  -1  -1   153.72   325  4   0.0  0   0.0  0
      43.8        34.0        26.0         9.9
-139.87306    60.57397     2.851  314.28  63.51  0.6200E+12   10.79   2.86  -1  -1   133.51   145  4   0.0  0   0.0  0
      36.1         5.6         8.9         0.1
-140.00369    60.63688     2.851  314.28  63.51  0.6200E+12   13.75   2.86  -1  -1   110.80    68  4   0.0  0   0.0  0
      22.2         1.4         0.1         0.1
-140.13431    60.69978     2.851  314.28  63.51  0.6200E+12   14.40   2.86  -1  -1   101.04     0  4   0.0  0   0.0  0
       0.0         0.0         0.0         0.0
-140.26492    60.76269     2.851  314.28  63.51  0.6200E+12   17.23   2.86  -1  -1   101.04     0  4   0.0  0   0.0  0
       0.0         0.0         0.0         0.0
