2.0
#
# http://equake-rc.info/static/paper/SRF-Description-Graves_2.0.pdf
# RECTANGULAR fault MODEL
#
# All subfaults are   8.0 km long along strike and
#  14.0 km wide along dip
#
# Model length along strike is   88.0 km
#
# Model width along dip is   70.0 km
#
# Corners of the rectangular dislocation model (lat, lon):
#     39.224   142.749 : corner 1
#     38.455   142.502 : corner 2
#     38.601   141.751 : corner 3
#     39.370   141.997 : corner 4
#
#
# Number of elementary sliprate
# isoceles triangular functions
# per subfault:   4
#
# Half duration of elementary sliprate
# isoceles triangular functions (s):   2.27
# Triangles are overlapping each other by half
#
# slip rate unit: cm/s
#
#
# Seismic moment is converted into slip
# using a single constant value for the
# shear modulus mu of  0.250E+12 dyne/cm2
# assumed to be constant and characteristic
# of the fault shear zone
#
#
#
# "rake" (degrees) is the slip angle (Aki"s convention,
# e.g. rake=+45 means left-lateral-reverse movement.
#
#
# ************************************************
# Total seismic moment M0=  0.571E+26 dyne.cm
# ************************************************
#
#
PLANE 1
 142.62549    38.83950   11    5    88.000    70.000
194.00  17.00    29.767     0.000    34.998
POINTS   55
 142.24980    38.91270    40.000  194.00  17.00  0.1120E+13    0.00   2.27  -1  -1    68.05    23  4   0.0  0   0.0  0
       6.6         2.0         0.2         1.3
 142.03876    39.25055    48.186  194.00  17.00  0.1120E+13   12.04   2.27  -1  -1    34.00     0  4   0.0  0   0.0  0
       0.0         0.0         0.0         0.0
 142.01637    39.18067    48.186  194.00  17.00  0.1120E+13   10.55   2.27  -1  -1   103.43     4  4   0.0  0   0.0  0
       1.6         0.1         0.1         0.1
 141.99397    39.11079    48.186  194.00  17.00  0.1120E+13    9.31   2.27  -1  -1   106.35     3  4   0.0  0   0.0  0
       1.2         0.1         0.1         0.1
 141.97159    39.04090    48.186  194.00  17.00  0.1120E+13   11.41   2.27  -1  -1   107.41     1  4   0.0  0   0.0  0
       0.1         0.1         0.1         0.1
 141.94919    38.97102    48.186  194.00  17.00  0.1120E+13    8.16   2.27  -1  -1   103.58     1  4   0.0  0   0.0  0
       0.1         0.1         0.1         0.1
 141.92680    38.90113    48.186  194.00  17.00  0.1120E+13    8.73   2.27  -1  -1    90.39     3  4   0.0  0   0.0  0
       1.1         0.1         0.1         0.1
 141.90440    38.83125    48.186  194.00  17.00  0.1120E+13   11.08   2.27  -1  -1   123.93     3  4   0.0  0   0.0  0
       0.1         0.1         0.1         1.0
 141.88202    38.76137    48.186  194.00  17.00  0.1120E+13   11.34   2.27  -1  -1   123.93     6  4   0.0  0   0.0  0
       1.1         0.1         0.1         1.3
 141.85962    38.69149    48.186  194.00  17.00  0.1120E+13   12.04   2.27  -1  -1   123.80     5  4   0.0  0   0.0  0
       1.3         0.7         0.1         0.2
 141.83723    38.62160    48.186  194.00  17.00  0.1120E+13   12.04   2.27  -1  -1    34.00     0  4   0.0  0   0.0  0
       0.0         0.0         0.0         0.0
 142.21146    39.29128    44.093  194.00  17.00  0.1120E+13   12.04   2.27  -1  -1    34.00     0  4   0.0  0   0.0  0
       0.0         0.0         0.0         0.0
 142.18907    39.22139    44.093  194.00  17.00  0.1120E+13    9.98   2.27  -1  -1    34.00     0  4   0.0  0   0.0  0
       0.0         0.0         0.0         0.0
 142.16667    39.15151    44.093  194.00  17.00  0.1120E+13    9.10   2.27  -1  -1   106.07     1  4   0.0  0   0.0  0
       0.3         0.1         0.1         0.1
 142.14429    39.08163    44.093  194.00  17.00  0.1120E+13    6.87   2.27  -1  -1   122.36     2  4   0.0  0   0.0  0
       0.4         0.1         0.1         0.1
 142.12189    39.01175    44.093  194.00  17.00  0.1120E+13    5.26   2.27  -1  -1    75.03    12  4   0.0  0   0.0  0
       5.1         0.1         0.1         0.1
 142.09950    38.94186    44.093  194.00  17.00  0.1120E+13    5.54   2.27  -1  -1    76.84     4  4   0.0  0   0.0  0
       1.6         0.1         0.1         0.1
 142.07710    38.87197    44.093  194.00  17.00  0.1120E+13    5.50   2.27  -1  -1    86.67     8  4   0.0  0   0.0  0
       2.0         0.6         0.8         0.3
 142.05472    38.80209    44.093  194.00  17.00  0.1120E+13   11.30   2.27  -1  -1   105.79     5  4   0.0  0   0.0  0
       0.5         0.4         0.1         1.4
 142.03232    38.73221    44.093  194.00  17.00  0.1120E+13    8.26   2.27  -1  -1   106.44     3  4   0.0  0   0.0  0
       0.6         0.1         0.1         0.5
 142.00993    38.66233    44.093  194.00  17.00  0.1120E+13   11.21   2.27  -1  -1   123.92     3  4   0.0  0   0.0  0
       0.1         0.1         0.2         1.0
 141.98753    38.59244    44.093  194.00  17.00  0.1120E+13   12.04   2.27  -1  -1    34.00     0  4   0.0  0   0.0  0
       0.0         0.0         0.0         0.0
 142.36177    39.26212    40.000  194.00  17.00  0.1120E+13   11.43   2.27  -1  -1    34.00     0  4   0.0  0   0.0  0
       0.0         0.0         0.0         0.0
 142.33937    39.19223    40.000  194.00  17.00  0.1120E+13    9.14   2.27  -1  -1    34.00     0  4   0.0  0   0.0  0
       0.0         0.0         0.0         0.0
 142.31699    39.12235    40.000  194.00  17.00  0.1120E+13   10.24   2.27  -1  -1    97.92     2  4   0.0  0   0.0  0
       0.1         0.1         0.2         0.3
 142.29459    39.05247    40.000  194.00  17.00  0.1120E+13    5.20   2.27  -1  -1   103.12     4  4   0.0  0   0.0  0
       1.0         0.3         0.2         0.2
 142.27220    38.98259    40.000  194.00  17.00  0.1120E+13    2.88   2.27  -1  -1    99.75     5  4   0.0  0   0.0  0
       1.0         0.1         0.1         1.0
 142.06116    39.32044    48.186  194.00  17.00  0.1120E+13   12.04   2.27  -1  -1    34.00     0  4   0.0  0   0.0  0
       0.0         0.0         0.0         0.0
 142.22740    38.84282    40.000  194.00  17.00  0.1120E+13    4.47   2.27  -1  -1    40.56     9  4   0.0  0   0.0  0
       0.5         1.7         1.2         0.5
 142.20502    38.77293    40.000  194.00  17.00  0.1120E+13    4.57   2.27  -1  -1    58.46    10  4   0.0  0   0.0  0
       2.2         1.2         0.2         0.7
 142.18262    38.70305    40.000  194.00  17.00  0.1120E+13   11.95   2.27  -1  -1   106.67     7  4   0.0  0   0.0  0
       1.0         0.1         0.3         1.5
 142.16023    38.63317    40.000  194.00  17.00  0.1120E+13   11.96   2.27  -1  -1   123.84     2  4   0.0  0   0.0  0
       0.1         0.2         0.3         0.2
 142.13783    38.56328    40.000  194.00  17.00  0.1120E+13   11.43   2.27  -1  -1    34.00     0  4   0.0  0   0.0  0
       0.0         0.0         0.0         0.0
 142.51207    39.23296    35.907  194.00  17.00  0.1120E+13   12.04   2.27  -1  -1    34.00     0  4   0.0  0   0.0  0
       0.0         0.0         0.0         0.0
 142.48967    39.16307    35.907  194.00  17.00  0.1120E+13    9.98   2.27  -1  -1    34.00     0  4   0.0  0   0.0  0
       0.0         0.0         0.0         0.0
 142.46729    39.09319    35.907  194.00  17.00  0.1120E+13    9.55   2.27  -1  -1    97.57     2  4   0.0  0   0.0  0
       0.1         0.8         0.1         0.1
 142.44489    39.02331    35.907  194.00  17.00  0.1120E+13    7.83   2.27  -1  -1    98.32     4  4   0.0  0   0.0  0
       0.3         0.6         0.8         0.2
 142.42250    38.95343    35.907  194.00  17.00  0.1120E+13   10.51   2.27  -1  -1    73.45     8  4   0.0  0   0.0  0
       0.9         0.8         1.0         0.6
 142.40010    38.88354    35.907  194.00  17.00  0.1120E+13    4.49   2.27  -1  -1    60.33    11  4   0.0  0   0.0  0
       1.4         1.8         0.7         0.8
 142.37772    38.81366    35.907  194.00  17.00  0.1120E+13    6.68   2.27  -1  -1   102.09    10  4   0.0  0   0.0  0
       1.7         2.3         0.1         0.1
 142.35532    38.74377    35.907  194.00  17.00  0.1120E+13    6.51   2.27  -1  -1    86.30     5  4   0.0  0   0.0  0
       0.8         0.7         0.2         0.4
 142.33293    38.67389    35.907  194.00  17.00  0.1120E+13   11.99   2.27  -1  -1   123.24     1  4   0.0  0   0.0  0
       0.2         0.1         0.1         0.1
 142.31053    38.60401    35.907  194.00  17.00  0.1120E+13   11.91   2.27  -1  -1   123.88     2  4   0.0  0   0.0  0
       0.1         0.2         0.3         0.2
 142.28815    38.53412    35.907  194.00  17.00  0.1120E+13   12.04   2.27  -1  -1    34.00     0  4   0.0  0   0.0  0
       0.0         0.0         0.0         0.0
 142.66237    39.20380    31.814  194.00  17.00  0.1120E+13   12.04   2.27  -1  -1    34.00     0  4   0.0  0   0.0  0
       0.0         0.0         0.0         0.0
 142.63998    39.13391    31.814  194.00  17.00  0.1120E+13   12.04   2.27  -1  -1    34.00     0  4   0.0  0   0.0  0
       0.0         0.0         0.0         0.0
 142.61758    39.06403    31.814  194.00  17.00  0.1120E+13   10.81   2.27  -1  -1   117.96     3  4   0.0  0   0.0  0
       0.3         0.6         0.1         0.2
 142.59520    38.99415    31.814  194.00  17.00  0.1120E+13   10.96   2.27  -1  -1    68.00     3  4   0.0  0   0.0  0
       0.4         0.2         0.2         0.4
 142.57280    38.92427    31.814  194.00  17.00  0.1120E+13    9.07   2.27  -1  -1    71.19     8  4   0.0  0   0.0  0
       1.0         0.4         1.4         0.6
 142.55042    38.85438    31.814  194.00  17.00  0.1120E+13    9.04   2.27  -1  -1    48.41     8  4   0.0  0   0.0  0
       0.8         0.8         1.2         0.8
 142.52802    38.78450    31.814  194.00  17.00  0.1120E+13    9.04   2.27  -1  -1    69.39     7  4   0.0  0   0.0  0
       2.0         0.6         0.5         0.1
 142.50563    38.71461    31.814  194.00  17.00  0.1120E+13   11.82   2.27  -1  -1    81.31     4  4   0.0  0   0.0  0
       0.8         0.7         0.1         0.1
 142.48323    38.64473    31.814  194.00  17.00  0.1120E+13   12.00   2.27  -1  -1   121.64     2  4   0.0  0   0.0  0
       0.1         0.1         0.6         0.1
 142.46085    38.57485    31.814  194.00  17.00  0.1120E+13   12.04   2.27  -1  -1   123.91     1  4   0.0  0   0.0  0
       0.1         0.1         0.1         0.1
 142.43845    38.50496    31.814  194.00  17.00  0.1120E+13   12.04   2.27  -1  -1    34.00     0  4   0.0  0   0.0  0
       0.0         0.0         0.0         0.0
