2.0
#
# http://equake-rc.info/static/paper/SRF-Description-Graves_2.0.pdf
# RECTANGULAR fault MODEL
#
# All subfaults are   4.0 km long along strike and
#   7.0 km wide along dip
#
# Model length along strike is   36.0 km
#
# Model width along dip is   35.0 km
#
# Corners of the rectangular dislocation model (lat, lon):
#     40.288   142.964 : corner 1
#     39.969   143.042 : corner 2
#     39.914   142.661 : corner 3
#     40.233   142.583 : corner 4
#
#
# Number of elementary sliprate
# isoceles triangular functions
# per subfault:   4
#
# Half duration of elementary sliprate
# isoceles triangular functions (s):   1.33
# Triangles are overlapping each other by half
#
# slip rate unit: cm/s
#
#
# Seismic moment is converted into slip
# using a single constant value for the
# shear modulus mu of  0.250E+12 dyne/cm2
# assumed to be constant and characteristic
# of the fault shear zone
#
#
#
# "rake" (degrees) is the slip angle (Aki"s convention,
# e.g. rake=+45 means left-lateral-reverse movement.
#
#
# ************************************************
# Total seismic moment M0=  0.786E+25 dyne.cm
# ************************************************
#
#
PLANE 1
 143.00301    40.12850    9    5    36.000    35.000
169.36  19.91    17.425     0.000    10.501
POINTS   45
 142.88850    40.11190    21.000  169.36  19.91  0.2800E+12    0.00   1.33  -1  -1    51.34    16  4   0.0  0   0.0  0
      10.8         0.8         0.0         0.1
 142.63397    40.18527    28.150  169.36  19.91  0.2800E+12    5.67   1.33  -1  -1     9.06     0  4   0.0  0   0.0  0
       0.0         0.0         0.0         0.0
 142.64267    40.14987    28.150  169.36  19.91  0.2800E+12    5.67   1.33  -1  -1    10.01     2  4   0.0  0   0.0  0
       1.4         0.1         0.0         0.1
 142.65135    40.11448    28.150  169.36  19.91  0.2800E+12    5.67   1.33  -1  -1    10.55     0  4   0.0  0   0.0  0
       0.1         0.1         0.1         0.1
 142.66005    40.07908    28.150  169.36  19.91  0.2800E+12    5.67   1.33  -1  -1    10.83     1  4   0.0  0   0.0  0
       0.5         0.1         0.1         0.0
 142.66875    40.04369    28.150  169.36  19.91  0.2800E+12    5.67   1.33  -1  -1    25.73     1  4   0.0  0   0.0  0
       0.4         0.2         0.0         0.1
 142.67743    40.00829    28.150  169.36  19.91  0.2800E+12    5.67   1.33  -1  -1    35.61     1  4   0.0  0   0.0  0
       0.9         0.1         0.1         0.0
 142.68613    39.97290    28.150  169.36  19.91  0.2800E+12    5.67   1.33  -1  -1    63.29     3  4   0.0  0   0.0  0
       1.9         0.1         0.1         0.0
 142.69482    39.93751    28.150  169.36  19.91  0.2800E+12    5.67   1.33  -1  -1     9.06     0  4   0.0  0   0.0  0
       0.0         0.0         0.0         0.0
 142.70143    40.23160    25.767  169.36  19.91  0.2800E+12    5.67   1.33  -1  -1     9.06     0  4   0.0  0   0.0  0
       0.0         0.0         0.0         0.0
 142.71013    40.19621    25.767  169.36  19.91  0.2800E+12    5.27   1.33  -1  -1     9.06     0  4   0.0  0   0.0  0
       0.0         0.0         0.0         0.0
 142.71881    40.16081    25.767  169.36  19.91  0.2800E+12    5.26   1.33  -1  -1    36.98     0  4   0.0  0   0.0  0
       0.2         0.0         0.0         0.1
 142.72751    40.12542    25.767  169.36  19.91  0.2800E+12    5.17   1.33  -1  -1    11.17     0  4   0.0  0   0.0  0
       0.2         0.1         0.1         0.1
 142.73621    40.09002    25.767  169.36  19.91  0.2800E+12    5.37   1.33  -1  -1    14.25     2  4   0.0  0   0.0  0
       1.5         0.0         0.1         0.1
 142.74489    40.05463    25.767  169.36  19.91  0.2800E+12    5.29   1.33  -1  -1    26.71     1  4   0.0  0   0.0  0
       0.5         0.1         0.1         0.1
 142.75359    40.01923    25.767  169.36  19.91  0.2800E+12    5.19   1.33  -1  -1     9.98     5  4   0.0  0   0.0  0
       3.6         0.2         0.1         0.1
 142.76228    39.98384    25.767  169.36  19.91  0.2800E+12    5.32   1.33  -1  -1    20.52     5  4   0.0  0   0.0  0
       3.6         0.1         0.1         0.0
 142.77097    39.94844    25.767  169.36  19.91  0.2800E+12    5.67   1.33  -1  -1     9.06     0  4   0.0  0   0.0  0
       0.0         0.0         0.0         0.0
 142.77759    40.24254    23.383  169.36  19.91  0.2800E+12    4.99   1.33  -1  -1     9.06     0  4   0.0  0   0.0  0
       0.0         0.0         0.0         0.0
 142.78627    40.20715    23.383  169.36  19.91  0.2800E+12    3.97   1.33  -1  -1     9.06     0  4   0.0  0   0.0  0
       0.0         0.0         0.0         0.0
 142.79497    40.17175    23.383  169.36  19.91  0.2800E+12    5.37   1.33  -1  -1    25.30     1  4   0.0  0   0.0  0
       0.1         0.1         0.0         0.2
 142.80367    40.13636    23.383  169.36  19.91  0.2800E+12    2.61   1.33  -1  -1    19.03     6  4   0.0  0   0.0  0
       4.1         0.1         0.1         0.2
 142.81235    40.10096    23.383  169.36  19.91  0.2800E+12    2.21   1.33  -1  -1    51.62     2  4   0.0  0   0.0  0
       0.1         0.3         0.1         0.8
 142.82104    40.06557    23.383  169.36  19.91  0.2800E+12    4.61   1.33  -1  -1    69.43     1  4   0.0  0   0.0  0
       0.1         0.1         0.1         0.8
 142.82974    40.03017    23.383  169.36  19.91  0.2800E+12    3.26   1.33  -1  -1    54.71     4  4   0.0  0   0.0  0
       0.9         1.3         0.6         0.4
 142.83842    39.99478    23.383  169.36  19.91  0.2800E+12    4.79   1.33  -1  -1    53.90     9  4   0.0  0   0.0  0
       6.1         0.3         0.3         0.1
 142.84712    39.95938    23.383  169.36  19.91  0.2800E+12    4.99   1.33  -1  -1     9.06     0  4   0.0  0   0.0  0
       0.0         0.0         0.0         0.0
 142.85373    40.25348    21.000  169.36  19.91  0.2800E+12    4.57   1.33  -1  -1     9.06     0  4   0.0  0   0.0  0
       0.0         0.0         0.0         0.0
 142.86243    40.21808    21.000  169.36  19.91  0.2800E+12    3.43   1.33  -1  -1     9.06     0  4   0.0  0   0.0  0
       0.0         0.0         0.0         0.0
 142.87112    40.18269    21.000  169.36  19.91  0.2800E+12    2.34   1.33  -1  -1    85.82     1  4   0.0  0   0.0  0
       0.6         0.1         0.0         0.1
 142.87981    40.14729    21.000  169.36  19.91  0.2800E+12    1.17   1.33  -1  -1    87.50     2  4   0.0  0   0.0  0
       1.0         0.1         0.1         0.1
 142.62527    40.22066    28.150  169.36  19.91  0.2800E+12    5.67   1.33  -1  -1     9.06     0  4   0.0  0   0.0  0
       0.0         0.0         0.0         0.0
 142.89720    40.07651    21.000  169.36  19.91  0.2800E+12    2.27   1.33  -1  -1    80.85     5  4   0.0  0   0.0  0
       0.5         1.5         1.7         0.4
 142.90588    40.04111    21.000  169.36  19.91  0.2800E+12    4.56   1.33  -1  -1    77.12     7  4   0.0  0   0.0  0
       1.7         0.8         1.3         1.5
 142.91458    40.00572    21.000  169.36  19.91  0.2800E+12    5.13   1.33  -1  -1    52.65     9  4   0.0  0   0.0  0
       3.0         1.1         1.2         1.3
 142.92328    39.97032    21.000  169.36  19.91  0.2800E+12    4.57   1.33  -1  -1     9.06     0  4   0.0  0   0.0  0
       0.0         0.0         0.0         0.0
 142.92989    40.26442    18.617  169.36  19.91  0.2800E+12    4.99   1.33  -1  -1     9.06     0  4   0.0  0   0.0  0
       0.0         0.0         0.0         0.0
 142.93858    40.22902    18.617  169.36  19.91  0.2800E+12    3.97   1.33  -1  -1     9.06     0  4   0.0  0   0.0  0
       0.0         0.0         0.0         0.0
 142.94727    40.19363    18.617  169.36  19.91  0.2800E+12    3.16   1.33  -1  -1    79.06     5  4   0.0  0   0.0  0
       3.0         0.2         0.1         0.1
 142.95596    40.15823    18.617  169.36  19.91  0.2800E+12    2.34   1.33  -1  -1    90.55     5  4   0.0  0   0.0  0
       3.6         0.1         0.1         0.1
 142.96466    40.12284    18.617  169.36  19.91  0.2800E+12    2.63   1.33  -1  -1    54.19     1  4   0.0  0   0.0  0
       0.5         0.2         0.3         0.1
 142.97334    40.08744    18.617  169.36  19.91  0.2800E+12    2.40   1.33  -1  -1    81.61     3  4   0.0  0   0.0  0
       0.8         0.3         0.4         0.4
 142.98204    40.05205    18.617  169.36  19.91  0.2800E+12    4.84   1.33  -1  -1    95.05     5  4   0.0  0   0.0  0
       1.7         0.2         0.6         1.3
 142.99074    40.01665    18.617  169.36  19.91  0.2800E+12    5.67   1.33  -1  -1    34.65     8  4   0.0  0   0.0  0
       0.1         0.1         2.3         3.7
 142.99942    39.98126    18.617  169.36  19.91  0.2800E+12    4.99   1.33  -1  -1     9.06     0  4   0.0  0   0.0  0
       0.0         0.0         0.0         0.0
