2.0
#
# http://equake-rc.info/static/paper/SRF-Description-Graves_2.0.pdf
# RECTANGULAR fault MODEL
#
# All subfaults are  47.0 km long along strike and
#  18.2 km wide along dip
#
# Model length along strike is  893.0 km
#
# Model width along dip is   91.0 km
#
# Corners of the rectangular dislocation model (lat, lon):
#     56.204   163.007 : corner 1
#     48.799   157.833 : corner 2
#     49.098   156.674 : corner 3
#     56.503   161.848 : corner 4
#
#
# Number of elementary sliprate
# isoceles triangular functions
# per subfault:   4
#
# Half duration of elementary sliprate
# isoceles triangular functions (s):   9.05
# Triangles are overlapping each other by half
#
# slip rate unit: cm/s
#
#
# Seismic moment is converted into slip
# using a single constant value for the
# shear modulus mu of  0.250E+12 dyne/cm2
# assumed to be constant and characteristic
# of the fault shear zone
#
#
#
# "rake" (degrees) is the slip angle (Aki"s convention,
# e.g. rake=+45 means left-lateral-reverse movement.
#
#
# ************************************************
# Total seismic moment M0=  0.397E+29 dyne.cm
# ************************************************
#
#
PLANE 1
 160.42000    52.50150   19    5   893.000    91.000
203.00  21.00     0.017     0.000    27.298
POINTS   95
 160.07230    52.59140     9.800  203.00  21.00  0.8554E+13    0.00   9.05  -1  -1    92.05   469  4   0.0  0   0.0  0
      25.1         0.3         2.4        24.0
 161.55502    55.88858    29.367  203.00  21.00  0.8554E+13   99.49   9.05  -1  -1    32.97    67  4   0.0  0   0.0  0
       0.3         2.8         2.0         2.3
 161.28270    55.49886    29.367  203.00  21.00  0.8554E+13   95.29   9.05  -1  -1    14.00     0  4   0.0  0   0.0  0
       0.0         0.0         0.0         0.0
 161.01039    55.10914    29.367  203.00  21.00  0.8554E+13   82.07   9.05  -1  -1    14.00     0  4   0.0  0   0.0  0
       0.0         0.0         0.0         0.0
 160.73808    54.71942    29.367  203.00  21.00  0.8554E+13   82.18   9.05  -1  -1    37.86   101  4   0.0  0   0.0  0
       2.0         3.2         2.1         3.9
 160.46577    54.32970    29.367  203.00  21.00  0.8554E+13   55.93   9.05  -1  -1    14.00     0  4   0.0  0   0.0  0
       0.0         0.0         0.0         0.0
 160.19347    53.93998    29.367  203.00  21.00  0.8554E+13   62.51   9.05  -1  -1    25.84   146  4   0.0  0   0.0  0
       3.1         6.8         2.0         4.3
 159.92116    53.55025    29.367  203.00  21.00  0.8554E+13   60.75   9.05  -1  -1    31.03   160  4   0.0  0   0.0  0
       6.7         8.1         2.0         0.9
 159.64885    53.16053    29.367  203.00  21.00  0.8554E+13   55.29   9.05  -1  -1    44.04   202  4   0.0  0   0.0  0
       6.1         3.0         5.3         8.0
 159.37654    52.77081    29.367  203.00  21.00  0.8554E+13   48.24   9.05  -1  -1    89.82   199  4   0.0  0   0.0  0
       1.6         2.9        10.2         7.2
 159.10423    52.38109    29.367  203.00  21.00  0.8554E+13   20.58   9.05  -1  -1    14.00     0  4   0.0  0   0.0  0
       0.0         0.0         0.0         0.0
 158.83192    51.99137    29.367  203.00  21.00  0.8554E+13   59.71   9.05  -1  -1    42.96   254  4   0.0  0   0.0  0
       3.9         9.1         9.0         6.0
 158.55962    51.60165    29.367  203.00  21.00  0.8554E+13   92.23   9.05  -1  -1    29.42   275  4   0.0  0   0.0  0
       3.1        15.1         9.8         2.4
 158.28731    51.21193    29.367  203.00  21.00  0.8554E+13   89.78   9.05  -1  -1    64.49   247  4   0.0  0   0.0  0
       7.0        10.5         3.6         6.3
 158.01498    50.82221    29.367  203.00  21.00  0.8554E+13   87.54   9.05  -1  -1    80.25   213  4   0.0  0   0.0  0
       3.2         6.7         9.9         3.7
 157.74268    50.43249    29.367  203.00  21.00  0.8554E+13   83.67   9.05  -1  -1    70.35   239  4   0.0  0   0.0  0
       8.7         5.6         5.7         6.4
 157.47037    50.04277    29.367  203.00  21.00  0.8554E+13   98.74   9.05  -1  -1    46.53   233  4   0.0  0   0.0  0
       6.2         1.3         6.1        12.2
 157.19806    49.65305    29.367  203.00  21.00  0.8554E+13   99.49   9.05  -1  -1    25.02   179  4   0.0  0   0.0  0
       6.1         5.8         3.7         4.2
 156.92575    49.26332    29.367  203.00  21.00  0.8554E+13   99.49   9.05  -1  -1    66.11   120  4   0.0  0   0.0  0
       2.2         1.8         0.6         8.6
 162.05925    56.21849    22.845  203.00  21.00  0.8554E+13   99.49   9.05  -1  -1    14.00     0  4   0.0  0   0.0  0
       0.0         0.0         0.0         0.0
 161.78694    55.82877    22.845  203.00  21.00  0.8554E+13   99.49   9.05  -1  -1    46.47    97  4   0.0  0   0.0  0
       1.8         6.6         1.3         1.0
 161.51462    55.43905    22.845  203.00  21.00  0.8554E+13   94.57   9.05  -1  -1    14.00     0  4   0.0  0   0.0  0
       0.0         0.0         0.0         0.0
 161.24231    55.04933    22.845  203.00  21.00  0.8554E+13   81.24   9.05  -1  -1    14.00     0  4   0.0  0   0.0  0
       0.0         0.0         0.0         0.0
 160.97000    54.65961    22.845  203.00  21.00  0.8554E+13   99.37   9.05  -1  -1    29.36    96  4   0.0  0   0.0  0
       1.2         3.6         4.8         1.1
 160.69769    54.26989    22.845  203.00  21.00  0.8554E+13   54.71   9.05  -1  -1    14.00     0  4   0.0  0   0.0  0
       0.0         0.0         0.0         0.0
 160.42538    53.88017    22.845  203.00  21.00  0.8554E+13   74.76   9.05  -1  -1    29.71   138  4   0.0  0   0.0  0
       1.3         2.4         5.5         6.0
 160.15308    53.49045    22.845  203.00  21.00  0.8554E+13   56.33   9.05  -1  -1    31.49   168  4   0.0  0   0.0  0
       1.9         2.7         6.9         7.2
 159.88077    53.10073    22.845  203.00  21.00  0.8554E+13   17.98   9.05  -1  -1    58.73   262  4   0.0  0   0.0  0
      12.4         3.5         5.2         7.9
 159.60846    52.71101    22.845  203.00  21.00  0.8554E+13   24.81   9.05  -1  -1    78.69   379  4   0.0  0   0.0  0
      34.1         3.7         0.9         3.1
 159.33615    52.32129    22.845  203.00  21.00  0.8554E+13   16.99   9.05  -1  -1    14.00     0  4   0.0  0   0.0  0
       0.0         0.0         0.0         0.0
 159.06384    51.93157    22.845  203.00  21.00  0.8554E+13   51.35   9.05  -1  -1    75.79   298  4   0.0  0   0.0  0
       4.1        18.3         4.8         5.8
 158.79153    51.54185    22.845  203.00  21.00  0.8554E+13   65.93   9.05  -1  -1    69.15   304  4   0.0  0   0.0  0
      10.7        11.1         3.8         8.0
 158.51923    51.15213    22.845  203.00  21.00  0.8554E+13   57.38   9.05  -1  -1    48.66   237  4   0.0  0   0.0  0
      13.6         5.2         4.4         3.0
 158.24692    50.76241    22.845  203.00  21.00  0.8554E+13   81.77   9.05  -1  -1    76.60   243  4   0.0  0   0.0  0
       8.5         9.2         6.1         3.2
 157.97459    50.37268    22.845  203.00  21.00  0.8554E+13   81.85   9.05  -1  -1    50.52   240  4   0.0  0   0.0  0
       3.5         7.7        11.6         3.7
 157.70229    49.98296    22.845  203.00  21.00  0.8554E+13   94.79   9.05  -1  -1    18.66   179  4   0.0  0   0.0  0
       7.2         3.7         2.9         6.0
 157.42998    49.59324    22.845  203.00  21.00  0.8554E+13   99.49   9.05  -1  -1    16.46   193  4   0.0  0   0.0  0
      12.1         1.5         4.7         2.9
 157.15767    49.20352    22.845  203.00  21.00  0.8554E+13   99.49   9.05  -1  -1    14.83   180  4   0.0  0   0.0  0
       8.0         5.2         1.3         5.4
 162.29117    56.15869    16.322  203.00  21.00  0.8554E+13   99.49   9.05  -1  -1    14.00     0  4   0.0  0   0.0  0
       0.0         0.0         0.0         0.0
 162.01886    55.76897    16.322  203.00  21.00  0.8554E+13   99.49   9.05  -1  -1    48.26   102  4   0.0  0   0.0  0
       0.9         8.9         0.5         0.9
 161.74655    55.37925    16.322  203.00  21.00  0.8554E+13   94.14   9.05  -1  -1    14.00     0  4   0.0  0   0.0  0
       0.0         0.0         0.0         0.0
 161.47423    54.98953    16.322  203.00  21.00  0.8554E+13   80.74   9.05  -1  -1    14.00     0  4   0.0  0   0.0  0
       0.0         0.0         0.0         0.0
 161.20192    54.59981    16.322  203.00  21.00  0.8554E+13   86.41   9.05  -1  -1    96.66   142  4   0.0  0   0.0  0
       1.3         4.7         4.4         5.3
 160.92961    54.21009    16.322  203.00  21.00  0.8554E+13   53.97   9.05  -1  -1    14.00     0  4   0.0  0   0.0  0
       0.0         0.0         0.0         0.0
 160.65730    53.82037    16.322  203.00  21.00  0.8554E+13   87.94   9.05  -1  -1    38.75   163  4   0.0  0   0.0  0
       6.1         2.7         2.1         7.0
 160.38499    53.43064    16.322  203.00  21.00  0.8554E+13   56.96   9.05  -1  -1    32.57   245  4   0.0  0   0.0  0
      11.3         7.1         5.1         3.6
 160.11269    53.04092    16.322  203.00  21.00  0.8554E+13   17.04   9.05  -1  -1    41.97   397  4   0.0  0   0.0  0
      18.4        14.1         6.5         4.9
 159.84038    52.65120    16.322  203.00  21.00  0.8554E+13   15.67   9.05  -1  -1    46.32   377  4   0.0  0   0.0  0
      10.5        15.4        14.6         1.3
 159.56807    52.26148    16.322  203.00  21.00  0.8554E+13   14.40   9.05  -1  -1    14.00     0  4   0.0  0   0.0  0
       0.0         0.0         0.0         0.0
 159.29576    51.87176    16.322  203.00  21.00  0.8554E+13   28.07   9.05  -1  -1    44.43   209  4   0.0  0   0.0  0
       6.9         4.5         2.3         9.3
 159.02345    51.48204    16.322  203.00  21.00  0.8554E+13   48.11   9.05  -1  -1    62.32   326  4   0.0  0   0.0  0
      10.9        14.2         2.7         8.1
 158.75114    51.09232    16.322  203.00  21.00  0.8554E+13   93.47   9.05  -1  -1    39.49   350  4   0.0  0   0.0  0
       0.4        14.6        12.9        10.9
 158.47884    50.70260    16.322  203.00  21.00  0.8554E+13   84.97   9.05  -1  -1    39.30   336  4   0.0  0   0.0  0
       9.7         7.0         5.5        14.9
 158.20651    50.31288    16.322  203.00  21.00  0.8554E+13   94.84   9.05  -1  -1    35.69   307  4   0.0  0   0.0  0
       7.1         4.4         7.4        15.0
 157.93420    49.92316    16.322  203.00  21.00  0.8554E+13   97.24   9.05  -1  -1    66.13   208  4   0.0  0   0.0  0
       6.0        14.3         2.3         0.3
 157.66190    49.53344    16.322  203.00  21.00  0.8554E+13   99.49   9.05  -1  -1    14.01   218  4   0.0  0   0.0  0
       6.1         1.8         3.7        12.6
 157.38959    49.14372    16.322  203.00  21.00  0.8554E+13   99.49   9.05  -1  -1    20.83   168  4   0.0  0   0.0  0
      11.9         1.0         0.3         5.3
 162.52309    56.09889     9.800  203.00  21.00  0.8554E+13   99.49   9.05  -1  -1    14.00     0  4   0.0  0   0.0  0
       0.0         0.0         0.0         0.0
 162.25078    55.70917     9.800  203.00  21.00  0.8554E+13   99.49   9.05  -1  -1    49.34    74  4   0.0  0   0.0  0
       1.7         2.7         2.7         1.1
 161.97847    55.31945     9.800  203.00  21.00  0.8554E+13   94.00   9.05  -1  -1    14.00     0  4   0.0  0   0.0  0
       0.0         0.0         0.0         0.0
 161.70615    54.92973     9.800  203.00  21.00  0.8554E+13   80.57   9.05  -1  -1    14.00     0  4   0.0  0   0.0  0
       0.0         0.0         0.0         0.0
 161.43384    54.54000     9.800  203.00  21.00  0.8554E+13   93.63   9.05  -1  -1    53.05   104  4   0.0  0   0.0  0
       0.3         7.3         3.6         0.3
 161.16153    54.15028     9.800  203.00  21.00  0.8554E+13   53.71   9.05  -1  -1    14.00     0  4   0.0  0   0.0  0
       0.0         0.0         0.0         0.0
 160.88922    53.76056     9.800  203.00  21.00  0.8554E+13   98.07   9.05  -1  -1    32.41   255  4   0.0  0   0.0  0
       9.3        10.2         4.4         4.2
 160.61691    53.37084     9.800  203.00  21.00  0.8554E+13   91.56   9.05  -1  -1    46.48   365  4   0.0  0   0.0  0
       7.3         5.2        13.9        13.9
 160.34460    52.98112     9.800  203.00  21.00  0.8554E+13   24.78   9.05  -1  -1    25.29   524  4   0.0  0   0.0  0
      24.6        23.5         8.8         1.1
 161.82733    56.27830    29.367  203.00  21.00  0.8554E+13   99.49   9.05  -1  -1    14.00     0  4   0.0  0   0.0  0
       0.0         0.0         0.0         0.0
 159.79999    52.20168     9.800  203.00  21.00  0.8554E+13   13.43   9.05  -1  -1    14.00     0  4   0.0  0   0.0  0
       0.0         0.0         0.0         0.0
 159.52768    51.81196     9.800  203.00  21.00  0.8554E+13   61.39   9.05  -1  -1    53.73   205  4   0.0  0   0.0  0
       7.0         5.2         2.6         7.8
 159.25537    51.42224     9.800  203.00  21.00  0.8554E+13   52.22   9.05  -1  -1    87.18   333  4   0.0  0   0.0  0
      11.7        12.8         9.7         2.6
 158.98306    51.03252     9.800  203.00  21.00  0.8554E+13   89.70   9.05  -1  -1    37.31   409  4   0.0  0   0.0  0
      13.8         2.8         9.1        19.5
 158.71075    50.64280     9.800  203.00  21.00  0.8554E+13   71.72   9.05  -1  -1    52.35   404  4   0.0  0   0.0  0
      13.4         9.9        15.6         5.8
 158.43845    50.25307     9.800  203.00  21.00  0.8554E+13   87.44   9.05  -1  -1    40.83   331  4   0.0  0   0.0  0
       6.9        10.8         8.4        10.4
 158.16612    49.86335     9.800  203.00  21.00  0.8554E+13   98.89   9.05  -1  -1    78.36   246  4   0.0  0   0.0  0
       6.3         2.5        18.0         0.3
 157.89381    49.47363     9.800  203.00  21.00  0.8554E+13   99.49   9.05  -1  -1    22.08   175  4   0.0  0   0.0  0
       3.4         6.4         1.5         8.1
 157.62151    49.08391     9.800  203.00  21.00  0.8554E+13   99.49   9.05  -1  -1    37.03   181  4   0.0  0   0.0  0
      15.9         0.3         0.3         3.5
 162.75500    56.03908     3.278  203.00  21.00  0.8554E+13   99.49   9.05  -1  -1    14.00     0  4   0.0  0   0.0  0
       0.0         0.0         0.0         0.0
 162.48270    55.64936     3.278  203.00  21.00  0.8554E+13   99.49   9.05  -1  -1    20.30   115  4   0.0  0   0.0  0
       0.3         8.0         3.2         1.2
 162.21039    55.25964     3.278  203.00  21.00  0.8554E+13   94.14   9.05  -1  -1    14.00     0  4   0.0  0   0.0  0
       0.0         0.0         0.0         0.0
 161.93808    54.86992     3.278  203.00  21.00  0.8554E+13   80.74   9.05  -1  -1    14.00     0  4   0.0  0   0.0  0
       0.0         0.0         0.0         0.0
 161.66576    54.48020     3.278  203.00  21.00  0.8554E+13   73.74   9.05  -1  -1    71.38    78  4   0.0  0   0.0  0
       3.2         0.8         0.3         4.3
 161.39345    54.09048     3.278  203.00  21.00  0.8554E+13   53.97   9.05  -1  -1    14.00     0  4   0.0  0   0.0  0
       0.0         0.0         0.0         0.0
 161.12114    53.70076     3.278  203.00  21.00  0.8554E+13   56.33   9.05  -1  -1    74.61   502  4   0.0  0   0.0  0
      19.7        27.7         6.8         1.3
 160.84883    53.31104     3.278  203.00  21.00  0.8554E+13   39.09   9.05  -1  -1    76.43   688  4   0.0  0   0.0  0
       9.8        19.8        38.5         7.9
 160.57652    52.92132     3.278  203.00  21.00  0.8554E+13   37.80   9.05  -1  -1    67.37   713  4   0.0  0   0.0  0
      12.6        26.6        21.1        18.5
 160.30421    52.53160     3.278  203.00  21.00  0.8554E+13   11.39   9.05  -1  -1    65.21   656  4   0.0  0   0.0  0
      48.5        11.7         3.2         9.0
 160.03191    52.14188     3.278  203.00  21.00  0.8554E+13   14.40   9.05  -1  -1    14.00     0  4   0.0  0   0.0  0
       0.0         0.0         0.0         0.0
 159.75960    51.75216     3.278  203.00  21.00  0.8554E+13   48.97   9.05  -1  -1    44.00   270  4   0.0  0   0.0  0
       8.8         8.6         3.7         8.8
 159.48729    51.36243     3.278  203.00  21.00  0.8554E+13   68.69   9.05  -1  -1    15.72   401  4   0.0  0   0.0  0
       5.3        15.8        12.6        10.6
 159.21498    50.97271     3.278  203.00  21.00  0.8554E+13   73.07   9.05  -1  -1    54.19   457  4   0.0  0   0.0  0
       2.2        19.9        15.7        12.8
 158.94267    50.58299     3.278  203.00  21.00  0.8554E+13   82.12   9.05  -1  -1    41.65   473  4   0.0  0   0.0  0
       3.1        25.0        18.7         5.4
 158.67036    50.19327     3.278  203.00  21.00  0.8554E+13   83.73   9.05  -1  -1    65.95   357  4   0.0  0   0.0  0
      17.5        17.8         2.3         1.9
 158.39804    49.80355     3.278  203.00  21.00  0.8554E+13   98.74   9.05  -1  -1    68.77   242  4   0.0  0   0.0  0
      10.1         2.8         5.6         8.2
 158.12573    49.41383     3.278  203.00  21.00  0.8554E+13   99.49   9.05  -1  -1    59.90   198  4   0.0  0   0.0  0
       0.4         7.2         4.6         9.7
 157.85342    49.02411     3.278  203.00  21.00  0.8554E+13   99.49   9.05  -1  -1    14.12   127  4   0.0  0   0.0  0
       7.4         3.5         0.4         2.7
