2.0
#
# http://equake-rc.info/static/paper/SRF-Description-Graves_2.0.pdf
# RECTANGULAR fault MODEL
#
# All subfaults are   4.0 km long along strike and
#   7.0 km wide along dip
#
# Model length along strike is   36.0 km
#
# Model width along dip is   35.0 km
#
# Corners of the rectangular dislocation model (lat, lon):
#     37.470   141.839 : corner 1
#     37.195   141.623 : corner 2
#     37.353   141.304 : corner 3
#     37.628   141.521 : corner 4
#
#
# Number of elementary sliprate
# isoceles triangular functions
# per subfault:   4
#
# Half duration of elementary sliprate
# isoceles triangular functions (s):   1.23
# Triangles are overlapping each other by half
#
# slip rate unit: cm/s
#
#
# Seismic moment is converted into slip
# using a single constant value for the
# shear modulus mu of  0.250E+12 dyne/cm2
# assumed to be constant and characteristic
# of the fault shear zone
#
#
#
# "rake" (degrees) is the slip angle (Aki"s convention,
# e.g. rake=+45 means left-lateral-reverse movement.
#
#
# ************************************************
# Total seismic moment M0=  0.213E+25 dyne.cm
# ************************************************
#
#
PLANE 1
 141.73100    37.33250    9    5    36.000    35.000
212.00  19.00    42.724     0.000    24.499
POINTS   45
 141.50790    37.44280    50.700  212.00  19.00  0.2800E+12    0.00   1.23  -1  -1   107.92     8  4   0.0  0   0.0  0
       6.4         0.1         0.1         0.0
 141.51636    37.56598    52.979  212.00  19.00  0.2800E+12    3.97   1.23  -1  -1    52.00     0  4   0.0  0   0.0  0
       0.0         0.0         0.0         0.0
 141.49232    37.53545    52.979  212.00  19.00  0.2800E+12    3.04   1.23  -1  -1    52.00     0  4   0.0  0   0.0  0
       0.0         0.0         0.0         0.0
 141.46829    37.50491    52.979  212.00  19.00  0.2800E+12    2.92   1.23  -1  -1   123.77     0  4   0.0  0   0.0  0
       0.1         0.0         0.0         0.0
 141.44426    37.47437    52.979  212.00  19.00  0.2800E+12    3.67   1.23  -1  -1   141.35     0  4   0.0  0   0.0  0
       0.1         0.0         0.0         0.0
 141.42023    37.44384    52.979  212.00  19.00  0.2800E+12    2.84   1.23  -1  -1   141.85     1  4   0.0  0   0.0  0
       0.4         0.0         0.1         0.1
 141.39619    37.41330    52.979  212.00  19.00  0.2800E+12    3.21   1.23  -1  -1   141.87     1  4   0.0  0   0.0  0
       0.1         0.2         0.9         0.0
 141.37216    37.38276    52.979  212.00  19.00  0.2800E+12    4.59   1.23  -1  -1   141.80     1  4   0.0  0   0.0  0
       0.0         0.5         0.1         0.1
 141.34813    37.35222    52.979  212.00  19.00  0.2800E+12    5.02   1.23  -1  -1   141.85     0  4   0.0  0   0.0  0
       0.0         0.1         0.1         0.1
 141.60403    37.56495    50.700  212.00  19.00  0.2800E+12    4.57   1.23  -1  -1    52.00     0  4   0.0  0   0.0  0
       0.0         0.0         0.0         0.0
 141.58000    37.53441    50.700  212.00  19.00  0.2800E+12    3.43   1.23  -1  -1    52.00     0  4   0.0  0   0.0  0
       0.0         0.0         0.0         0.0
 141.55597    37.50387    50.700  212.00  19.00  0.2800E+12    2.29   1.23  -1  -1    52.00     0  4   0.0  0   0.0  0
       0.0         0.0         0.0         0.0
 141.53194    37.47334    50.700  212.00  19.00  0.2800E+12    1.42   1.23  -1  -1    70.08     1  4   0.0  0   0.0  0
       0.5         0.1         0.1         0.0
 141.54039    37.59652    52.979  212.00  19.00  0.2800E+12    4.99   1.23  -1  -1    52.00     0  4   0.0  0   0.0  0
       0.0         0.0         0.0         0.0
 141.48387    37.41226    50.700  212.00  19.00  0.2800E+12    2.79   1.23  -1  -1   141.47     1  4   0.0  0   0.0  0
       0.4         0.2         0.1         0.0
 141.45984    37.38173    50.700  212.00  19.00  0.2800E+12    2.80   1.23  -1  -1   141.82     2  4   0.0  0   0.0  0
       1.5         0.0         0.1         0.0
 141.43581    37.35119    50.700  212.00  19.00  0.2800E+12    3.64   1.23  -1  -1   141.85     1  4   0.0  0   0.0  0
       0.2         0.1         0.3         0.1
 141.41177    37.32065    50.700  212.00  19.00  0.2800E+12    4.88   1.23  -1  -1   141.94     1  4   0.0  0   0.0  0
       0.0         0.3         0.3         0.0
 141.66768    37.53337    48.421  212.00  19.00  0.2800E+12    4.99   1.23  -1  -1    52.00     0  4   0.0  0   0.0  0
       0.0         0.0         0.0         0.0
 141.64365    37.50284    48.421  212.00  19.00  0.2800E+12    3.97   1.23  -1  -1    52.00     0  4   0.0  0   0.0  0
       0.0         0.0         0.0         0.0
 141.61961    37.47230    48.421  212.00  19.00  0.2800E+12    3.04   1.23  -1  -1    52.00     0  4   0.0  0   0.0  0
       0.0         0.0         0.0         0.0
 141.59558    37.44176    48.421  212.00  19.00  0.2800E+12    2.55   1.23  -1  -1    52.16     2  4   0.0  0   0.0  0
       1.7         0.0         0.1         0.0
 141.57155    37.41122    48.421  212.00  19.00  0.2800E+12    2.79   1.23  -1  -1   122.51     0  4   0.0  0   0.0  0
       0.2         0.0         0.0         0.0
 141.54752    37.38069    48.421  212.00  19.00  0.2800E+12    2.80   1.23  -1  -1   141.90     2  4   0.0  0   0.0  0
       1.7         0.0         0.0         0.0
 141.52348    37.35015    48.421  212.00  19.00  0.2800E+12    3.34   1.23  -1  -1   141.85     1  4   0.0  0   0.0  0
       0.4         0.0         0.1         0.1
 141.49945    37.31961    48.421  212.00  19.00  0.2800E+12    4.04   1.23  -1  -1   141.79     0  4   0.0  0   0.0  0
       0.1         0.0         0.0         0.0
 141.47542    37.28907    48.421  212.00  19.00  0.2800E+12    5.00   1.23  -1  -1   141.90     0  4   0.0  0   0.0  0
       0.1         0.0         0.1         0.0
 141.73132    37.50180    46.142  212.00  19.00  0.2800E+12    5.03   1.23  -1  -1    52.00     0  4   0.0  0   0.0  0
       0.0         0.0         0.0         0.0
 141.70729    37.47126    46.142  212.00  19.00  0.2800E+12    5.03   1.23  -1  -1    52.00     0  4   0.0  0   0.0  0
       0.0         0.0         0.0         0.0
 141.68326    37.44073    46.142  212.00  19.00  0.2800E+12    4.61   1.23  -1  -1    52.00     0  4   0.0  0   0.0  0
       0.0         0.0         0.0         0.0
 141.65923    37.41019    46.142  212.00  19.00  0.2800E+12    4.20   1.23  -1  -1   124.23     0  4   0.0  0   0.0  0
       0.0         0.0         0.0         0.0
 141.63519    37.37965    46.142  212.00  19.00  0.2800E+12    4.16   1.23  -1  -1   141.53     0  4   0.0  0   0.0  0
       0.0         0.0         0.0         0.0
 141.61116    37.34911    46.142  212.00  19.00  0.2800E+12    4.23   1.23  -1  -1   141.82     0  4   0.0  0   0.0  0
       0.1         0.0         0.0         0.0
 141.58711    37.31858    46.142  212.00  19.00  0.2800E+12    4.64   1.23  -1  -1   141.92     0  4   0.0  0   0.0  0
       0.0         0.0         0.0         0.0
 141.56308    37.28804    46.142  212.00  19.00  0.2800E+12    5.03   1.23  -1  -1   141.71     0  4   0.0  0   0.0  0
       0.1         0.0         0.0         0.0
 141.53905    37.25750    46.142  212.00  19.00  0.2800E+12    5.03   1.23  -1  -1   141.86     0  4   0.0  0   0.0  0
       0.2         0.1         0.1         0.1
 141.79497    37.47023    43.863  212.00  19.00  0.2800E+12    5.03   1.23  -1  -1    52.00     0  4   0.0  0   0.0  0
       0.0         0.0         0.0         0.0
 141.77094    37.43969    43.863  212.00  19.00  0.2800E+12    5.03   1.23  -1  -1    52.00     0  4   0.0  0   0.0  0
       0.0         0.0         0.0         0.0
 141.74690    37.40915    43.863  212.00  19.00  0.2800E+12    5.03   1.23  -1  -1    52.00     0  4   0.0  0   0.0  0
       0.0         0.0         0.0         0.0
 141.72285    37.37861    43.863  212.00  19.00  0.2800E+12    5.03   1.23  -1  -1   141.33     0  4   0.0  0   0.0  0
       0.0         0.0         0.0         0.1
 141.69882    37.34808    43.863  212.00  19.00  0.2800E+12    5.03   1.23  -1  -1   141.87     0  4   0.0  0   0.0  0
       0.0         0.0         0.0         0.0
 141.67479    37.31754    43.863  212.00  19.00  0.2800E+12    5.03   1.23  -1  -1   141.60     0  4   0.0  0   0.0  0
       0.0         0.0         0.0         0.0
 141.65076    37.28700    43.863  212.00  19.00  0.2800E+12    5.03   1.23  -1  -1   141.77     0  4   0.0  0   0.0  0
       0.0         0.0         0.0         0.0
 141.62672    37.25647    43.863  212.00  19.00  0.2800E+12    5.03   1.23  -1  -1   140.96     0  4   0.0  0   0.0  0
       0.1         0.0         0.0         0.0
 141.60269    37.22593    43.863  212.00  19.00  0.2800E+12    5.03   1.23  -1  -1   141.82     4  4   0.0  0   0.0  0
       1.1         0.0         2.1         0.0
