2.0
#
# http://equake-rc.info/static/paper/SRF-Description-Graves_2.0.pdf
# RECTANGULAR fault MODEL
#
# All subfaults are   5.0 km long along strike and
#   9.0 km wide along dip
#
# Model length along strike is   45.0 km
#
# Model width along dip is   45.0 km
#
# Corners of the rectangular dislocation model (lat, lon):
#     35.906    25.762 : corner 1
#     35.566    26.034 : corner 2
#     35.528    25.961 : corner 3
#     35.868    25.689 : corner 4
#
#
# Number of elementary sliprate
# isoceles triangular functions
# per subfault:   4
#
# Half duration of elementary sliprate
# isoceles triangular functions (s):   1.55
# Triangles are overlapping each other by half
#
# slip rate unit: cm/s
#
#
# Seismic moment is converted into slip
# using a single constant value for the
# shear modulus mu of  0.250E+12 dyne/cm2
# assumed to be constant and characteristic
# of the fault shear zone
#
#
#
# "rake" (degrees) is the slip angle (Aki"s convention,
# e.g. rake=+45 means left-lateral-reverse movement.
#
#
# ************************************************
# Total seismic moment M0=  0.159E+26 dyne.cm
# ************************************************
#
#
PLANE 1
  25.89800    35.73600    9    5    45.000    45.000
147.00  80.00    59.705     0.000    13.500
POINTS   45
  25.87590    35.72460    73.000  147.00  80.00  0.4500E+12    0.00   1.55  -1  -1    40.42    54  4   0.0  0   0.0  0
      27.5         7.5         0.1         0.1
  25.74172    35.81485    99.590  147.00  80.00  0.4500E+12    7.19   1.55  -1  -1   -18.00     0  4   0.0  0   0.0  0
       0.0         0.0         0.0         0.0
  25.77191    35.77711    99.590  147.00  80.00  0.4500E+12    7.19   1.55  -1  -1    36.51     0  4   0.0  0   0.0  0
       0.1         0.0         0.1         0.1
  25.80211    35.73936    99.590  147.00  80.00  0.4500E+12    7.19   1.55  -1  -1    40.29     0  4   0.0  0   0.0  0
       0.1         0.1         0.1         0.1
  25.83230    35.70161    99.590  147.00  80.00  0.4500E+12    7.19   1.55  -1  -1    46.46     1  4   0.0  0   0.0  0
       0.1         0.2         0.1         0.1
  25.86250    35.66387    99.590  147.00  80.00  0.4500E+12    7.19   1.55  -1  -1    67.76     2  4   0.0  0   0.0  0
       0.2         1.0         0.1         0.0
  25.89269    35.62612    99.590  147.00  80.00  0.4500E+12    7.19   1.55  -1  -1     3.95     3  4   0.0  0   0.0  0
       0.1         0.2         0.1         1.5
  25.92288    35.58838    99.590  147.00  80.00  0.4500E+12    7.19   1.55  -1  -1   -18.00     0  4   0.0  0   0.0  0
       0.0         0.0         0.0         0.0
  25.95308    35.55063    99.590  147.00  80.00  0.4500E+12    7.19   1.55  -1  -1   -18.00     0  4   0.0  0   0.0  0
       0.0         0.0         0.0         0.0
  25.72606    35.86026    90.727  147.00  80.00  0.4500E+12    7.19   1.55  -1  -1   -18.00     0  4   0.0  0   0.0  0
       0.0         0.0         0.0         0.0
  25.75625    35.82252    90.727  147.00  80.00  0.4500E+12    6.69   1.55  -1  -1   -18.00     0  4   0.0  0   0.0  0
       0.0         0.0         0.0         0.0
  25.78645    35.78477    90.727  147.00  80.00  0.4500E+12    7.07   1.55  -1  -1    43.76     0  4   0.0  0   0.0  0
       0.0         0.1         0.1         0.1
  25.81664    35.74702    90.727  147.00  80.00  0.4500E+12    6.81   1.55  -1  -1    45.73     1  4   0.0  0   0.0  0
       0.1         0.2         0.1         0.2
  25.84683    35.70928    90.727  147.00  80.00  0.4500E+12    6.81   1.55  -1  -1    53.42     3  4   0.0  0   0.0  0
       0.1         0.4         0.5         1.2
  25.87703    35.67153    90.727  147.00  80.00  0.4500E+12    6.35   1.55  -1  -1    67.04     1  4   0.0  0   0.0  0
       0.1         0.1         0.3         0.5
  25.90722    35.63379    90.727  147.00  80.00  0.4500E+12    7.05   1.55  -1  -1    42.81     2  4   0.0  0   0.0  0
       0.1         0.2         0.8         0.4
  25.93742    35.59604    90.727  147.00  80.00  0.4500E+12    6.69   1.55  -1  -1   -18.00     0  4   0.0  0   0.0  0
       0.0         0.0         0.0         0.0
  25.96761    35.55829    90.727  147.00  80.00  0.4500E+12    7.19   1.55  -1  -1   -18.00     0  4   0.0  0   0.0  0
       0.0         0.0         0.0         0.0
  25.74059    35.86792    81.863  147.00  80.00  0.4500E+12    6.27   1.55  -1  -1   -18.00     0  4   0.0  0   0.0  0
       0.0         0.0         0.0         0.0
  25.77078    35.83018    81.863  147.00  80.00  0.4500E+12    5.00   1.55  -1  -1   -18.00     0  4   0.0  0   0.0  0
       0.0         0.0         0.0         0.0
  25.80098    35.79243    81.863  147.00  80.00  0.4500E+12    7.09   1.55  -1  -1    48.47     0  4   0.0  0   0.0  0
       0.1         0.1         0.1         0.1
  25.83117    35.75468    81.863  147.00  80.00  0.4500E+12    7.11   1.55  -1  -1    23.72     1  4   0.0  0   0.0  0
       0.1         0.1         0.1         0.4
  25.86137    35.71694    81.863  147.00  80.00  0.4500E+12    2.91   1.55  -1  -1    17.52     5  4   0.0  0   0.0  0
       3.1         0.1         0.1         0.1
  25.89156    35.67919    81.863  147.00  80.00  0.4500E+12    3.27   1.55  -1  -1    16.92     6  4   0.0  0   0.0  0
       3.4         0.1         0.1         0.3
  25.92176    35.64145    81.863  147.00  80.00  0.4500E+12    7.10   1.55  -1  -1    34.75     1  4   0.0  0   0.0  0
       0.1         0.1         0.1         0.1
  25.95195    35.60370    81.863  147.00  80.00  0.4500E+12    5.00   1.55  -1  -1   -18.00     0  4   0.0  0   0.0  0
       0.0         0.0         0.0         0.0
  25.98215    35.56596    81.863  147.00  80.00  0.4500E+12    6.27   1.55  -1  -1   -18.00     0  4   0.0  0   0.0  0
       0.0         0.0         0.0         0.0
  25.75512    35.87559    73.000  147.00  80.00  0.4500E+12    5.71   1.55  -1  -1   -18.00     0  4   0.0  0   0.0  0
       0.0         0.0         0.0         0.0
  25.78532    35.83784    73.000  147.00  80.00  0.4500E+12    4.29   1.55  -1  -1   -18.00     0  4   0.0  0   0.0  0
       0.0         0.0         0.0         0.0
  25.81551    35.80009    73.000  147.00  80.00  0.4500E+12    6.65   1.55  -1  -1    14.27     1  4   0.0  0   0.0  0
       0.1         0.1         0.1         0.2
  25.84571    35.76235    73.000  147.00  80.00  0.4500E+12    2.09   1.55  -1  -1    -3.41    16  4   0.0  0   0.0  0
      10.4         0.1         0.1         0.1
  25.71152    35.85260    99.590  147.00  80.00  0.4500E+12    7.19   1.55  -1  -1   -18.00     0  4   0.0  0   0.0  0
       0.0         0.0         0.0         0.0
  25.90610    35.68686    73.000  147.00  80.00  0.4500E+12    1.64   1.55  -1  -1    51.88    19  4   0.0  0   0.0  0
      12.1         0.1         0.1         0.1
  25.93629    35.64911    73.000  147.00  80.00  0.4500E+12    2.94   1.55  -1  -1    38.98     4  4   0.0  0   0.0  0
       2.3         0.2         0.1         0.1
  25.96648    35.61136    73.000  147.00  80.00  0.4500E+12    4.29   1.55  -1  -1   -18.00     0  4   0.0  0   0.0  0
       0.0         0.0         0.0         0.0
  25.99668    35.57362    73.000  147.00  80.00  0.4500E+12    5.71   1.55  -1  -1   -18.00     0  4   0.0  0   0.0  0
       0.0         0.0         0.0         0.0
  25.76966    35.88325    64.137  147.00  80.00  0.4500E+12    6.27   1.55  -1  -1   -18.00     0  4   0.0  0   0.0  0
       0.0         0.0         0.0         0.0
  25.79985    35.84550    64.137  147.00  80.00  0.4500E+12    5.00   1.55  -1  -1   -18.00     0  4   0.0  0   0.0  0
       0.0         0.0         0.0         0.0
  25.83004    35.80775    64.137  147.00  80.00  0.4500E+12    5.52   1.55  -1  -1    52.05     1  4   0.0  0   0.0  0
       0.1         0.1         0.1         0.1
  25.86024    35.77001    64.137  147.00  80.00  0.4500E+12    4.39   1.55  -1  -1    52.11     2  4   0.0  0   0.0  0
       1.4         0.1         0.1         0.1
  25.89043    35.73227    64.137  147.00  80.00  0.4500E+12    4.47   1.55  -1  -1    54.89     2  4   0.0  0   0.0  0
       0.9         0.1         0.1         0.1
  25.92063    35.69452    64.137  147.00  80.00  0.4500E+12    6.76   1.55  -1  -1    66.65     2  4   0.0  0   0.0  0
       1.0         0.3         0.1         0.2
  25.95082    35.65677    64.137  147.00  80.00  0.4500E+12    6.76   1.55  -1  -1    71.82    12  4   0.0  0   0.0  0
       5.0         1.4         0.8         0.4
  25.98102    35.61903    64.137  147.00  80.00  0.4500E+12    5.00   1.55  -1  -1   -18.00     0  4   0.0  0   0.0  0
       0.0         0.0         0.0         0.0
  26.01121    35.58128    64.137  147.00  80.00  0.4500E+12    6.27   1.55  -1  -1   -18.00     0  4   0.0  0   0.0  0
       0.0         0.0         0.0         0.0
