2.0
#
# http://equake-rc.info/static/paper/SRF-Description-Graves_2.0.pdf
# RECTANGULAR fault MODEL
#
# All subfaults are   5.0 km long along strike and
#   9.0 km wide along dip
#
# Model length along strike is   45.0 km
#
# Model width along dip is   45.0 km
#
# Corners of the rectangular dislocation model (lat, lon):
#     35.643    25.638 : corner 1
#     35.892    26.031 : corner 2
#     35.750    26.169 : corner 3
#     35.500    25.776 : corner 4
#
#
# Number of elementary sliprate
# isoceles triangular functions
# per subfault:   4
#
# Half duration of elementary sliprate
# isoceles triangular functions (s):   1.55
# Triangles are overlapping each other by half
#
# slip rate unit: cm/s
#
#
# Seismic moment is converted into slip
# using a single constant value for the
# shear modulus mu of  0.250E+12 dyne/cm2
# assumed to be constant and characteristic
# of the fault shear zone
#
#
#
# "rake" (degrees) is the slip angle (Aki"s convention,
# e.g. rake=+45 means left-lateral-reverse movement.
#
#
# ************************************************
# Total seismic moment M0=  0.161E+26 dyne.cm
# ************************************************
#
#
PLANE 1
  25.83450    35.76750    9    5    45.000    45.000
 51.94  63.44    60.925     0.000    13.498
POINTS   45
  25.87590    35.72460    73.000   51.94  63.44  0.4500E+12    0.00   1.55  -1  -1   171.82    54  4   0.0  0   0.0  0
      18.8         7.7         8.0         0.1
  25.82745    35.55581    97.151   51.94  63.44  0.4500E+12    7.19   1.55  -1  -1   123.81     0  4   0.0  0   0.0  0
       0.0         0.0         0.0         0.0
  25.87110    35.58355    97.151   51.94  63.44  0.4500E+12    7.19   1.55  -1  -1   129.41     1  4   0.0  0   0.0  0
       0.1         0.2         0.1         0.0
  25.91475    35.61130    97.151   51.94  63.44  0.4500E+12    7.19   1.55  -1  -1  -176.38     0  4   0.0  0   0.0  0
       0.1         0.1         0.1         0.1
  25.95841    35.63904    97.151   51.94  63.44  0.4500E+12    7.19   1.55  -1  -1  -165.29     1  4   0.0  0   0.0  0
       0.1         0.1         0.1         0.1
  26.00206    35.66679    97.151   51.94  63.44  0.4500E+12    7.19   1.55  -1  -1  -160.92     0  4   0.0  0   0.0  0
       0.1         0.1         0.1         0.1
  26.04572    35.69453    97.151   51.94  63.44  0.4500E+12    7.19   1.55  -1  -1  -160.47    14  4   0.0  0   0.0  0
       0.1         0.1         0.1         8.8
  26.08937    35.72227    97.151   51.94  63.44  0.4500E+12    7.19   1.55  -1  -1   123.81     0  4   0.0  0   0.0  0
       0.0         0.0         0.0         0.0
  26.13302    35.75002    97.151   51.94  63.44  0.4500E+12    7.19   1.55  -1  -1   123.81     0  4   0.0  0   0.0  0
       0.0         0.0         0.0         0.0
  25.75629    35.55658    89.101   51.94  63.44  0.4500E+12    7.19   1.55  -1  -1   123.81     0  4   0.0  0   0.0  0
       0.0         0.0         0.0         0.0
  25.79995    35.58433    89.101   51.94  63.44  0.4500E+12    6.69   1.55  -1  -1   123.81     0  4   0.0  0   0.0  0
       0.0         0.0         0.0         0.0
  25.84360    35.61207    89.101   51.94  63.44  0.4500E+12    7.08   1.55  -1  -1   139.70     1  4   0.0  0   0.0  0
       0.1         0.4         0.1         0.2
  25.88725    35.63982    89.101   51.94  63.44  0.4500E+12    7.07   1.55  -1  -1   150.43     1  4   0.0  0   0.0  0
       0.1         0.1         0.4         0.1
  25.93091    35.66756    89.101   51.94  63.44  0.4500E+12    7.05   1.55  -1  -1   158.47     1  4   0.0  0   0.0  0
       0.1         0.1         0.1         0.1
  25.97456    35.69530    89.101   51.94  63.44  0.4500E+12    6.86   1.55  -1  -1  -161.53     1  4   0.0  0   0.0  0
       0.1         0.1         0.3         0.1
  26.01821    35.72305    89.101   51.94  63.44  0.4500E+12    7.07   1.55  -1  -1  -161.33     1  4   0.0  0   0.0  0
       0.1         0.1         0.7         0.1
  26.06186    35.75079    89.101   51.94  63.44  0.4500E+12    6.69   1.55  -1  -1   123.81     0  4   0.0  0   0.0  0
       0.0         0.0         0.0         0.0
  26.10552    35.77854    89.101   51.94  63.44  0.4500E+12    7.19   1.55  -1  -1   123.81     0  4   0.0  0   0.0  0
       0.0         0.0         0.0         0.0
  25.72879    35.58511    81.050   51.94  63.44  0.4500E+12    6.27   1.55  -1  -1   123.81     0  4   0.0  0   0.0  0
       0.0         0.0         0.0         0.0
  25.77244    35.61285    81.050   51.94  63.44  0.4500E+12    5.00   1.55  -1  -1   123.81     0  4   0.0  0   0.0  0
       0.0         0.0         0.0         0.0
  25.81610    35.64059    81.050   51.94  63.44  0.4500E+12    5.58   1.55  -1  -1   136.35     4  4   0.0  0   0.0  0
       1.7         0.8         0.1         0.1
  25.85975    35.66834    81.050   51.94  63.44  0.4500E+12    4.21   1.55  -1  -1   132.27     6  4   0.0  0   0.0  0
       2.1         1.0         0.3         0.3
  25.90340    35.69608    81.050   51.94  63.44  0.4500E+12    3.27   1.55  -1  -1   159.03     3  4   0.0  0   0.0  0
       1.4         0.2         0.1         0.1
  25.94706    35.72383    81.050   51.94  63.44  0.4500E+12    6.88   1.55  -1  -1  -170.43     1  4   0.0  0   0.0  0
       0.1         0.1         0.1         0.3
  25.99071    35.75157    81.050   51.94  63.44  0.4500E+12    5.95   1.55  -1  -1  -161.91     1  4   0.0  0   0.0  0
       0.1         0.1         0.2         0.2
  26.03436    35.77931    81.050   51.94  63.44  0.4500E+12    5.00   1.55  -1  -1   123.81     0  4   0.0  0   0.0  0
       0.0         0.0         0.0         0.0
  26.07802    35.80706    81.050   51.94  63.44  0.4500E+12    6.27   1.55  -1  -1   123.81     0  4   0.0  0   0.0  0
       0.0         0.0         0.0         0.0
  25.70129    35.61362    73.000   51.94  63.44  0.4500E+12    5.71   1.55  -1  -1   123.81     0  4   0.0  0   0.0  0
       0.0         0.0         0.0         0.0
  25.74494    35.64137    73.000   51.94  63.44  0.4500E+12    4.29   1.55  -1  -1   123.81     0  4   0.0  0   0.0  0
       0.0         0.0         0.0         0.0
  25.78859    35.66911    73.000   51.94  63.44  0.4500E+12    3.36   1.55  -1  -1   164.71     3  4   0.0  0   0.0  0
       1.8         0.1         0.1         0.1
  25.83225    35.69686    73.000   51.94  63.44  0.4500E+12    1.67   1.55  -1  -1   129.79    22  4   0.0  0   0.0  0
      14.3         0.1         0.0         0.0
  25.78380    35.52806    97.151   51.94  63.44  0.4500E+12    7.19   1.55  -1  -1   123.81     0  4   0.0  0   0.0  0
       0.0         0.0         0.0         0.0
  25.91955    35.75235    73.000   51.94  63.44  0.4500E+12    2.25   1.55  -1  -1   159.15     8  4   0.0  0   0.0  0
       4.0         0.8         0.6         0.1
  25.96321    35.78009    73.000   51.94  63.44  0.4500E+12    6.78   1.55  -1  -1  -178.44     1  4   0.0  0   0.0  0
       0.6         0.1         0.1         0.1
  26.00686    35.80783    73.000   51.94  63.44  0.4500E+12    4.29   1.55  -1  -1   123.81     0  4   0.0  0   0.0  0
       0.0         0.0         0.0         0.0
  26.05051    35.83558    73.000   51.94  63.44  0.4500E+12    5.71   1.55  -1  -1   123.81     0  4   0.0  0   0.0  0
       0.0         0.0         0.0         0.0
  25.67378    35.64215    64.950   51.94  63.44  0.4500E+12    6.27   1.55  -1  -1   123.81     0  4   0.0  0   0.0  0
       0.0         0.0         0.0         0.0
  25.71744    35.66989    64.950   51.94  63.44  0.4500E+12    5.00   1.55  -1  -1   123.81     0  4   0.0  0   0.0  0
       0.0         0.0         0.0         0.0
  25.76109    35.69764    64.950   51.94  63.44  0.4500E+12    3.86   1.55  -1  -1   170.19     1  4   0.0  0   0.0  0
       0.2         0.1         0.1         0.1
  25.80474    35.72538    64.950   51.94  63.44  0.4500E+12    6.72   1.55  -1  -1   139.46     1  4   0.0  0   0.0  0
       0.3         0.1         0.1         0.1
  25.84840    35.75312    64.950   51.94  63.44  0.4500E+12    2.91   1.55  -1  -1   177.96    10  4   0.0  0   0.0  0
       6.2         0.1         0.1         0.1
  25.89205    35.78086    64.950   51.94  63.44  0.4500E+12    2.96   1.55  -1  -1  -165.36     3  4   0.0  0   0.0  0
       1.3         0.4         0.1         0.1
  25.93570    35.80861    64.950   51.94  63.44  0.4500E+12    5.03   1.55  -1  -1  -146.42     5  4   0.0  0   0.0  0
       0.1         0.3         1.1         1.6
  25.97936    35.83635    64.950   51.94  63.44  0.4500E+12    5.00   1.55  -1  -1   123.81     0  4   0.0  0   0.0  0
       0.0         0.0         0.0         0.0
  26.02301    35.86410    64.950   51.94  63.44  0.4500E+12    6.27   1.55  -1  -1   123.81     0  4   0.0  0   0.0  0
       0.0         0.0         0.0         0.0
