2.0
#
# http://equake-rc.info/static/paper/SRF-Description-Graves_2.0.pdf
# RECTANGULAR fault MODEL
#
# All subfaults are   4.0 km long along strike and
#   3.3 km wide along dip
#
# Model length along strike is   36.0 km
#
# Model width along dip is   16.5 km
#
# Corners of the rectangular dislocation model (lat, lon):
#     39.204    28.019 : corner 1
#     39.232    28.435 : corner 2
#     39.184    28.441 : corner 3
#     39.155    28.024 : corner 4
#
#
# Number of elementary sliprate
# isoceles triangular functions
# per subfault:   4
#
# Half duration of elementary sliprate
# isoceles triangular functions (s):   1.33
# Triangles are overlapping each other by half
#
# slip rate unit: cm/s
#
#
# Seismic moment is converted into slip
# using a single constant value for the
# shear modulus mu of  0.250E+12 dyne/cm2
# assumed to be constant and characteristic
# of the fault shear zone
#
#
#
# "rake" (degrees) is the slip angle (Aki"s convention,
# e.g. rake=+45 means left-lateral-reverse movement.
#
#
# ************************************************
# Total seismic moment M0=  0.132E+26 dyne.cm
# ************************************************
#
#
PLANE 1
  28.22700    39.21800    9    5    36.000    16.500
 85.00  71.00     0.279     0.000    11.550
POINTS   45
  28.23080    39.18390    11.200   85.00  71.00  0.1320E+12    0.00   1.33  -1  -1  -160.98    53  4   0.0  0   0.0  0
      32.7         6.9         0.1         0.1
  28.09304    39.16485    14.320   85.00  71.00  0.1320E+12    5.14   1.33  -1  -1  -130.61     1  4   0.0  0   0.0  0
       0.2         0.2         0.1         0.1
  28.13932    39.16798    14.320   85.00  71.00  0.1320E+12    3.37   1.33  -1  -1  -133.67     4  4   0.0  0   0.0  0
       2.5         0.1         0.0         0.1
  28.18561    39.17112    14.320   85.00  71.00  0.1320E+12    2.48   1.33  -1  -1  -148.57     2  4   0.0  0   0.0  0
       1.0         0.1         0.1         0.0
  28.23189    39.17426    14.320   85.00  71.00  0.1320E+12    0.99   1.33  -1  -1   178.45    38  4   0.0  0   0.0  0
      28.3         0.3         0.1         0.0
  28.27817    39.17740    14.320   85.00  71.00  0.1320E+12    1.54   1.33  -1  -1   170.87    26  4   0.0  0   0.0  0
      19.4         0.1         0.1         0.1
  28.32445    39.18054    14.320   85.00  71.00  0.1320E+12    4.30   1.33  -1  -1  -137.38     0  4   0.0  0   0.0  0
       0.1         0.1         0.1         0.1
  28.37074    39.18368    14.320   85.00  71.00  0.1320E+12    3.56   1.33  -1  -1   160.00     0  4   0.0  0   0.0  0
       0.0         0.0         0.0         0.0
  28.41702    39.18682    14.320   85.00  71.00  0.1320E+12    4.67   1.33  -1  -1   160.00     0  4   0.0  0   0.0  0
       0.0         0.0         0.0         0.0
  28.04567    39.17134    11.200   85.00  71.00  0.1320E+12    4.57   1.33  -1  -1   160.00     0  4   0.0  0   0.0  0
       0.0         0.0         0.0         0.0
  28.09195    39.17448    11.200   85.00  71.00  0.1320E+12    3.93   1.33  -1  -1  -161.68     1  4   0.0  0   0.0  0
       0.1         0.2         0.1         0.1
  28.13824    39.17762    11.200   85.00  71.00  0.1320E+12    2.49   1.33  -1  -1  -145.89    19  4   0.0  0   0.0  0
      13.8         0.1         0.1         0.1
  28.18452    39.18076    11.200   85.00  71.00  0.1320E+12    1.15   1.33  -1  -1  -137.76    44  4   0.0  0   0.0  0
      32.8         0.3         0.0         0.1
  28.04676    39.16171    14.320   85.00  71.00  0.1320E+12    4.67   1.33  -1  -1   160.00     0  4   0.0  0   0.0  0
       0.0         0.0         0.0         0.0
  28.27708    39.18704    11.200   85.00  71.00  0.1320E+12    1.18   1.33  -1  -1   177.87    35  4   0.0  0   0.0  0
      26.2         0.3         0.0         0.1
  28.32337    39.19018    11.200   85.00  71.00  0.1320E+12    4.27   1.33  -1  -1  -134.82     0  4   0.0  0   0.0  0
       0.1         0.1         0.1         0.0
  28.36965    39.19331    11.200   85.00  71.00  0.1320E+12    3.43   1.33  -1  -1   160.00     0  4   0.0  0   0.0  0
       0.0         0.0         0.0         0.0
  28.41593    39.19645    11.200   85.00  71.00  0.1320E+12    4.57   1.33  -1  -1   160.00     0  4   0.0  0   0.0  0
       0.0         0.0         0.0         0.0
  28.04458    39.18098     8.080   85.00  71.00  0.1320E+12    4.67   1.33  -1  -1   160.00     0  4   0.0  0   0.0  0
       0.0         0.0         0.0         0.0
  28.09086    39.18412     8.080   85.00  71.00  0.1320E+12    3.71   1.33  -1  -1  -163.27     3  4   0.0  0   0.0  0
       1.6         0.1         0.1         0.1
  28.13715    39.18726     8.080   85.00  71.00  0.1320E+12    2.50   1.33  -1  -1  -160.70    19  4   0.0  0   0.0  0
      14.0         0.1         0.1         0.1
  28.18343    39.19040     8.080   85.00  71.00  0.1320E+12    1.55   1.33  -1  -1  -136.83    44  4   0.0  0   0.0  0
      32.8         0.2         0.1         0.1
  28.22971    39.19353     8.080   85.00  71.00  0.1320E+12    0.98   1.33  -1  -1  -161.74    51  4   0.0  0   0.0  0
      32.9         5.4         0.1         0.0
  28.27600    39.19667     8.080   85.00  71.00  0.1320E+12    1.70   1.33  -1  -1  -140.45     9  4   0.0  0   0.0  0
       6.7         0.1         0.1         0.2
  28.32228    39.19981     8.080   85.00  71.00  0.1320E+12    3.32   1.33  -1  -1  -121.15     1  4   0.0  0   0.0  0
       0.0         0.1         0.2         0.1
  28.36856    39.20295     8.080   85.00  71.00  0.1320E+12    3.56   1.33  -1  -1   160.00     0  4   0.0  0   0.0  0
       0.0         0.0         0.0         0.0
  28.41484    39.20609     8.080   85.00  71.00  0.1320E+12    4.67   1.33  -1  -1   160.00     0  4   0.0  0   0.0  0
       0.0         0.0         0.0         0.0
  28.04349    39.19062     4.960   85.00  71.00  0.1320E+12    4.95   1.33  -1  -1   160.00     0  4   0.0  0   0.0  0
       0.0         0.0         0.0         0.0
  28.08978    39.19376     4.960   85.00  71.00  0.1320E+12    5.62   1.33  -1  -1  -154.83     1  4   0.0  0   0.0  0
       0.2         0.1         0.1         0.1
  28.13606    39.19689     4.960   85.00  71.00  0.1320E+12    5.05   1.33  -1  -1  -132.90     0  4   0.0  0   0.0  0
       0.0         0.0         0.0         0.1
  28.18234    39.20003     4.960   85.00  71.00  0.1320E+12    2.48   1.33  -1  -1  -135.63     7  4   0.0  0   0.0  0
       5.4         0.1         0.1         0.1
  28.22863    39.20317     4.960   85.00  71.00  0.1320E+12    1.91   1.33  -1  -1  -151.28    20  4   0.0  0   0.0  0
      15.0         0.1         0.1         0.1
  28.27491    39.20631     4.960   85.00  71.00  0.1320E+12    3.91   1.33  -1  -1  -141.20     0  4   0.0  0   0.0  0
       0.1         0.1         0.1         0.1
  28.32119    39.20945     4.960   85.00  71.00  0.1320E+12    5.42   1.33  -1  -1  -154.38     2  4   0.0  0   0.0  0
       0.1         0.6         0.1         0.8
  28.36747    39.21259     4.960   85.00  71.00  0.1320E+12    3.91   1.33  -1  -1   160.00     0  4   0.0  0   0.0  0
       0.0         0.0         0.0         0.0
  28.41376    39.21572     4.960   85.00  71.00  0.1320E+12    4.95   1.33  -1  -1   160.00     0  4   0.0  0   0.0  0
       0.0         0.0         0.0         0.0
  28.04241    39.20025     1.839   85.00  71.00  0.1320E+12    5.38   1.33  -1  -1   160.00     0  4   0.0  0   0.0  0
       0.0         0.0         0.0         0.0
  28.08869    39.20339     1.839   85.00  71.00  0.1320E+12    4.64   1.33  -1  -1  -179.10     5  4   0.0  0   0.0  0
       3.2         0.3         0.1         0.1
  28.13497    39.20653     1.839   85.00  71.00  0.1320E+12    5.35   1.33  -1  -1  -139.45     0  4   0.0  0   0.0  0
       0.1         0.1         0.0         0.1
  28.18126    39.20967     1.839   85.00  71.00  0.1320E+12    5.29   1.33  -1  -1  -146.58     5  4   0.0  0   0.0  0
       0.2         0.0         0.1         3.6
  28.22754    39.21281     1.839   85.00  71.00  0.1320E+12    5.25   1.33  -1  -1  -164.09     8  4   0.0  0   0.0  0
       0.1         0.1         0.0         6.0
  28.27382    39.21595     1.839   85.00  71.00  0.1320E+12    5.00   1.33  -1  -1  -150.58     1  4   0.0  0   0.0  0
       0.1         0.1         0.1         0.1
  28.32010    39.21908     1.839   85.00  71.00  0.1320E+12    4.16   1.33  -1  -1  -141.07     1  4   0.0  0   0.0  0
       0.6         0.1         0.1         0.1
  28.36639    39.22222     1.839   85.00  71.00  0.1320E+12    4.44   1.33  -1  -1   160.00     0  4   0.0  0   0.0  0
       0.0         0.0         0.0         0.0
  28.41267    39.22536     1.839   85.00  71.00  0.1320E+12    5.38   1.33  -1  -1   160.00     0  4   0.0  0   0.0  0
       0.0         0.0         0.0         0.0
